timestamp,year,month,day,hour,province,location,lat,lon,aqi,pollution_level,pollution_class,temp,humidity,rain,wind_speed,wind_dir,pressure,cloud,pm2_5,pm10,co,no2,o3,so2
2026-01-14 20:00:00,2026,1,14,20,Thanh Hóa,Xã Xuân Chinh,19.7941161,105.2068756,130,Unhealthy for Sensitive Groups,2,18.6,93,0.0,0.2,270,1006.5,30,43.4,44.9,311.0,11.7,103.0,8.0
2026-01-14 21:00:00,2026,1,14,21,Thanh Hóa,Xã Xuân Chinh,19.7941161,105.2068756,129,Unhealthy for Sensitive Groups,2,18.3,94,0.0,0.4,270,1007.2,32,48.1,49.7,305.0,13.5,97.0,9.1
2026-01-14 22:00:00,2026,1,14,22,Thanh Hóa,Xã Xuân Chinh,19.7941161,105.2068756,128,Unhealthy for Sensitive Groups,2,18.4,94,0.0,0.4,270,1008.0,33,51.7,53.3,300.0,14.8,89.0,9.4
2026-01-14 23:00:00,2026,1,14,23,Thanh Hóa,Xã Xuân Chinh,19.7941161,105.2068756,128,Unhealthy for Sensitive Groups,2,18.4,94,0.0,0.6,252,1008.0,22,53.6,54.9,299.0,15.1,77.0,8.2
2026-01-15 00:00:00,2026,1,15,0,Thanh Hóa,Xã Xuân Chinh,19.7941161,105.2068756,127,Unhealthy for Sensitive Groups,2,18.3,93,0.1,0.2,270,1008.1,31,54.4,55.6,299.0,14.8,62.0,6.1
2026-01-15 01:00:00,2026,1,15,1,Thanh Hóa,Xã Xuân Chinh,19.7941161,105.2068756,127,Unhealthy for Sensitive Groups,2,18.2,94,0.1,0.0,270,1007.8,95,55.1,56.0,299.0,14.2,52.0,4.5
2026-01-15 02:00:00,2026,1,15,2,Thanh Hóa,Xã Xuân Chinh,19.7941161,105.2068756,126,Unhealthy for Sensitive Groups,2,18.0,95,0.0,0.4,243,1007.3,100,53.7,54.5,295.0,13.2,49.0,3.8
2026-01-15 03:00:00,2026,1,15,3,Thanh Hóa,Xã Xuân Chinh,19.7941161,105.2068756,126,Unhealthy for Sensitive Groups,2,18.0,97,0.0,0.5,315,1007.1,100,52.2,53.0,290.0,11.8,49.0,3.4
2026-01-15 04:00:00,2026,1,15,4,Thanh Hóa,Xã Xuân Chinh,19.7941161,105.2068756,126,Unhealthy for Sensitive Groups,2,18.0,98,0.0,1.8,24,1007.1,100,45.6,46.6,293.0,10.7,50.0,3.2
2026-01-15 05:00:00,2026,1,15,5,Thanh Hóa,Xã Xuân Chinh,19.7941161,105.2068756,125,Unhealthy for Sensitive Groups,2,17.9,99,0.0,1.6,63,1007.1,100,44.9,45.8,311.0,10.2,49.0,3.0
2026-01-15 06:00:00,2026,1,15,6,Thanh Hóa,Xã Xuân Chinh,19.7941161,105.2068756,124,Unhealthy for Sensitive Groups,2,18.0,100,0.0,1.4,67,1007.7,100,43.0,43.8,335.0,10.0,48.0,2.8
2026-01-15 07:00:00,2026,1,15,7,Thanh Hóa,Xã Xuân Chinh,19.7941161,105.2068756,124,Unhealthy for Sensitive Groups,2,18.1,99,0.0,2.4,17,1008.0,100,40.0,40.9,351.0,9.4,47.0,2.8
2026-01-15 08:00:00,2026,1,15,8,Thanh Hóa,Xã Xuân Chinh,19.7941161,105.2068756,122,Unhealthy for Sensitive Groups,2,18.5,98,0.0,2.3,45,1008.8,100,38.6,39.5,350.0,8.1,62.0,3.0
2026-01-15 09:00:00,2026,1,15,9,Thanh Hóa,Xã Xuân Chinh,19.7941161,105.2068756,120,Unhealthy for Sensitive Groups,2,19.1,95,0.0,1.9,61,1009.2,100,32.2,34.0,339.0,6.3,82.0,3.3
2026-01-15 10:00:00,2026,1,15,10,Thanh Hóa,Xã Xuân Chinh,19.7941161,105.2068756,117,Unhealthy for Sensitive Groups,2,20.2,90,0.0,2.7,82,1009.2,100,29.2,31.2,329.0,4.9,97.0,3.4
2026-01-15 11:00:00,2026,1,15,11,Thanh Hóa,Xã Xuân Chinh,19.7941161,105.2068756,116,Unhealthy for Sensitive Groups,2,21.2,85,0.0,2.8,105,1008.4,100,26.8,28.8,319.0,4.3,103.0,3.1
2026-01-15 12:00:00,2026,1,15,12,Thanh Hóa,Xã Xuân Chinh,19.7941161,105.2068756,115,Unhealthy for Sensitive Groups,2,23.2,73,0.0,4.3,138,1007.0,100,28.4,30.2,308.0,4.1,103.0,2.5
2026-01-15 13:00:00,2026,1,15,13,Thanh Hóa,Xã Xuân Chinh,19.7941161,105.2068756,114,Unhealthy for Sensitive Groups,2,23.4,71,0.1,4.5,133,1005.8,100,34.0,35.7,305.0,4.1,104.0,2.2
2026-01-15 14:00:00,2026,1,15,14,Thanh Hóa,Xã Xuân Chinh,19.7941161,105.2068756,114,Unhealthy for Sensitive Groups,2,23.9,69,0.1,4.6,154,1004.8,100,36.1,37.6,314.0,4.0,107.0,2.2
2026-01-15 15:00:00,2026,1,15,15,Thanh Hóa,Xã Xuân Chinh,19.7941161,105.2068756,114,Unhealthy for Sensitive Groups,2,24.0,68,0.0,3.6,147,1004.0,100,38.4,39.9,330.0,4.2,109.0,2.5
2026-01-15 16:00:00,2026,1,15,16,Thanh Hóa,Xã Xuân Chinh,19.7941161,105.2068756,114,Unhealthy for Sensitive Groups,2,23.7,70,0.0,4.0,98,1003.8,95,38.1,39.3,347.0,5.1,109.0,3.0
2026-01-15 17:00:00,2026,1,15,17,Thanh Hóa,Xã Xuân Chinh,19.7941161,105.2068756,114,Unhealthy for Sensitive Groups,2,22.8,76,0.0,6.0,80,1003.7,84,41.1,42.3,366.0,7.4,103.0,3.9
2026-01-15 18:00:00,2026,1,15,18,Thanh Hóa,Xã Xuân Chinh,19.7941161,105.2068756,115,Unhealthy for Sensitive Groups,2,20.2,91,0.1,5.2,104,1004.0,55,45.3,46.4,387.0,10.4,94.0,5.0
2026-01-15 19:00:00,2026,1,15,19,Thanh Hóa,Xã Xuân Chinh,19.7941161,105.2068756,117,Unhealthy for Sensitive Groups,2,19.2,95,0.0,2.8,117,1004.6,52,61.2,62.9,400.0,15.2,91.0,6.9
2026-01-15 20:00:00,2026,1,15,20,Thanh Hóa,Xã Xuân Chinh,19.7941161,105.2068756,119,Unhealthy for Sensitive Groups,2,19.0,98,0.0,0.7,180,1005.1,100,65.7,67.5,403.0,16.2,86.0,7.0
2026-01-15 21:00:00,2026,1,15,21,Thanh Hóa,Xã Xuân Chinh,19.7941161,105.2068756,121,Unhealthy for Sensitive Groups,2,19.2,99,0.0,2.2,194,1005.2,100,68.0,69.8,397.0,17.5,80.0,7.0
2026-01-15 22:00:00,2026,1,15,22,Thanh Hóa,Xã Xuân Chinh,19.7941161,105.2068756,123,Unhealthy for Sensitive Groups,2,19.2,100,0.0,4.1,167,1005.3,100,75.2,77.1,384.0,18.3,73.0,6.9
2026-01-15 23:00:00,2026,1,15,23,Thanh Hóa,Xã Xuân Chinh,19.7941161,105.2068756,126,Unhealthy for Sensitive Groups,2,19.2,100,0.0,4.5,173,1005.1,100,80.8,82.7,355.0,18.3,65.0,6.4
2026-01-16 00:00:00,2026,1,16,0,Thanh Hóa,Xã Xuân Chinh,19.7941161,105.2068756,129,Unhealthy for Sensitive Groups,2,19.1,99,0.0,4.8,193,1004.8,100,84.8,86.6,319.0,17.8,57.0,5.6
2026-01-16 01:00:00,2026,1,16,1,Thanh Hóa,Xã Xuân Chinh,19.7941161,105.2068756,132,Unhealthy for Sensitive Groups,2,19.1,98,0.0,4.5,209,1004.7,100,85.7,87.3,294.0,17.0,51.0,5.0
2026-01-16 02:00:00,2026,1,16,2,Thanh Hóa,Xã Xuân Chinh,19.7941161,105.2068756,135,Unhealthy for Sensitive Groups,2,18.8,98,0.0,4.4,215,1003.9,30,86.1,87.8,290.0,15.8,49.0,4.6
2026-01-16 03:00:00,2026,1,16,3,Thanh Hóa,Xã Xuân Chinh,19.7941161,105.2068756,138,Unhealthy for Sensitive Groups,2,18.4,99,0.0,4.4,207,1003.5,43,84.3,85.9,299.0,14.4,48.0,4.3
2026-01-16 04:00:00,2026,1,16,4,Thanh Hóa,Xã Xuân Chinh,19.7941161,105.2068756,142,Unhealthy for Sensitive Groups,2,18.0,99,0.0,4.2,223,1003.4,84,82.2,83.6,315.0,13.3,48.0,4.1
2026-01-16 05:00:00,2026,1,16,5,Thanh Hóa,Xã Xuân Chinh,19.7941161,105.2068756,146,Unhealthy for Sensitive Groups,2,17.6,99,0.0,4.3,242,1003.6,97,81.0,82.4,346.0,13.1,45.0,3.9
2026-01-16 06:00:00,2026,1,16,6,Thanh Hóa,Xã Xuân Chinh,19.7941161,105.2068756,149,Unhealthy for Sensitive Groups,2,18.3,98,0.0,4.6,234,1003.9,100,79.4,80.6,385.0,13.2,43.0,3.8
2026-01-16 07:00:00,2026,1,16,7,Thanh Hóa,Xã Xuân Chinh,19.7941161,105.2068756,151,Unhealthy,3,18.9,96,0.0,4.8,241,1004.4,99,77.8,78.7,402.0,14.1,43.0,3.3
2026-01-16 08:00:00,2026,1,16,8,Thanh Hóa,Xã Xuân Chinh,19.7941161,105.2068756,152,Unhealthy,3,20.0,91,0.0,3.0,232,1004.9,100,56.7,57.3,376.0,10.4,62.0,2.7
2026-01-16 09:00:00,2026,1,16,9,Thanh Hóa,Xã Xuân Chinh,19.7941161,105.2068756,152,Unhealthy,3,21.5,83,0.0,4.9,204,1005.9,100,31.1,31.7,328.0,5.4,89.0,1.9
2026-01-16 10:00:00,2026,1,16,10,Thanh Hóa,Xã Xuân Chinh,19.7941161,105.2068756,152,Unhealthy,3,22.4,79,0.1,6.2,188,1005.6,100,26.7,27.4,295.0,1.7,111.0,1.4
2026-01-16 11:00:00,2026,1,16,11,Thanh Hóa,Xã Xuân Chinh,19.7941161,105.2068756,152,Unhealthy,3,24.3,69,0.0,5.4,186,1004.9,88,26.8,27.5,292.0,0.8,121.0,1.4
2026-01-16 12:00:00,2026,1,16,12,Thanh Hóa,Xã Xuân Chinh,19.7941161,105.2068756,152,Unhealthy,3,25.8,61,0.0,5.4,172,1003.5,38,28.3,28.9,304.0,1.3,126.0,1.7
2026-01-16 13:00:00,2026,1,16,13,Thanh Hóa,Xã Xuân Chinh,19.7941161,105.2068756,152,Unhealthy,3,27.1,56,0.0,4.7,173,1002.2,48,31.0,31.5,321.0,2.0,130.0,2.0
2026-01-16 14:00:00,2026,1,16,14,Thanh Hóa,Xã Xuân Chinh,19.7941161,105.2068756,152,Unhealthy,3,27.8,53,0.0,7.2,158,1000.8,45,34.9,35.5,345.0,2.3,138.0,2.3
2026-01-16 15:00:00,2026,1,16,15,Thanh Hóa,Xã Xuân Chinh,19.7941161,105.2068756,152,Unhealthy,3,26.8,61,0.0,10.5,129,1000.1,20,38.8,39.3,374.0,2.8,146.0,2.8
2026-01-16 16:00:00,2026,1,16,16,Thanh Hóa,Xã Xuân Chinh,19.7941161,105.2068756,152,Unhealthy,3,25.9,65,0.0,8.0,126,1000.1,8,41.9,42.5,397.0,4.0,146.0,3.3
2026-01-16 17:00:00,2026,1,16,17,Thanh Hóa,Xã Xuân Chinh,19.7941161,105.2068756,152,Unhealthy,3,24.8,72,0.0,5.2,102,1000.3,20,42.6,43.3,411.0,6.4,133.0,4.1
2026-01-16 18:00:00,2026,1,16,18,Thanh Hóa,Xã Xuân Chinh,19.7941161,105.2068756,152,Unhealthy,3,21.8,85,0.0,5.2,112,1001.2,16,44.5,45.1,419.0,9.5,114.0,5.0
2026-01-16 19:00:00,2026,1,16,19,Thanh Hóa,Xã Xuân Chinh,19.7941161,105.2068756,152,Unhealthy,3,20.8,93,0.0,3.5,152,1002.0,8,35.2,35.9,416.0,11.0,96.0,5.4
2026-01-16 20:00:00,2026,1,16,20,Thanh Hóa,Xã Xuân Chinh,19.7941161,105.2068756,151,Unhealthy,3,20.1,95,0.0,4.0,177,1003.0,5,36.3,37.4,393.0,12.1,91.0,5.6
2026-01-16 21:00:00,2026,1,16,21,Thanh Hóa,Xã Xuân Chinh,19.7941161,105.2068756,151,Unhealthy,3,19.5,96,0.0,2.3,212,1003.4,12,38.6,40.0,360.0,13.7,85.0,5.9
2026-01-16 22:00:00,2026,1,16,22,Thanh Hóa,Xã Xuân Chinh,19.7941161,105.2068756,150,Unhealthy for Sensitive Groups,2,19.5,96,0.0,2.3,231,1003.4,13,47.0,48.7,335.0,14.7,78.0,5.8
2026-01-16 23:00:00,2026,1,16,23,Thanh Hóa,Xã Xuân Chinh,19.7941161,105.2068756,147,Unhealthy for Sensitive Groups,2,19.2,96,0.0,2.3,238,1003.1,16,54.6,55.9,330.0,14.8,71.0,5.0
2026-01-17 00:00:00,2026,1,17,0,Thanh Hóa,Xã Xuân Chinh,19.7941161,105.2068756,144,Unhealthy for Sensitive Groups,2,19.1,96,0.0,1.5,249,1003.0,21,58.3,59.4,334.0,14.3,64.0,3.9
2026-01-17 01:00:00,2026,1,17,1,Thanh Hóa,Xã Xuân Chinh,19.7941161,105.2068756,141,Unhealthy for Sensitive Groups,2,18.7,98,0.0,1.9,236,1003.0,16,55.5,56.7,337.0,13.3,59.0,2.9
2026-01-17 02:00:00,2026,1,17,2,Thanh Hóa,Xã Xuân Chinh,19.7941161,105.2068756,138,Unhealthy for Sensitive Groups,2,18.8,98,0.0,0.4,270,1002.5,38,50.4,51.5,332.0,11.6,59.0,2.2
2026-01-17 03:00:00,2026,1,17,3,Thanh Hóa,Xã Xuân Chinh,19.7941161,105.2068756,135,Unhealthy for Sensitive Groups,2,18.9,98,0.0,0.8,243,1002.2,100,48.4,49.4,325.0,9.4,62.0,1.6
2026-01-17 04:00:00,2026,1,17,4,Thanh Hóa,Xã Xuân Chinh,19.7941161,105.2068756,131,Unhealthy for Sensitive Groups,2,18.9,98,0.0,1.8,204,1002.2,100,43.5,44.4,324.0,7.6,65.0,1.3
2026-01-17 05:00:00,2026,1,17,5,Thanh Hóa,Xã Xuân Chinh,19.7941161,105.2068756,127,Unhealthy for Sensitive Groups,2,19.3,97,0.0,0.6,288,1002.5,100,35.2,35.9,340.0,6.6,68.0,1.3
2026-01-17 06:00:00,2026,1,17,6,Thanh Hóa,Xã Xuân Chinh,19.7941161,105.2068756,122,Unhealthy for Sensitive Groups,2,19.6,97,0.0,0.3,315,1002.8,100,28.9,29.6,362.0,6.0,72.0,1.6
2026-01-17 07:00:00,2026,1,17,7,Thanh Hóa,Xã Xuân Chinh,19.7941161,105.2068756,117,Unhealthy for Sensitive Groups,2,19.4,98,0.0,1.1,279,1003.0,100,37.8,38.3,364.0,8.2,62.0,1.4
2026-01-17 08:00:00,2026,1,17,8,Thanh Hóa,Xã Xuân Chinh,19.7941161,105.2068756,113,Unhealthy for Sensitive Groups,2,20.5,94,0.0,0.9,53,1004.3,100,32.1,32.9,326.0,7.1,70.0,1.6
2026-01-17 09:00:00,2026,1,17,9,Thanh Hóa,Xã Xuân Chinh,19.7941161,105.2068756,110,Unhealthy for Sensitive Groups,2,21.1,91,0.1,1.0,59,1005.2,100,29.5,30.5,268.0,5.6,80.0,1.8
2026-01-17 10:00:00,2026,1,17,10,Thanh Hóa,Xã Xuân Chinh,19.7941161,105.2068756,110,Unhealthy for Sensitive Groups,2,21.5,91,0.2,1.5,60,1005.1,100,25.4,26.9,227.0,4.5,90.0,2.0
2026-01-17 11:00:00,2026,1,17,11,Thanh Hóa,Xã Xuân Chinh,19.7941161,105.2068756,110,Unhealthy for Sensitive Groups,2,21.8,92,0.7,3.6,93,1004.7,100,26.4,28.0,219.0,4.0,97.0,2.0
2026-01-17 12:00:00,2026,1,17,12,Thanh Hóa,Xã Xuân Chinh,19.7941161,105.2068756,110,Unhealthy for Sensitive Groups,2,23.2,84,0.4,4.8,115,1003.4,100,26.0,27.4,226.0,3.9,103.0,1.9
2026-01-17 13:00:00,2026,1,17,13,Thanh Hóa,Xã Xuân Chinh,19.7941161,105.2068756,109,Unhealthy for Sensitive Groups,2,24.9,72,0.2,3.7,104,1002.3,33,28.3,29.5,236.0,4.1,107.0,1.9
2026-01-17 14:00:00,2026,1,17,14,Thanh Hóa,Xã Xuân Chinh,19.7941161,105.2068756,109,Unhealthy for Sensitive Groups,2,25.3,70,0.0,4.3,85,1001.2,100,29.6,30.6,242.0,4.3,110.0,2.1
2026-01-17 15:00:00,2026,1,17,15,Thanh Hóa,Xã Xuân Chinh,19.7941161,105.2068756,109,Unhealthy for Sensitive Groups,2,25.3,71,0.1,6.0,74,1000.3,100,32.1,33.3,250.0,4.8,112.0,2.3
2026-01-17 16:00:00,2026,1,17,16,Thanh Hóa,Xã Xuân Chinh,19.7941161,105.2068756,108,Unhealthy for Sensitive Groups,2,23.1,84,0.5,6.4,117,1000.5,59,32.5,33.6,261.0,5.9,110.0,2.8
2026-01-17 17:00:00,2026,1,17,17,Thanh Hóa,Xã Xuân Chinh,19.7941161,105.2068756,107,Unhealthy for Sensitive Groups,2,22.2,88,0.1,4.1,135,1000.8,50,32.7,34.0,281.0,8.2,102.0,3.5
2026-01-17 18:00:00,2026,1,17,18,Thanh Hóa,Xã Xuân Chinh,19.7941161,105.2068756,106,Unhealthy for Sensitive Groups,2,20.9,95,0.0,1.9,151,1001.5,48,34.6,35.9,304.0,11.1,90.0,4.4
2026-01-17 19:00:00,2026,1,17,19,Thanh Hóa,Xã Xuân Chinh,19.7941161,105.2068756,105,Unhealthy for Sensitive Groups,2,20.2,95,0.0,0.8,117,1002.0,80,28.7,29.9,314.0,14.5,69.0,5.4
2026-01-17 20:00:00,2026,1,17,20,Thanh Hóa,Xã Xuân Chinh,19.7941161,105.2068756,104,Unhealthy for Sensitive Groups,2,20.4,97,0.0,1.6,186,1002.4,100,29.5,31.4,299.0,15.1,65.0,5.6
2026-01-17 21:00:00,2026,1,17,21,Thanh Hóa,Xã Xuân Chinh,19.7941161,105.2068756,104,Unhealthy for Sensitive Groups,2,20.7,96,0.2,2.0,135,1002.8,100,29.5,32.6,272.0,15.7,59.0,5.9
2026-01-17 22:00:00,2026,1,17,22,Thanh Hóa,Xã Xuân Chinh,19.7941161,105.2068756,103,Unhealthy for Sensitive Groups,2,20.5,98,0.2,4.1,151,1002.8,100,28.7,32.1,252.0,15.8,55.0,5.9
2026-01-17 23:00:00,2026,1,17,23,Thanh Hóa,Xã Xuân Chinh,19.7941161,105.2068756,101,Unhealthy for Sensitive Groups,2,20.3,100,0.2,4.3,152,1002.8,100,27.4,30.0,249.0,14.4,55.0,5.2
2026-01-18 00:00:00,2026,1,18,0,Thanh Hóa,Xã Xuân Chinh,19.7941161,105.2068756,98,Moderate,1,20.4,100,0.1,4.2,168,1002.6,100,25.1,27.7,254.0,12.3,57.0,4.2
2026-01-18 01:00:00,2026,1,18,1,Thanh Hóa,Xã Xuân Chinh,19.7941161,105.2068756,95,Moderate,1,20.3,100,0.1,3.9,202,1002.4,100,27.0,29.6,259.0,11.3,56.0,3.5
2026-01-18 02:00:00,2026,1,18,2,Thanh Hóa,Xã Xuân Chinh,19.7941161,105.2068756,93,Moderate,1,20.2,99,0.0,4.5,196,1001.9,72,30.5,33.2,263.0,12.5,50.0,3.6
2026-01-18 03:00:00,2026,1,18,3,Thanh Hóa,Xã Xuân Chinh,19.7941161,105.2068756,91,Moderate,1,20.1,100,0.0,2.9,180,1001.7,100,34.0,36.7,269.0,14.8,42.0,4.0
2026-01-18 04:00:00,2026,1,18,4,Thanh Hóa,Xã Xuân Chinh,19.7941161,105.2068756,90,Moderate,1,20.0,99,0.0,2.2,171,1001.5,98,37.3,40.3,274.0,16.0,38.0,4.3
2026-01-18 05:00:00,2026,1,18,5,Thanh Hóa,Xã Xuân Chinh,19.7941161,105.2068756,89,Moderate,1,19.7,99,0.0,3.6,186,1001.6,48,42.5,45.2,281.0,15.4,39.0,4.3
2026-01-18 06:00:00,2026,1,18,6,Thanh Hóa,Xã Xuân Chinh,19.7941161,105.2068756,90,Moderate,1,19.3,99,0.0,3.9,214,1002.1,55,46.1,48.9,288.0,13.8,43.0,4.1
2026-01-18 07:00:00,2026,1,18,7,Thanh Hóa,Xã Xuân Chinh,19.7941161,105.2068756,91,Moderate,1,19.8,99,0.0,4.1,247,1002.9,77,36.0,37.3,290.0,15.0,37.0,3.9
2026-01-18 08:00:00,2026,1,18,8,Thanh Hóa,Xã Xuân Chinh,19.7941161,105.2068756,91,Moderate,1,20.8,99,0.0,3.4,245,1003.5,49,19.4,20.6,281.0,11.4,53.0,3.2
2026-01-18 09:00:00,2026,1,18,9,Thanh Hóa,Xã Xuân Chinh,19.7941161,105.2068756,90,Moderate,1,22.1,90,0.1,3.7,215,1004.1,38,16.4,17.2,266.0,6.4,75.0,2.3
2026-01-18 10:00:00,2026,1,18,10,Thanh Hóa,Xã Xuân Chinh,19.7941161,105.2068756,89,Moderate,1,23.8,79,0.3,4.1,203,1004.3,29,15.0,15.7,254.0,2.7,93.0,1.6
2026-01-18 11:00:00,2026,1,18,11,Thanh Hóa,Xã Xuân Chinh,19.7941161,105.2068756,88,Moderate,1,25.3,67,0.2,4.0,216,1003.6,38,15.2,15.7,247.0,1.6,103.0,1.4
2026-01-18 12:00:00,2026,1,18,12,Thanh Hóa,Xã Xuân Chinh,19.7941161,105.2068756,87,Moderate,1,26.4,62,0.1,2.6,214,1002.4,31,16.2,16.7,242.0,1.8,110.0,1.4
2026-01-18 13:00:00,2026,1,18,13,Thanh Hóa,Xã Xuân Chinh,19.7941161,105.2068756,86,Moderate,1,27.2,57,0.1,1.5,126,1001.2,30,19.0,19.6,244.0,2.2,115.0,1.6
2026-01-18 14:00:00,2026,1,18,14,Thanh Hóa,Xã Xuân Chinh,19.7941161,105.2068756,85,Moderate,1,27.7,55,0.0,4.3,118,1000.1,35,21.3,21.9,259.0,2.5,120.0,2.0
2026-01-18 15:00:00,2026,1,18,15,Thanh Hóa,Xã Xuân Chinh,19.7941161,105.2068756,84,Moderate,1,27.4,58,0.0,7.7,108,999.4,36,23.9,24.4,280.0,3.0,123.0,2.5
2026-01-18 16:00:00,2026,1,18,16,Thanh Hóa,Xã Xuân Chinh,19.7941161,105.2068756,84,Moderate,1,26.0,64,0.0,10.2,98,999.5,24,25.3,26.0,294.0,4.0,122.0,3.1
2026-01-18 17:00:00,2026,1,18,17,Thanh Hóa,Xã Xuân Chinh,19.7941161,105.2068756,83,Moderate,1,23.4,82,0.0,9.5,100,1000.3,97,25.3,26.1,293.0,5.8,112.0,3.7
2026-01-18 18:00:00,2026,1,18,18,Thanh Hóa,Xã Xuân Chinh,19.7941161,105.2068756,82,Moderate,1,21.3,93,0.0,2.7,118,1001.0,70,23.5,24.2,284.0,8.0,97.0,4.3
2026-01-18 19:00:00,2026,1,18,19,Thanh Hóa,Xã Xuân Chinh,19.7941161,105.2068756,81,Moderate,1,21.4,95,0.0,4.0,144,1001.4,100,26.3,27.6,278.0,9.1,80.0,4.4
2026-01-18 20:00:00,2026,1,18,20,Thanh Hóa,Xã Xuân Chinh,19.7941161,105.2068756,81,Moderate,1,20.9,97,0.0,6.3,182,1002.1,70,28.6,30.2,282.0,10.0,76.0,4.2
2026-01-18 21:00:00,2026,1,18,21,Thanh Hóa,Xã Xuân Chinh,19.7941161,105.2068756,81,Moderate,1,20.1,98,0.0,5.1,207,1002.6,50,32.9,34.6,289.0,11.3,71.0,3.9
2026-01-18 22:00:00,2026,1,18,22,Thanh Hóa,Xã Xuân Chinh,19.7941161,105.2068756,81,Moderate,1,19.8,97,0.0,5.5,226,1003.1,67,35.2,37.0,290.0,12.0,66.0,3.5
2026-01-18 23:00:00,2026,1,18,23,Thanh Hóa,Xã Xuân Chinh,19.7941161,105.2068756,82,Moderate,1,19.2,98,0.0,5.7,233,1002.9,55,37.4,39.3,278.0,11.8,63.0,3.0
2026-01-19 00:00:00,2026,1,19,0,Thanh Hóa,Xã Xuân Chinh,19.7941161,105.2068756,83,Moderate,1,18.9,98,0.0,5.4,233,1002.5,55,37.3,39.2,260.0,11.1,61.0,2.5
2026-01-19 01:00:00,2026,1,19,1,Thanh Hóa,Xã Xuân Chinh,19.7941161,105.2068756,84,Moderate,1,18.7,99,0.0,5.7,233,1002.2,56,37.7,39.7,249.0,10.3,59.0,2.0
2026-01-19 02:00:00,2026,1,19,2,Thanh Hóa,Xã Xuân Chinh,19.7941161,105.2068756,85,Moderate,1,18.5,99,0.0,5.6,243,1001.5,9,37.3,39.1,248.0,9.5,57.0,1.6
2026-01-19 03:00:00,2026,1,19,3,Thanh Hóa,Xã Xuân Chinh,19.7941161,105.2068756,86,Moderate,1,18.2,100,0.0,5.0,249,1001.2,11,36.7,38.3,253.0,8.6,54.0,1.2
2026-01-19 04:00:00,2026,1,19,4,Thanh Hóa,Xã Xuân Chinh,19.7941161,105.2068756,86,Moderate,1,18.0,100,0.0,4.7,252,1001.1,100,35.9,37.3,265.0,7.9,53.0,0.9
2026-01-19 05:00:00,2026,1,19,5,Thanh Hóa,Xã Xuân Chinh,19.7941161,105.2068756,86,Moderate,1,18.2,100,0.0,4.5,254,1001.2,99,35.0,36.3,292.0,7.7,52.0,0.8
2026-01-19 06:00:00,2026,1,19,6,Thanh Hóa,Xã Xuân Chinh,19.7941161,105.2068756,85,Moderate,1,18.3,99,0.0,4.1,255,1001.9,98,35.3,36.4,326.0,7.6,51.0,0.8
2026-01-19 07:00:00,2026,1,19,7,Thanh Hóa,Xã Xuân Chinh,19.7941161,105.2068756,84,Moderate,1,18.6,99,0.0,3.0,232,1003.2,90,33.4,34.3,343.0,5.9,55.0,1.1
2026-01-19 08:00:00,2026,1,19,8,Thanh Hóa,Xã Xuân Chinh,19.7941161,105.2068756,84,Moderate,1,20.3,95,0.0,2.7,176,1004.3,44,28.4,29.3,327.0,4.8,66.0,1.1
2026-01-19 09:00:00,2026,1,19,9,Thanh Hóa,Xã Xuân Chinh,19.7941161,105.2068756,85,Moderate,1,22.0,84,0.0,4.7,140,1004.8,39,27.1,28.1,294.0,3.3,81.0,1.1
2026-01-19 10:00:00,2026,1,19,10,Thanh Hóa,Xã Xuân Chinh,19.7941161,105.2068756,86,Moderate,1,23.4,75,0.0,7.1,146,1005.2,28,27.0,28.3,272.0,2.2,93.0,1.1
2026-01-19 11:00:00,2026,1,19,11,Thanh Hóa,Xã Xuân Chinh,19.7941161,105.2068756,87,Moderate,1,24.4,69,0.0,7.3,150,1004.5,100,24.5,25.8,275.0,1.9,99.0,1.2
2026-01-19 12:00:00,2026,1,19,12,Thanh Hóa,Xã Xuân Chinh,19.7941161,105.2068756,87,Moderate,1,24.9,68,0.0,7.1,144,1003.5,95,24.5,25.7,289.0,2.0,101.0,1.3
2026-01-19 13:00:00,2026,1,19,13,Thanh Hóa,Xã Xuân Chinh,19.7941161,105.2068756,88,Moderate,1,25.1,67,0.0,10.3,134,1002.5,70,24.6,25.8,299.0,2.1,104.0,1.4
2026-01-19 14:00:00,2026,1,19,14,Thanh Hóa,Xã Xuân Chinh,19.7941161,105.2068756,89,Moderate,1,26.0,63,0.0,9.0,142,1001.6,77,24.2,25.3,300.0,2.0,109.0,1.5
2026-01-19 15:00:00,2026,1,19,15,Thanh Hóa,Xã Xuân Chinh,19.7941161,105.2068756,89,Moderate,1,25.4,64,0.0,10.7,132,1001.0,100,24.4,25.4,298.0,2.0,113.0,1.5
2026-01-19 16:00:00,2026,1,19,16,Thanh Hóa,Xã Xuân Chinh,19.7941161,105.2068756,89,Moderate,1,24.8,67,0.0,8.7,124,1000.9,98,25.4,26.4,294.0,2.5,114.0,1.8
2026-01-19 17:00:00,2026,1,19,17,Thanh Hóa,Xã Xuân Chinh,19.7941161,105.2068756,89,Moderate,1,23.8,72,0.0,5.5,122,1001.4,37,26.6,27.6,290.0,4.1,109.0,2.5
2026-01-19 18:00:00,2026,1,19,18,Thanh Hóa,Xã Xuân Chinh,19.7941161,105.2068756,89,Moderate,1,21.4,84,0.0,3.6,150,1001.9,5,27.5,28.5,285.0,6.2,100.0,3.4
2026-01-19 19:00:00,2026,1,19,19,Thanh Hóa,Xã Xuân Chinh,19.7941161,105.2068756,89,Moderate,1,20.7,90,0.0,3.4,162,1002.6,48,35.3,36.7,280.0,9.5,95.0,4.8
2026-01-19 20:00:00,2026,1,19,20,Thanh Hóa,Xã Xuân Chinh,19.7941161,105.2068756,90,Moderate,1,20.0,94,0.0,5.6,211,1003.2,34,38.5,40.3,277.0,10.4,92.0,5.1
2026-01-19 21:00:00,2026,1,19,21,Thanh Hóa,Xã Xuân Chinh,19.7941161,105.2068756,91,Moderate,1,19.8,96,0.0,6.9,223,1003.5,52,41.6,43.9,274.0,11.7,88.0,5.6
2026-01-19 22:00:00,2026,1,19,22,Thanh Hóa,Xã Xuân Chinh,19.7941161,105.2068756,92,Moderate,1,19.7,98,0.0,7.0,228,1004.0,74,45.5,47.8,272.0,12.6,81.0,5.6
2026-01-19 23:00:00,2026,1,19,23,Thanh Hóa,Xã Xuân Chinh,19.7941161,105.2068756,93,Moderate,1,19.9,98,0.0,6.5,231,1003.9,53,49.8,52.3,269.0,12.9,69.0,4.8
2026-01-20 00:00:00,2026,1,20,0,Thanh Hóa,Xã Xuân Chinh,19.7941161,105.2068756,94,Moderate,1,20.0,98,0.0,5.7,235,1003.8,41,51.1,52.9,266.0,12.9,54.0,3.6
2026-01-20 01:00:00,2026,1,20,1,Thanh Hóa,Xã Xuân Chinh,19.7941161,105.2068756,95,Moderate,1,19.8,99,0.0,4.4,232,1003.4,94,49.2,50.6,264.0,12.4,45.0,2.6
2026-01-20 02:00:00,2026,1,20,2,Thanh Hóa,Xã Xuân Chinh,19.7941161,105.2068756,96,Moderate,1,19.3,99,0.0,4.1,247,1002.7,91,45.9,47.1,263.0,11.1,47.0,2.1
2026-01-20 03:00:00,2026,1,20,3,Thanh Hóa,Xã Xuân Chinh,19.7941161,105.2068756,97,Moderate,1,19.0,99,0.0,4.2,245,1002.5,89,44.1,45.3,263.0,9.4,55.0,1.9
2026-01-20 04:00:00,2026,1,20,4,Thanh Hóa,Xã Xuân Chinh,19.7941161,105.2068756,98,Moderate,1,18.9,100,0.0,4.3,248,1002.6,76,39.0,40.2,268.0,8.2,60.0,1.9
2026-01-20 05:00:00,2026,1,20,5,Thanh Hóa,Xã Xuân Chinh,19.7941161,105.2068756,98,Moderate,1,19.0,100,0.0,4.2,252,1002.8,100,37.5,38.6,285.0,8.4,58.0,2.2
2026-01-20 06:00:00,2026,1,20,6,Thanh Hóa,Xã Xuân Chinh,19.7941161,105.2068756,98,Moderate,1,18.9,100,0.0,4.0,249,1003.5,100,36.9,37.8,306.0,9.2,53.0,2.6
2026-01-20 07:00:00,2026,1,20,7,Thanh Hóa,Xã Xuân Chinh,19.7941161,105.2068756,98,Moderate,1,19.0,100,0.0,3.1,263,1004.8,95,36.1,36.9,312.0,9.6,55.0,2.4
2026-01-20 08:00:00,2026,1,20,8,Thanh Hóa,Xã Xuân Chinh,19.7941161,105.2068756,98,Moderate,1,20.2,94,0.0,0.9,281,1005.8,45,28.3,29.1,286.0,7.4,68.0,2.1
2026-01-20 09:00:00,2026,1,20,9,Thanh Hóa,Xã Xuân Chinh,19.7941161,105.2068756,98,Moderate,1,21.7,87,0.0,3.8,121,1006.8,44,19.4,20.5,245.0,4.4,85.0,1.6
2026-01-20 10:00:00,2026,1,20,10,Thanh Hóa,Xã Xuân Chinh,19.7941161,105.2068756,98,Moderate,1,23.3,76,0.0,6.8,143,1007.1,62,18.2,19.4,216.0,2.3,99.0,1.4
2026-01-20 11:00:00,2026,1,20,11,Thanh Hóa,Xã Xuân Chinh,19.7941161,105.2068756,97,Moderate,1,23.7,73,0.1,7.2,148,1006.9,94,18.6,19.7,211.0,1.9,104.0,1.6
2026-01-20 12:00:00,2026,1,20,12,Thanh Hóa,Xã Xuân Chinh,19.7941161,105.2068756,96,Moderate,1,24.8,69,0.1,6.3,153,1006.1,88,21.8,22.9,219.0,2.3,105.0,2.1
2026-01-20 13:00:00,2026,1,20,13,Thanh Hóa,Xã Xuân Chinh,19.7941161,105.2068756,96,Moderate,1,26.2,61,0.0,6.7,144,1005.1,50,22.5,23.6,227.0,2.7,106.0,2.4
2026-01-20 14:00:00,2026,1,20,14,Thanh Hóa,Xã Xuân Chinh,19.7941161,105.2068756,96,Moderate,1,26.9,59,0.1,7.2,125,1004.0,73,24.3,25.5,232.0,2.7,110.0,2.5
2026-01-20 15:00:00,2026,1,20,15,Thanh Hóa,Xã Xuân Chinh,19.7941161,105.2068756,96,Moderate,1,25.8,66,0.0,10.6,118,1003.4,62,23.6,24.8,238.0,2.7,114.0,2.5
2026-01-20 16:00:00,2026,1,20,16,Thanh Hóa,Xã Xuân Chinh,19.7941161,105.2068756,96,Moderate,1,24.6,72,0.0,10.3,121,1003.8,45,23.1,24.3,245.0,3.3,113.0,2.6
2026-01-20 17:00:00,2026,1,20,17,Thanh Hóa,Xã Xuân Chinh,19.7941161,105.2068756,96,Moderate,1,23.4,78,0.0,8.5,119,1004.3,80,22.4,23.9,255.0,4.8,104.0,3.0
2026-01-20 18:00:00,2026,1,20,18,Thanh Hóa,Xã Xuân Chinh,19.7941161,105.2068756,95,Moderate,1,21.2,90,0.0,4.8,117,1004.8,62,22.2,23.7,266.0,6.8,92.0,3.5
2026-01-20 19:00:00,2026,1,20,19,Thanh Hóa,Xã Xuân Chinh,19.7941161,105.2068756,95,Moderate,1,20.4,97,0.1,2.6,155,1005.3,46,20.4,22.8,274.0,7.9,77.0,3.6
2026-01-20 20:00:00,2026,1,20,20,Thanh Hóa,Xã Xuân Chinh,19.7941161,105.2068756,94,Moderate,1,20.6,98,0.0,2.5,210,1006.2,95,21.0,24.0,278.0,8.6,72.0,3.8
2026-01-20 21:00:00,2026,1,20,21,Thanh Hóa,Xã Xuân Chinh,19.7941161,105.2068756,92,Moderate,1,20.4,98,0.0,2.4,228,1006.6,91,21.1,24.8,280.0,9.6,65.0,4.2
2026-01-20 22:00:00,2026,1,20,22,Thanh Hóa,Xã Xuân Chinh,19.7941161,105.2068756,90,Moderate,1,20.1,98,0.0,2.2,228,1006.9,97,22.2,26.1,279.0,10.5,59.0,4.4
2026-01-20 23:00:00,2026,1,20,23,Thanh Hóa,Xã Xuân Chinh,19.7941161,105.2068756,88,Moderate,1,20.1,98,0.0,1.8,233,1007.0,100,23.5,27.6,274.0,11.5,54.0,4.5
2026-01-21 00:00:00,2026,1,21,0,Thanh Hóa,Xã Xuân Chinh,19.7941161,105.2068756,86,Moderate,1,20.1,98,0.1,2.1,232,1007.2,90,25.7,29.9,265.0,12.3,50.0,4.5
2026-01-21 01:00:00,2026,1,21,1,Thanh Hóa,Xã Xuân Chinh,19.7941161,105.2068756,84,Moderate,1,19.3,100,0.1,2.6,236,1006.8,91,29.5,34.2,258.0,12.5,49.0,4.3
2026-01-21 02:00:00,2026,1,21,2,Thanh Hóa,Xã Xuân Chinh,19.7941161,105.2068756,82,Moderate,1,20.4,99,0.0,3.0,256,1006.2,100,32.0,36.7,245.0,11.2,53.0,3.6
2026-01-21 03:00:00,2026,1,21,3,Thanh Hóa,Xã Xuân Chinh,19.7941161,105.2068756,81,Moderate,1,20.4,98,0.6,3.0,166,1006.1,60,31.7,35.7,233.0,9.2,60.0,2.8
2026-01-21 04:00:00,2026,1,21,4,Thanh Hóa,Xã Xuân Chinh,19.7941161,105.2068756,80,Moderate,1,19.8,99,0.5,3.5,156,1006.3,64,22.5,25.5,247.0,7.9,64.0,2.6
2026-01-21 05:00:00,2026,1,21,5,Thanh Hóa,Xã Xuân Chinh,19.7941161,105.2068756,78,Moderate,1,19.8,98,0.2,3.1,144,1006.5,59,16.8,18.2,310.0,7.8,64.0,3.2
2026-01-21 06:00:00,2026,1,21,6,Thanh Hóa,Xã Xuân Chinh,19.7941161,105.2068756,76,Moderate,1,19.3,99,0.5,3.2,177,1007.4,88,19.7,21.4,399.0,8.5,61.0,4.4
2026-01-21 07:00:00,2026,1,21,7,Thanh Hóa,Xã Xuân Chinh,19.7941161,105.2068756,75,Moderate,1,19.4,100,0.7,1.5,30,1008.0,100,30.9,33.1,463.0,9.0,56.0,2.3
2026-01-21 08:00:00,2026,1,21,8,Thanh Hóa,Xã Xuân Chinh,19.7941161,105.2068756,74,Moderate,1,19.6,95,0.6,3.2,74,1008.9,100,19.3,21.0,479.0,8.3,61.0,3.1
2026-01-21 09:00:00,2026,1,21,9,Thanh Hóa,Xã Xuân Chinh,19.7941161,105.2068756,73,Moderate,1,19.8,97,1.1,7.2,108,1010.2,100,15.9,17.3,471.0,7.4,68.0,4.3
2026-01-21 10:00:00,2026,1,21,10,Thanh Hóa,Xã Xuân Chinh,19.7941161,105.2068756,73,Moderate,1,19.8,95,2.5,8.1,87,1010.7,100,18.0,19.3,462.0,7.5,71.0,6.2
2026-01-21 11:00:00,2026,1,21,11,Thanh Hóa,Xã Xuân Chinh,19.7941161,105.2068756,73,Moderate,1,20.0,100,1.8,6.7,84,1010.9,100,22.8,24.1,455.0,9.2,67.0,9.0
2026-01-21 12:00:00,2026,1,21,12,Thanh Hóa,Xã Xuân Chinh,19.7941161,105.2068756,73,Moderate,1,19.7,99,1.4,7.0,86,1010.1,100,23.0,24.1,447.0,11.9,59.0,12.5
2026-01-21 13:00:00,2026,1,21,13,Thanh Hóa,Xã Xuân Chinh,19.7941161,105.2068756,74,Moderate,1,19.7,92,1.0,9.2,70,1009.0,100,26.0,27.1,447.0,14.5,52.0,15.8
2026-01-21 14:00:00,2026,1,21,14,Thanh Hóa,Xã Xuân Chinh,19.7941161,105.2068756,74,Moderate,1,19.5,96,0.8,8.9,69,1008.3,100,24.9,25.7,459.0,16.8,48.0,18.6
2026-01-21 15:00:00,2026,1,21,15,Thanh Hóa,Xã Xuân Chinh,19.7941161,105.2068756,74,Moderate,1,19.0,98,0.9,9.1,60,1008.1,100,23.7,24.2,480.0,19.1,46.0,21.3
2026-01-21 16:00:00,2026,1,21,16,Thanh Hóa,Xã Xuân Chinh,19.7941161,105.2068756,74,Moderate,1,18.5,98,1.3,8.7,53,1008.6,100,27.8,28.2,503.0,21.4,43.0,23.7
2026-01-21 17:00:00,2026,1,21,17,Thanh Hóa,Xã Xuân Chinh,19.7941161,105.2068756,74,Moderate,1,18.0,99,1.1,9.3,53,1008.8,100,30.2,30.5,530.0,23.7,40.0,26.0
2026-01-21 18:00:00,2026,1,21,18,Thanh Hóa,Xã Xuân Chinh,19.7941161,105.2068756,75,Moderate,1,17.3,99,0.6,8.8,47,1009.2,100,30.3,30.4,561.0,26.1,37.0,28.0
2026-01-21 19:00:00,2026,1,21,19,Thanh Hóa,Xã Xuân Chinh,19.7941161,105.2068756,76,Moderate,1,17.2,99,0.4,7.6,38,1009.5,100,27.0,27.1,586.0,33.5,16.0,34.3
2026-01-21 20:00:00,2026,1,21,20,Thanh Hóa,Xã Xuân Chinh,19.7941161,105.2068756,76,Moderate,1,17.0,99,0.4,6.7,34,1010.2,100,26.8,26.9,605.0,34.3,14.0,34.2
2026-01-21 21:00:00,2026,1,21,21,Thanh Hóa,Xã Xuân Chinh,19.7941161,105.2068756,77,Moderate,1,16.7,99,0.2,6.3,37,1010.6,100,27.6,27.8,620.0,35.3,11.0,34.0
2026-01-21 22:00:00,2026,1,21,22,Thanh Hóa,Xã Xuân Chinh,19.7941161,105.2068756,77,Moderate,1,16.3,99,0.2,6.6,33,1010.9,100,28.5,28.5,626.0,36.2,8.0,33.6
2026-01-21 23:00:00,2026,1,21,23,Thanh Hóa,Xã Xuân Chinh,19.7941161,105.2068756,78,Moderate,1,15.8,99,0.1,7.6,34,1011.0,100,27.9,27.9,618.0,36.7,6.0,32.6
2026-01-22 00:00:00,2026,1,22,0,Thanh Hóa,Xã Xuân Chinh,19.7941161,105.2068756,78,Moderate,1,15.4,98,0.2,6.8,35,1011.4,100,27.1,27.2,600.0,37.1,5.0,31.4
2026-01-22 01:00:00,2026,1,22,1,Thanh Hóa,Xã Xuân Chinh,19.7941161,105.2068756,79,Moderate,1,15.3,99,0.1,6.5,30,1011.1,100,27.4,27.4,586.0,37.2,4.0,30.4
2026-01-22 02:00:00,2026,1,22,2,Thanh Hóa,Xã Xuân Chinh,19.7941161,105.2068756,78,Moderate,1,15.3,97,0.0,7.0,35,1010.7,100,27.6,27.6,578.0,37.2,4.0,30.0
2026-01-22 03:00:00,2026,1,22,3,Thanh Hóa,Xã Xuân Chinh,19.7941161,105.2068756,78,Moderate,1,15.0,99,0.2,8.0,38,1010.8,100,27.7,27.8,574.0,37.0,5.0,29.9
2026-01-22 04:00:00,2026,1,22,4,Thanh Hóa,Xã Xuân Chinh,19.7941161,105.2068756,78,Moderate,1,14.6,100,0.4,8.7,38,1011.1,100,27.3,27.4,574.0,36.1,6.0,29.6
2026-01-22 05:00:00,2026,1,22,5,Thanh Hóa,Xã Xuân Chinh,19.7941161,105.2068756,78,Moderate,1,14.1,99,0.5,7.8,38,1011.8,100,26.0,26.0,584.0,34.5,7.0,29.0
2026-01-22 06:00:00,2026,1,22,6,Thanh Hóa,Xã Xuân Chinh,19.7941161,105.2068756,79,Moderate,1,13.7,99,0.2,9.0,38,1012.5,100,24.8,24.9,599.0,32.3,9.0,28.2
2026-01-22 07:00:00,2026,1,22,7,Thanh Hóa,Xã Xuân Chinh,19.7941161,105.2068756,79,Moderate,1,13.8,98,0.2,8.0,40,1013.3,100,27.6,27.7,604.0,37.0,7.0,29.1
2026-01-22 08:00:00,2026,1,22,8,Thanh Hóa,Xã Xuân Chinh,19.7941161,105.2068756,79,Moderate,1,13.6,97,0.0,8.0,40,1014.4,100,26.5,26.7,591.0,32.7,12.0,29.6
2026-01-22 09:00:00,2026,1,22,9,Thanh Hóa,Xã Xuân Chinh,19.7941161,105.2068756,80,Moderate,1,13.5,96,0.1,8.0,36,1015.6,100,25.2,25.3,567.0,26.6,19.0,30.2
2026-01-22 10:00:00,2026,1,22,10,Thanh Hóa,Xã Xuân Chinh,19.7941161,105.2068756,80,Moderate,1,13.6,93,0.1,8.8,35,1016.3,100,22.2,22.3,546.0,21.3,27.0,30.2
2026-01-22 11:00:00,2026,1,22,11,Thanh Hóa,Xã Xuân Chinh,19.7941161,105.2068756,81,Moderate,1,13.5,91,0.1,9.1,34,1016.2,100,19.7,19.8,530.0,17.5,35.0,29.2
2026-01-22 12:00:00,2026,1,22,12,Thanh Hóa,Xã Xuân Chinh,19.7941161,105.2068756,81,Moderate,1,13.6,89,0.2,9.2,33,1015.4,100,16.5,16.6,517.0,14.5,44.0,27.7
2026-01-22 13:00:00,2026,1,22,13,Thanh Hóa,Xã Xuân Chinh,19.7941161,105.2068756,80,Moderate,1,14.1,86,0.1,8.8,31,1014.2,100,14.7,14.8,504.0,12.3,51.0,26.3
2026-01-22 14:00:00,2026,1,22,14,Thanh Hóa,Xã Xuân Chinh,19.7941161,105.2068756,79,Moderate,1,14.2,83,0.0,8.1,32,1013.3,100,13.5,13.6,492.0,11.1,56.0,25.2
2026-01-22 15:00:00,2026,1,22,15,Thanh Hóa,Xã Xuân Chinh,19.7941161,105.2068756,78,Moderate,1,13.9,81,0.0,7.8,37,1012.8,100,11.8,11.9,480.0,10.8,59.0,24.2
2026-01-22 16:00:00,2026,1,22,16,Thanh Hóa,Xã Xuân Chinh,19.7941161,105.2068756,77,Moderate,1,13.8,79,0.0,6.7,31,1012.8,100,11.7,11.7,474.0,11.0,60.0,23.6
2026-01-22 17:00:00,2026,1,22,17,Thanh Hóa,Xã Xuân Chinh,19.7941161,105.2068756,75,Moderate,1,13.5,78,0.0,5.2,34,1012.9,100,12.1,12.2,474.0,11.8,58.0,23.6
2026-01-22 18:00:00,2026,1,22,18,Thanh Hóa,Xã Xuân Chinh,19.7941161,105.2068756,74,Moderate,1,13.2,79,0.0,5.8,39,1013.3,100,12.3,12.4,478.0,13.1,55.0,23.9
2026-01-22 19:00:00,2026,1,22,19,Thanh Hóa,Xã Xuân Chinh,19.7941161,105.2068756,72,Moderate,1,12.8,82,0.0,6.9,37,1013.9,100,17.7,17.7,486.0,19.0,45.0,32.3
2026-01-22 20:00:00,2026,1,22,20,Thanh Hóa,Xã Xuân Chinh,19.7941161,105.2068756,71,Moderate,1,12.6,83,0.0,5.9,40,1014.6,100,19.8,19.9,501.0,20.2,42.0,33.4
2026-01-22 21:00:00,2026,1,22,21,Thanh Hóa,Xã Xuân Chinh,19.7941161,105.2068756,71,Moderate,1,12.3,83,0.0,5.3,35,1014.9,100,21.9,21.9,519.0,21.9,37.0,34.9
2026-01-22 22:00:00,2026,1,22,22,Thanh Hóa,Xã Xuân Chinh,19.7941161,105.2068756,70,Moderate,1,12.1,84,0.0,5.7,32,1015.1,100,23.6,23.6,532.0,23.1,33.0,35.8
2026-01-22 23:00:00,2026,1,22,23,Thanh Hóa,Xã Xuân Chinh,19.7941161,105.2068756,70,Moderate,1,12.0,84,0.0,4.9,24,1014.8,100,25.3,25.3,536.0,23.4,30.0,35.5
2026-01-23 00:00:00,2026,1,23,0,Thanh Hóa,Xã Xuân Chinh,19.7941161,105.2068756,70,Moderate,1,11.9,84,0.0,4.8,20,1015.0,100,26.8,26.8,534.0,23.3,29.0,34.5
2026-01-23 01:00:00,2026,1,23,1,Thanh Hóa,Xã Xuân Chinh,19.7941161,105.2068756,70,Moderate,1,11.7,86,0.0,5.6,21,1015.0,100,28.2,28.2,531.0,22.9,27.0,33.3
2026-01-23 02:00:00,2026,1,23,2,Thanh Hóa,Xã Xuân Chinh,19.7941161,105.2068756,70,Moderate,1,11.6,86,0.0,5.0,13,1014.5,100,28.8,28.8,524.0,22.4,26.0,32.0
2026-01-23 03:00:00,2026,1,23,3,Thanh Hóa,Xã Xuân Chinh,19.7941161,105.2068756,70,Moderate,1,11.6,85,0.0,4.6,13,1014.2,100,29.5,29.5,515.0,21.7,25.0,30.4
2026-01-23 04:00:00,2026,1,23,4,Thanh Hóa,Xã Xuân Chinh,19.7941161,105.2068756,70,Moderate,1,11.6,85,0.0,4.3,28,1014.0,100,29.9,29.9,511.0,21.0,24.0,29.0
2026-01-23 05:00:00,2026,1,23,5,Thanh Hóa,Xã Xuân Chinh,19.7941161,105.2068756,70,Moderate,1,11.6,87,0.0,4.3,33,1014.4,100,29.7,29.8,518.0,20.6,23.0,27.6
2026-01-23 06:00:00,2026,1,23,6,Thanh Hóa,Xã Xuân Chinh,19.7941161,105.2068756,71,Moderate,1,11.6,87,0.0,3.8,41,1014.7,100,28.9,29.0,530.0,20.3,23.0,26.3
2026-01-23 07:00:00,2026,1,23,7,Thanh Hóa,Xã Xuân Chinh,19.7941161,105.2068756,71,Moderate,1,11.7,87,0.0,3.6,18,1015.4,100,20.8,20.8,535.0,18.8,25.0,27.5
2026-01-23 08:00:00,2026,1,23,8,Thanh Hóa,Xã Xuân Chinh,19.7941161,105.2068756,70,Moderate,1,12.3,86,0.0,3.2,19,1016.0,100,20.0,20.0,528.0,16.0,32.0,27.2
2026-01-23 09:00:00,2026,1,23,9,Thanh Hóa,Xã Xuân Chinh,19.7941161,105.2068756,70,Moderate,1,13.4,81,0.0,3.2,34,1016.4,100,17.1,17.1,513.0,12.0,43.0,26.7
2026-01-23 10:00:00,2026,1,23,10,Thanh Hóa,Xã Xuân Chinh,19.7941161,105.2068756,69,Moderate,1,14.8,76,0.0,4.1,52,1016.5,100,11.8,11.8,494.0,8.7,53.0,25.1
2026-01-23 11:00:00,2026,1,23,11,Thanh Hóa,Xã Xuân Chinh,19.7941161,105.2068756,68,Moderate,1,16.7,70,0.0,4.8,77,1015.7,100,9.9,10.0,467.0,6.7,63.0,21.5
2026-01-23 12:00:00,2026,1,23,12,Thanh Hóa,Xã Xuân Chinh,19.7941161,105.2068756,67,Moderate,1,18.5,67,0.0,5.2,117,1014.4,100,10.8,10.9,436.0,5.3,74.0,16.8
2026-01-23 13:00:00,2026,1,23,13,Thanh Hóa,Xã Xuân Chinh,19.7941161,105.2068756,67,Moderate,1,18.7,67,0.0,6.1,122,1013.4,100,13.0,13.1,414.0,4.5,82.0,13.0
2026-01-23 14:00:00,2026,1,23,14,Thanh Hóa,Xã Xuân Chinh,19.7941161,105.2068756,67,Moderate,1,18.8,68,0.0,5.9,137,1012.4,100,15.7,15.8,407.0,4.1,89.0,10.9
2026-01-23 15:00:00,2026,1,23,15,Thanh Hóa,Xã Xuân Chinh,19.7941161,105.2068756,67,Moderate,1,19.2,67,0.0,7.4,148,1011.6,100,18.1,18.3,410.0,4.3,93.0,9.7
2026-01-23 16:00:00,2026,1,23,16,Thanh Hóa,Xã Xuân Chinh,19.7941161,105.2068756,67,Moderate,1,19.1,68,0.0,8.2,148,1011.4,82,19.6,19.7,413.0,5.1,94.0,9.1
2026-01-23 17:00:00,2026,1,23,17,Thanh Hóa,Xã Xuân Chinh,19.7941161,105.2068756,68,Moderate,1,18.2,71,0.0,6.9,147,1011.2,36,21.0,21.2,414.0,6.9,89.0,9.3
2026-01-23 18:00:00,2026,1,23,18,Thanh Hóa,Xã Xuân Chinh,19.7941161,105.2068756,69,Moderate,1,17.0,78,0.0,5.6,149,1011.4,90,22.9,23.1,416.0,9.3,79.0,10.2
2026-01-23 19:00:00,2026,1,23,19,Thanh Hóa,Xã Xuân Chinh,19.7941161,105.2068756,70,Moderate,1,14.9,90,0.0,2.6,164,1012.1,21,24.8,25.0,421.0,10.2,65.0,9.7
2026-01-23 20:00:00,2026,1,23,20,Thanh Hóa,Xã Xuân Chinh,19.7941161,105.2068756,70,Moderate,1,14.6,91,0.0,1.8,204,1012.5,23,26.2,26.4,430.0,11.7,59.0,9.8
2026-01-23 21:00:00,2026,1,23,21,Thanh Hóa,Xã Xuân Chinh,19.7941161,105.2068756,71,Moderate,1,14.6,92,0.0,1.3,225,1012.7,33,28.1,28.4,442.0,13.7,51.0,10.0
2026-01-23 22:00:00,2026,1,23,22,Thanh Hóa,Xã Xuân Chinh,19.7941161,105.2068756,71,Moderate,1,14.9,91,0.0,1.2,207,1013.2,91,30.3,30.5,451.0,15.0,46.0,10.3
2026-01-23 23:00:00,2026,1,23,23,Thanh Hóa,Xã Xuân Chinh,19.7941161,105.2068756,72,Moderate,1,15.0,92,0.0,1.4,130,1013.3,100,30.5,30.9,455.0,14.7,46.0,10.6
2026-01-24 00:00:00,2026,1,24,0,Thanh Hóa,Xã Xuân Chinh,19.7941161,105.2068756,73,Moderate,1,15.1,90,0.0,1.8,24,1013.1,100,30.0,30.4,457.0,13.6,48.0,11.1
2026-01-24 01:00:00,2026,1,24,1,Thanh Hóa,Xã Xuân Chinh,19.7941161,105.2068756,73,Moderate,1,14.7,93,0.0,5.0,44,1013.2,100,30.5,31.0,462.0,12.8,49.0,12.1
2026-01-24 02:00:00,2026,1,24,2,Thanh Hóa,Xã Xuân Chinh,19.7941161,105.2068756,73,Moderate,1,14.3,95,0.1,5.6,45,1012.6,100,30.9,31.3,475.0,12.7,49.0,14.1
2026-01-24 03:00:00,2026,1,24,3,Thanh Hóa,Xã Xuân Chinh,19.7941161,105.2068756,73,Moderate,1,14.0,95,0.1,5.9,43,1012.5,100,31.0,31.3,492.0,13.0,49.0,16.6
2026-01-24 04:00:00,2026,1,24,4,Thanh Hóa,Xã Xuân Chinh,19.7941161,105.2068756,73,Moderate,1,13.7,95,0.1,5.6,48,1012.4,100,31.4,31.8,505.0,13.8,47.0,19.1
2026-01-24 05:00:00,2026,1,24,5,Thanh Hóa,Xã Xuân Chinh,19.7941161,105.2068756,73,Moderate,1,13.6,95,0.1,4.5,43,1012.6,100,31.7,32.0,514.0,15.6,43.0,21.7
2026-01-24 06:00:00,2026,1,24,6,Thanh Hóa,Xã Xuân Chinh,19.7941161,105.2068756,74,Moderate,1,13.6,94,0.1,3.6,37,1013.1,100,31.7,31.9,520.0,18.0,38.0,24.2
2026-01-24 07:00:00,2026,1,24,7,Thanh Hóa,Xã Xuân Chinh,19.7941161,105.2068756,74,Moderate,1,13.9,92,0.0,3.1,24,1013.5,100,32.9,33.2,516.0,18.7,36.0,25.8
2026-01-24 08:00:00,2026,1,24,8,Thanh Hóa,Xã Xuân Chinh,19.7941161,105.2068756,75,Moderate,1,14.1,91,0.0,3.8,31,1014.2,100,31.0,31.2,495.0,17.3,39.0,25.9
2026-01-24 09:00:00,2026,1,24,9,Thanh Hóa,Xã Xuân Chinh,19.7941161,105.2068756,76,Moderate,1,14.8,89,0.0,3.6,27,1014.8,100,27.5,27.6,464.0,15.2,44.0,26.0
2026-01-24 10:00:00,2026,1,24,10,Thanh Hóa,Xã Xuân Chinh,19.7941161,105.2068756,77,Moderate,1,16.3,82,0.0,3.2,47,1015.0,100,23.5,23.7,440.0,13.2,49.0,25.1
2026-01-24 11:00:00,2026,1,24,11,Thanh Hóa,Xã Xuân Chinh,19.7941161,105.2068756,78,Moderate,1,17.3,79,0.0,2.6,78,1014.4,100,20.5,20.7,429.0,11.2,56.0,22.6
2026-01-24 12:00:00,2026,1,24,12,Thanh Hóa,Xã Xuân Chinh,19.7941161,105.2068756,79,Moderate,1,17.7,78,0.0,2.4,132,1013.1,100,19.6,19.8,425.0,9.3,64.0,19.2
2026-01-24 13:00:00,2026,1,24,13,Thanh Hóa,Xã Xuân Chinh,19.7941161,105.2068756,80,Moderate,1,18.9,73,0.0,2.7,143,1011.8,100,20.1,20.2,423.0,7.9,71.0,16.1
2026-01-24 14:00:00,2026,1,24,14,Thanh Hóa,Xã Xuân Chinh,19.7941161,105.2068756,80,Moderate,1,19.5,72,0.0,5.7,143,1010.4,100,21.7,21.8,420.0,7.2,78.0,13.6
2026-01-24 15:00:00,2026,1,24,15,Thanh Hóa,Xã Xuân Chinh,19.7941161,105.2068756,81,Moderate,1,19.8,72,0.0,6.8,138,1009.7,100,25.5,25.7,419.0,7.1,84.0,11.4
2026-01-24 16:00:00,2026,1,24,16,Thanh Hóa,Xã Xuân Chinh,19.7941161,105.2068756,81,Moderate,1,19.2,75,0.0,7.5,130,1009.4,41,23.9,24.1,423.0,7.9,86.0,10.1
2026-01-24 17:00:00,2026,1,24,17,Thanh Hóa,Xã Xuân Chinh,19.7941161,105.2068756,82,Moderate,1,18.6,78,0.0,5.5,134,1009.3,26,24.6,24.8,435.0,9.9,79.0,10.0
2026-01-24 18:00:00,2026,1,24,18,Thanh Hóa,Xã Xuân Chinh,19.7941161,105.2068756,82,Moderate,1,16.5,90,0.0,3.5,152,1009.3,26,25.9,26.1,451.0,12.7,68.0,10.8
2026-01-24 19:00:00,2026,1,24,19,Thanh Hóa,Xã Xuân Chinh,19.7941161,105.2068756,82,Moderate,1,16.2,93,0.0,3.4,177,1009.6,100,31.5,31.9,468.0,13.7,56.0,10.6
2026-01-24 20:00:00,2026,1,24,20,Thanh Hóa,Xã Xuân Chinh,19.7941161,105.2068756,83,Moderate,1,16.4,93,0.0,4.5,173,1010.1,95,32.8,33.2,485.0,15.1,51.0,11.5
2026-01-24 21:00:00,2026,1,24,21,Thanh Hóa,Xã Xuân Chinh,19.7941161,105.2068756,84,Moderate,1,16.4,93,0.0,3.6,177,1010.1,92,36.1,36.3,501.0,16.9,44.0,12.7
2026-01-24 22:00:00,2026,1,24,22,Thanh Hóa,Xã Xuân Chinh,19.7941161,105.2068756,84,Moderate,1,16.2,95,0.0,3.2,199,1009.7,80,37.8,38.2,512.0,17.9,39.0,13.4
2026-01-24 23:00:00,2026,1,24,23,Thanh Hóa,Xã Xuân Chinh,19.7941161,105.2068756,85,Moderate,1,15.9,96,0.0,3.6,213,1009.5,100,38.4,38.8,512.0,17.6,37.0,13.4
2026-01-25 00:00:00,2026,1,25,0,Thanh Hóa,Xã Xuân Chinh,19.7941161,105.2068756,86,Moderate,1,16.0,96,0.0,3.4,223,1009.0,99,38.8,39.1,506.0,16.5,36.0,13.0
2026-01-25 01:00:00,2026,1,25,1,Thanh Hóa,Xã Xuân Chinh,19.7941161,105.2068756,86,Moderate,1,16.0,95,0.0,3.1,239,1008.4,67,35.2,35.5,502.0,14.8,38.0,12.1
2026-01-25 02:00:00,2026,1,25,2,Thanh Hóa,Xã Xuân Chinh,19.7941161,105.2068756,87,Moderate,1,15.3,97,0.0,2.5,240,1007.4,70,32.4,32.7,500.0,12.1,45.0,10.4
2026-01-25 03:00:00,2026,1,25,3,Thanh Hóa,Xã Xuân Chinh,19.7941161,105.2068756,87,Moderate,1,15.2,97,0.0,2.0,243,1006.7,55,30.9,31.1,500.0,8.8,53.0,8.1
2026-01-25 04:00:00,2026,1,25,4,Thanh Hóa,Xã Xuân Chinh,19.7941161,105.2068756,87,Moderate,1,15.0,96,0.0,1.5,240,1006.5,84,29.9,30.2,505.0,6.5,59.0,6.4
2026-01-25 05:00:00,2026,1,25,5,Thanh Hóa,Xã Xuân Chinh,19.7941161,105.2068756,87,Moderate,1,14.9,97,0.0,1.3,254,1006.7,68,29.5,29.7,523.0,6.0,56.0,5.7
2026-01-25 06:00:00,2026,1,25,6,Thanh Hóa,Xã Xuân Chinh,19.7941161,105.2068756,87,Moderate,1,14.8,97,0.0,1.6,264,1007.1,42,29.3,29.5,546.0,6.5,50.0,5.5
2026-01-25 07:00:00,2026,1,25,7,Thanh Hóa,Xã Xuân Chinh,19.7941161,105.2068756,86,Moderate,1,15.0,95,0.0,0.4,243,1008.1,39,26.0,26.1,552.0,8.4,37.0,5.6
2026-01-25 08:00:00,2026,1,25,8,Thanh Hóa,Xã Xuân Chinh,19.7941161,105.2068756,86,Moderate,1,17.3,88,0.0,1.6,174,1009.0,52,21.5,21.6,527.0,6.5,49.0,5.2
2026-01-25 09:00:00,2026,1,25,9,Thanh Hóa,Xã Xuân Chinh,19.7941161,105.2068756,85,Moderate,1,18.9,81,0.0,5.1,174,1009.6,98,21.3,21.4,485.0,3.9,67.0,4.7
2026-01-25 10:00:00,2026,1,25,10,Thanh Hóa,Xã Xuân Chinh,19.7941161,105.2068756,84,Moderate,1,20.4,75,0.0,7.4,180,1009.5,34,21.7,21.8,446.0,1.9,83.0,4.3
2026-01-25 11:00:00,2026,1,25,11,Thanh Hóa,Xã Xuân Chinh,19.7941161,105.2068756,84,Moderate,1,21.8,70,0.0,8.6,178,1009.0,96,21.2,21.4,415.0,1.2,96.0,4.1
2026-01-25 12:00:00,2026,1,25,12,Thanh Hóa,Xã Xuân Chinh,19.7941161,105.2068756,84,Moderate,1,23.3,64,0.0,8.8,178,1007.8,100,20.1,20.4,386.0,1.1,107.0,4.0
2026-01-25 13:00:00,2026,1,25,13,Thanh Hóa,Xã Xuân Chinh,19.7941161,105.2068756,84,Moderate,1,24.0,62,0.0,9.2,159,1007.0,98,18.7,18.9,362.0,1.2,115.0,4.0
2026-01-25 14:00:00,2026,1,25,14,Thanh Hóa,Xã Xuân Chinh,19.7941161,105.2068756,84,Moderate,1,24.0,62,0.0,9.1,141,1006.1,27,17.7,17.9,344.0,1.2,121.0,4.0
2026-01-25 15:00:00,2026,1,25,15,Thanh Hóa,Xã Xuân Chinh,19.7941161,105.2068756,84,Moderate,1,24.6,59,0.0,8.1,127,1005.5,16,17.7,18.0,331.0,1.3,125.0,4.1
2026-01-25 16:00:00,2026,1,25,16,Thanh Hóa,Xã Xuân Chinh,19.7941161,105.2068756,83,Moderate,1,24.1,62,0.0,8.2,126,1005.6,7,18.4,18.8,323.0,1.9,124.0,4.2
2026-01-25 17:00:00,2026,1,25,17,Thanh Hóa,Xã Xuân Chinh,19.7941161,105.2068756,83,Moderate,1,22.9,72,0.0,4.3,123,1005.9,1,19.0,19.5,324.0,3.2,117.0,4.2
2026-01-25 18:00:00,2026,1,25,18,Thanh Hóa,Xã Xuân Chinh,19.7941161,105.2068756,82,Moderate,1,19.9,85,0.0,5.7,139,1006.6,14,18.0,18.7,329.0,4.9,106.0,4.3
2026-01-25 19:00:00,2026,1,25,19,Thanh Hóa,Xã Xuân Chinh,19.7941161,105.2068756,82,Moderate,1,18.4,93,0.0,4.1,193,1007.6,60,17.4,18.5,332.0,7.2,98.0,4.5
2026-01-25 20:00:00,2026,1,25,20,Thanh Hóa,Xã Xuân Chinh,19.7941161,105.2068756,80,Moderate,1,18.2,96,0.0,5.1,203,1008.3,68,20.3,21.7,328.0,8.2,94.0,4.5
2026-01-25 21:00:00,2026,1,25,21,Thanh Hóa,Xã Xuân Chinh,19.7941161,105.2068756,79,Moderate,1,17.8,97,0.0,4.4,235,1008.7,100,22.8,24.6,320.0,9.6,88.0,4.5
2026-01-25 22:00:00,2026,1,25,22,Thanh Hóa,Xã Xuân Chinh,19.7941161,105.2068756,78,Moderate,1,18.4,98,0.0,4.6,239,1008.8,100,28.6,30.4,312.0,10.7,80.0,4.3
2026-01-25 23:00:00,2026,1,25,23,Thanh Hóa,Xã Xuân Chinh,19.7941161,105.2068756,77,Moderate,1,18.7,98,0.0,5.2,241,1008.9,73,31.8,33.6,304.0,11.1,67.0,3.7
2026-01-26 00:00:00,2026,1,26,0,Thanh Hóa,Xã Xuân Chinh,19.7941161,105.2068756,77,Moderate,1,18.7,97,0.0,4.8,248,1008.6,98,31.7,33.1,296.0,11.2,52.0,2.9
2026-01-26 01:00:00,2026,1,26,1,Thanh Hóa,Xã Xuân Chinh,19.7941161,105.2068756,76,Moderate,1,18.8,95,0.0,4.1,257,1008.5,100,30.5,31.4,291.0,11.3,40.0,2.3
2026-01-26 02:00:00,2026,1,26,2,Thanh Hóa,Xã Xuân Chinh,19.7941161,105.2068756,76,Moderate,1,18.6,95,0.0,3.5,258,1008.3,100,29.6,30.5,288.0,11.4,33.0,1.9
2026-01-26 03:00:00,2026,1,26,3,Thanh Hóa,Xã Xuân Chinh,19.7941161,105.2068756,75,Moderate,1,18.6,95,0.0,2.4,253,1008.1,99,29.2,30.0,287.0,11.4,30.0,1.7
2026-01-26 04:00:00,2026,1,26,4,Thanh Hóa,Xã Xuân Chinh,19.7941161,105.2068756,75,Moderate,1,18.2,96,0.0,1.1,261,1007.9,17,28.6,29.4,292.0,11.5,28.0,1.7
2026-01-26 05:00:00,2026,1,26,5,Thanh Hóa,Xã Xuân Chinh,19.7941161,105.2068756,75,Moderate,1,18.1,96,0.0,0.4,270,1008.2,38,27.2,28.0,311.0,12.0,26.0,2.0
2026-01-26 06:00:00,2026,1,26,6,Thanh Hóa,Xã Xuân Chinh,19.7941161,105.2068756,75,Moderate,1,18.1,96,0.0,0.3,315,1008.9,54,26.4,27.1,335.0,12.5,25.0,2.6
2026-01-26 07:00:00,2026,1,26,7,Thanh Hóa,Xã Xuân Chinh,19.7941161,105.2068756,75,Moderate,1,18.7,94,0.0,0.4,243,1009.9,35,22.8,23.4,339.0,7.3,47.0,2.1
2026-01-26 08:00:00,2026,1,26,8,Thanh Hóa,Xã Xuân Chinh,19.7941161,105.2068756,74,Moderate,1,19.9,85,0.0,2.2,145,1011.0,78,15.6,17.1,304.0,6.1,59.0,2.1
2026-01-26 09:00:00,2026,1,26,9,Thanh Hóa,Xã Xuân Chinh,19.7941161,105.2068756,74,Moderate,1,21.0,80,0.0,4.6,162,1011.8,98,14.4,16.3,249.0,4.4,75.0,2.2
2026-01-26 10:00:00,2026,1,26,10,Thanh Hóa,Xã Xuân Chinh,19.7941161,105.2068756,73,Moderate,1,21.5,79,0.1,4.7,130,1011.8,88,14.2,16.8,210.0,3.1,88.0,2.3
2026-01-26 11:00:00,2026,1,26,11,Thanh Hóa,Xã Xuân Chinh,19.7941161,105.2068756,73,Moderate,1,22.6,75,0.2,4.0,120,1011.3,75,15.8,19.3,202.0,2.6,93.0,2.5
2026-01-26 12:00:00,2026,1,26,12,Thanh Hóa,Xã Xuân Chinh,19.7941161,105.2068756,72,Moderate,1,23.3,72,0.1,5.9,117,1010.2,93,15.3,18.9,209.0,2.4,94.0,2.7
2026-01-26 13:00:00,2026,1,26,13,Thanh Hóa,Xã Xuân Chinh,19.7941161,105.2068756,72,Moderate,1,23.5,71,0.1,6.2,111,1009.3,70,15.7,19.0,219.0,2.4,95.0,2.8
2026-01-26 14:00:00,2026,1,26,14,Thanh Hóa,Xã Xuân Chinh,19.7941161,105.2068756,71,Moderate,1,23.9,71,0.3,5.9,108,1008.4,54,14.6,17.6,231.0,2.2,99.0,2.7
2026-01-26 15:00:00,2026,1,26,15,Thanh Hóa,Xã Xuân Chinh,19.7941161,105.2068756,71,Moderate,1,23.3,73,0.2,6.6,116,1007.9,62,13.5,15.9,246.0,2.0,102.0,2.6
2026-01-26 16:00:00,2026,1,26,16,Thanh Hóa,Xã Xuân Chinh,19.7941161,105.2068756,71,Moderate,1,23.0,74,0.0,6.8,117,1007.8,80,12.7,14.9,255.0,2.5,102.0,2.7
2026-01-26 17:00:00,2026,1,26,17,Thanh Hóa,Xã Xuân Chinh,19.7941161,105.2068756,70,Moderate,1,21.9,81,0.1,6.7,114,1008.1,97,13.0,15.2,253.0,4.1,94.0,3.1
2026-01-26 18:00:00,2026,1,26,18,Thanh Hóa,Xã Xuân Chinh,19.7941161,105.2068756,70,Moderate,1,19.8,94,0.1,3.3,103,1008.5,100,13.5,15.4,244.0,6.4,82.0,3.7
2026-01-26 19:00:00,2026,1,26,19,Thanh Hóa,Xã Xuân Chinh,19.7941161,105.2068756,69,Moderate,1,19.3,97,0.2,2.3,113,1009.2,93,19.8,22.9,237.0,8.8,77.0,4.9
2026-01-26 20:00:00,2026,1,26,20,Thanh Hóa,Xã Xuân Chinh,19.7941161,105.2068756,69,Moderate,1,19.1,99,0.0,1.9,151,1009.9,98,21.9,25.4,235.0,10.4,73.0,5.6
2026-01-26 21:00:00,2026,1,26,21,Thanh Hóa,Xã Xuân Chinh,19.7941161,105.2068756,70,Moderate,1,18.8,99,0.0,0.8,225,1010.1,81,23.5,27.4,234.0,12.6,67.0,6.5
2026-01-26 22:00:00,2026,1,26,22,Thanh Hóa,Xã Xuân Chinh,19.7941161,105.2068756,70,Moderate,1,18.5,99,0.0,2.1,232,1010.4,81,23.7,27.8,232.0,14.3,61.0,6.9
2026-01-26 23:00:00,2026,1,26,23,Thanh Hóa,Xã Xuân Chinh,19.7941161,105.2068756,69,Moderate,1,19.1,99,0.0,1.8,225,1010.2,97,27.5,31.8,228.0,14.9,56.0,6.2
2026-01-27 00:00:00,2026,1,27,0,Thanh Hóa,Xã Xuân Chinh,19.7941161,105.2068756,69,Moderate,1,19.3,99,0.0,3.0,237,1009.9,74,31.1,35.3,224.0,15.0,52.0,4.9
2026-01-27 01:00:00,2026,1,27,1,Thanh Hóa,Xã Xuân Chinh,19.7941161,105.2068756,69,Moderate,1,18.4,99,0.0,4.4,251,1009.6,70,34.9,38.3,220.0,15.0,47.0,3.8
2026-01-27 02:00:00,2026,1,27,2,Thanh Hóa,Xã Xuân Chinh,19.7941161,105.2068756,69,Moderate,1,18.4,99,0.0,4.8,239,1009.2,41,37.1,40.5,216.0,15.1,42.0,3.1
2026-01-27 03:00:00,2026,1,27,3,Thanh Hóa,Xã Xuân Chinh,19.7941161,105.2068756,70,Moderate,1,18.1,100,0.0,3.7,235,1009.0,30,38.9,42.1,213.0,15.2,37.0,2.5
2026-01-27 04:00:00,2026,1,27,4,Thanh Hóa,Xã Xuân Chinh,19.7941161,105.2068756,71,Moderate,1,17.9,100,0.0,3.1,257,1009.0,100,40.2,42.8,215.0,15.2,33.0,2.2
2026-01-27 05:00:00,2026,1,27,5,Thanh Hóa,Xã Xuân Chinh,19.7941161,105.2068756,72,Moderate,1,17.7,100,0.0,2.4,283,1009.1,99,41.9,44.2,229.0,15.6,30.0,2.2
2026-01-27 06:00:00,2026,1,27,6,Thanh Hóa,Xã Xuân Chinh,19.7941161,105.2068756,73,Moderate,1,17.5,100,0.0,1.6,297,1009.8,99,43.8,46.0,249.0,16.1,27.0,2.6
2026-01-27 07:00:00,2026,1,27,7,Thanh Hóa,Xã Xuân Chinh,19.7941161,105.2068756,75,Moderate,1,17.7,100,0.0,1.8,281,1010.6,100,29.9,31.8,262.0,10.0,46.0,2.2
2026-01-27 08:00:00,2026,1,27,8,Thanh Hóa,Xã Xuân Chinh,19.7941161,105.2068756,75,Moderate,1,18.2,99,0.0,0.7,256,1011.4,100,18.3,20.4,259.0,7.8,59.0,2.1
2026-01-27 09:00:00,2026,1,27,9,Thanh Hóa,Xã Xuân Chinh,19.7941161,105.2068756,75,Moderate,1,19.0,95,0.1,2.2,90,1012.2,99,15.3,17.5,249.0,4.7,77.0,2.0
2026-01-27 10:00:00,2026,1,27,10,Thanh Hóa,Xã Xuân Chinh,19.7941161,105.2068756,76,Moderate,1,20.9,83,0.1,4.2,108,1012.4,50,14.6,17.9,241.0,2.4,91.0,2.1
2026-01-27 11:00:00,2026,1,27,11,Thanh Hóa,Xã Xuân Chinh,19.7941161,105.2068756,76,Moderate,1,22.5,72,0.0,4.4,120,1011.8,70,14.5,17.3,239.0,1.8,96.0,2.4
2026-01-27 12:00:00,2026,1,27,12,Thanh Hóa,Xã Xuân Chinh,19.7941161,105.2068756,75,Moderate,1,23.5,66,0.0,6.0,106,1010.5,96,14.9,16.9,240.0,2.0,96.0,2.9
2026-01-27 13:00:00,2026,1,27,13,Thanh Hóa,Xã Xuân Chinh,19.7941161,105.2068756,75,Moderate,1,24.2,66,0.1,7.8,98,1009.3,100,17.0,18.9,241.0,2.3,98.0,3.4
2026-01-27 14:00:00,2026,1,27,14,Thanh Hóa,Xã Xuân Chinh,19.7941161,105.2068756,76,Moderate,1,24.6,63,0.0,9.5,104,1008.4,98,17.7,19.4,238.0,2.2,104.0,3.7
2026-01-27 15:00:00,2026,1,27,15,Thanh Hóa,Xã Xuân Chinh,19.7941161,105.2068756,76,Moderate,1,24.5,63,0.0,8.7,94,1008.1,60,18.6,20.1,234.0,2.1,110.0,4.0
2026-01-27 16:00:00,2026,1,27,16,Thanh Hóa,Xã Xuân Chinh,19.7941161,105.2068756,76,Moderate,1,23.2,70,0.1,9.7,90,1008.2,100,20.0,21.4,240.0,2.5,113.0,4.3
2026-01-27 17:00:00,2026,1,27,17,Thanh Hóa,Xã Xuân Chinh,19.7941161,105.2068756,77,Moderate,1,21.7,80,0.1,7.0,90,1009.0,100,21.8,23.1,262.0,3.9,110.0,4.8
2026-01-27 18:00:00,2026,1,27,18,Thanh Hóa,Xã Xuân Chinh,19.7941161,105.2068756,78,Moderate,1,20.2,89,0.0,3.9,106,1009.4,100,23.9,24.9,294.0,5.8,104.0,5.3
2026-01-27 19:00:00,2026,1,27,19,Thanh Hóa,Xã Xuân Chinh,19.7941161,105.2068756,79,Moderate,1,19.6,95,0.0,2.7,90,1010.1,88,26.0,27.0,326.0,7.7,91.0,5.7
2026-01-27 20:00:00,2026,1,27,20,Thanh Hóa,Xã Xuân Chinh,19.7941161,105.2068756,79,Moderate,1,19.3,97,0.0,4.4,69,1011.0,47,28.6,29.8,358.0,9.0,87.0,6.5
2026-01-27 21:00:00,2026,1,27,21,Thanh Hóa,Xã Xuân Chinh,19.7941161,105.2068756,80,Moderate,1,18.6,98,0.0,3.3,49,1011.6,23,31.3,32.7,391.0,10.7,82.0,7.6
2026-01-27 22:00:00,2026,1,27,22,Thanh Hóa,Xã Xuân Chinh,19.7941161,105.2068756,80,Moderate,1,18.1,98,0.0,1.8,354,1011.7,17,34.5,35.9,413.0,12.1,77.0,8.1
2026-01-27 23:00:00,2026,1,27,23,Thanh Hóa,Xã Xuân Chinh,19.7941161,105.2068756,81,Moderate,1,17.8,98,0.0,1.9,311,1011.5,31,39.6,40.9,420.0,12.8,71.0,7.4
2026-01-28 00:00:00,2026,1,28,0,Thanh Hóa,Xã Xuân Chinh,19.7941161,105.2068756,82,Moderate,1,17.3,98,0.0,2.0,280,1011.2,38,44.6,45.8,416.0,13.1,65.0,6.1
2026-01-28 01:00:00,2026,1,28,1,Thanh Hóa,Xã Xuân Chinh,19.7941161,105.2068756,84,Moderate,1,17.2,99,0.0,3.4,267,1010.6,80,46.2,47.4,408.0,13.2,60.0,5.0
2026-01-28 02:00:00,2026,1,28,2,Thanh Hóa,Xã Xuân Chinh,19.7941161,105.2068756,85,Moderate,1,16.9,99,0.0,3.1,260,1010.0,83,46.2,47.3,394.0,12.9,56.0,4.3
2026-01-28 03:00:00,2026,1,28,3,Thanh Hóa,Xã Xuân Chinh,19.7941161,105.2068756,85,Moderate,1,16.5,99,0.0,2.2,265,1009.9,80,45.3,46.2,377.0,12.3,53.0,3.9
2026-01-28 04:00:00,2026,1,28,4,Thanh Hóa,Xã Xuân Chinh,19.7941161,105.2068756,86,Moderate,1,16.4,100,0.0,1.5,300,1010.3,77,45.1,45.9,366.0,11.9,51.0,3.9
2026-01-28 05:00:00,2026,1,28,5,Thanh Hóa,Xã Xuân Chinh,19.7941161,105.2068756,86,Moderate,1,16.2,100,0.0,1.3,304,1010.6,99,45.4,46.1,365.0,12.0,49.0,4.2
2026-01-28 06:00:00,2026,1,28,6,Thanh Hóa,Xã Xuân Chinh,19.7941161,105.2068756,87,Moderate,1,16.2,99,0.0,1.6,297,1011.2,98,45.4,46.1,370.0,12.2,47.0,5.0
2026-01-28 07:00:00,2026,1,28,7,Thanh Hóa,Xã Xuân Chinh,19.7941161,105.2068756,87,Moderate,1,16.8,98,0.0,1.7,283,1011.8,82,31.8,32.0,385.0,10.7,52.0,5.8
2026-01-28 08:00:00,2026,1,28,8,Thanh Hóa,Xã Xuân Chinh,19.7941161,105.2068756,87,Moderate,1,18.5,90,0.0,2.2,355,1012.6,29,26.2,26.3,421.0,9.7,69.0,12.2
2026-01-28 09:00:00,2026,1,28,9,Thanh Hóa,Xã Xuân Chinh,19.7941161,105.2068756,88,Moderate,1,20.0,81,0.0,4.9,62,1013.2,35,15.4,15.5,467.0,8.4,93.0,20.8
2026-01-28 10:00:00,2026,1,28,10,Thanh Hóa,Xã Xuân Chinh,19.7941161,105.2068756,88,Moderate,1,21.3,73,0.0,6.7,81,1013.1,34,17.2,17.4,493.0,7.0,113.0,25.9
2026-01-28 11:00:00,2026,1,28,11,Thanh Hóa,Xã Xuân Chinh,19.7941161,105.2068756,88,Moderate,1,22.1,68,0.1,6.5,85,1012.2,100,21.0,21.2,479.0,5.6,123.0,24.2
2026-01-28 12:00:00,2026,1,28,12,Thanh Hóa,Xã Xuân Chinh,19.7941161,105.2068756,89,Moderate,1,22.0,68,0.0,6.1,95,1011.1,100,24.9,25.1,445.0,4.3,129.0,19.1
2026-01-28 13:00:00,2026,1,28,13,Thanh Hóa,Xã Xuân Chinh,19.7941161,105.2068756,90,Moderate,1,23.1,63,0.1,7.5,107,1010.1,68,28.1,28.4,417.0,3.3,134.0,14.6
2026-01-28 14:00:00,2026,1,28,14,Thanh Hóa,Xã Xuân Chinh,19.7941161,105.2068756,90,Moderate,1,23.6,61,0.1,7.5,120,1008.8,77,29.4,29.7,404.0,2.7,139.0,12.2
2026-01-28 15:00:00,2026,1,28,15,Thanh Hóa,Xã Xuân Chinh,19.7941161,105.2068756,92,Moderate,1,23.2,63,0.0,8.4,125,1008.1,84,31.2,31.7,397.0,2.4,143.0,10.4
2026-01-28 16:00:00,2026,1,28,16,Thanh Hóa,Xã Xuân Chinh,19.7941161,105.2068756,93,Moderate,1,22.7,67,0.1,8.6,113,1007.9,85,32.8,33.4,403.0,2.8,143.0,9.2
2026-01-28 17:00:00,2026,1,28,17,Thanh Hóa,Xã Xuân Chinh,19.7941161,105.2068756,94,Moderate,1,21.7,71,0.0,6.2,102,1008.1,83,34.6,35.3,429.0,4.1,136.0,8.6
2026-01-28 18:00:00,2026,1,28,18,Thanh Hóa,Xã Xuân Chinh,19.7941161,105.2068756,95,Moderate,1,19.1,85,0.0,4.6,126,1008.2,76,36.2,36.9,468.0,5.9,124.0,8.6
2026-01-28 19:00:00,2026,1,28,19,Thanh Hóa,Xã Xuân Chinh,19.7941161,105.2068756,96,Moderate,1,17.9,93,0.0,2.9,150,1008.9,41,39.1,40.0,502.0,8.1,106.0,9.1
2026-01-28 20:00:00,2026,1,28,20,Thanh Hóa,Xã Xuân Chinh,19.7941161,105.2068756,97,Moderate,1,17.3,96,0.0,4.0,210,1009.4,13,41.6,42.7,523.0,9.4,102.0,9.8
2026-01-28 21:00:00,2026,1,28,21,Thanh Hóa,Xã Xuân Chinh,19.7941161,105.2068756,98,Moderate,1,16.8,97,0.0,5.2,236,1009.5,8,44.9,46.3,539.0,11.3,95.0,10.7
2026-01-28 22:00:00,2026,1,28,22,Thanh Hóa,Xã Xuân Chinh,19.7941161,105.2068756,100,Moderate,1,16.5,97,0.0,6.1,242,1009.4,0,47.7,49.2,552.0,12.5,88.0,10.9
2026-01-28 23:00:00,2026,1,28,23,Thanh Hóa,Xã Xuân Chinh,19.7941161,105.2068756,101,Unhealthy for Sensitive Groups,2,16.3,98,0.0,5.9,239,1009.1,0,51.2,52.6,563.0,12.7,79.0,9.7
2026-01-29 00:00:00,2026,1,29,0,Thanh Hóa,Xã Xuân Chinh,19.7941161,105.2068756,102,Unhealthy for Sensitive Groups,2,16.2,98,0.0,6.1,242,1008.7,1,52.7,54.0,570.0,12.4,68.0,7.7
2026-01-29 01:00:00,2026,1,29,1,Thanh Hóa,Xã Xuân Chinh,19.7941161,105.2068756,103,Unhealthy for Sensitive Groups,2,16.4,99,0.0,5.8,240,1008.5,57,50.4,51.5,573.0,11.5,62.0,6.1
2026-01-29 02:00:00,2026,1,29,2,Thanh Hóa,Xã Xuân Chinh,19.7941161,105.2068756,103,Unhealthy for Sensitive Groups,2,16.5,99,0.0,6.2,240,1007.8,77,45.6,46.7,569.0,9.9,63.0,5.3
2026-01-29 03:00:00,2026,1,29,3,Thanh Hóa,Xã Xuân Chinh,19.7941161,105.2068756,103,Unhealthy for Sensitive Groups,2,16.5,99,0.0,6.3,243,1007.2,98,43.3,44.2,561.0,7.8,69.0,4.8
2026-01-29 04:00:00,2026,1,29,4,Thanh Hóa,Xã Xuân Chinh,19.7941161,105.2068756,103,Unhealthy for Sensitive Groups,2,16.5,100,0.0,6.4,245,1006.8,100,40.7,41.6,555.0,6.2,73.0,4.4
2026-01-29 05:00:00,2026,1,29,5,Thanh Hóa,Xã Xuân Chinh,19.7941161,105.2068756,103,Unhealthy for Sensitive Groups,2,16.8,100,0.0,6.3,231,1006.9,100,38.8,39.6,563.0,5.8,74.0,3.9
2026-01-29 06:00:00,2026,1,29,6,Thanh Hóa,Xã Xuân Chinh,19.7941161,105.2068756,102,Unhealthy for Sensitive Groups,2,16.7,100,0.0,6.7,234,1007.5,16,37.5,38.2,573.0,5.9,73.0,3.5
2026-01-29 07:00:00,2026,1,29,7,Thanh Hóa,Xã Xuân Chinh,19.7941161,105.2068756,101,Unhealthy for Sensitive Groups,2,16.6,99,0.0,6.5,240,1008.2,98,36.2,36.7,559.0,4.6,78.0,2.3
2026-01-29 08:00:00,2026,1,29,8,Thanh Hóa,Xã Xuân Chinh,19.7941161,105.2068756,102,Unhealthy for Sensitive Groups,2,18.0,93,0.0,5.0,226,1008.9,21,32.2,32.8,496.0,3.7,87.0,2.3
2026-01-29 09:00:00,2026,1,29,9,Thanh Hóa,Xã Xuân Chinh,19.7941161,105.2068756,102,Unhealthy for Sensitive Groups,2,20.6,81,0.0,5.3,192,1009.5,66,29.7,30.4,409.0,2.5,100.0,2.2
2026-01-29 10:00:00,2026,1,29,10,Thanh Hóa,Xã Xuân Chinh,19.7941161,105.2068756,104,Unhealthy for Sensitive Groups,2,22.5,69,0.0,9.9,185,1009.7,44,27.5,28.3,341.0,1.6,110.0,2.2
2026-01-29 11:00:00,2026,1,29,11,Thanh Hóa,Xã Xuân Chinh,19.7941161,105.2068756,105,Unhealthy for Sensitive Groups,2,24.3,60,0.0,11.5,179,1008.9,38,24.5,25.5,313.0,1.2,114.0,2.1
2026-01-29 12:00:00,2026,1,29,12,Thanh Hóa,Xã Xuân Chinh,19.7941161,105.2068756,105,Unhealthy for Sensitive Groups,2,26.0,53,0.0,11.4,175,1007.5,62,23.1,24.2,304.0,1.1,116.0,2.1
2026-01-29 13:00:00,2026,1,29,13,Thanh Hóa,Xã Xuân Chinh,19.7941161,105.2068756,105,Unhealthy for Sensitive Groups,2,25.6,57,0.0,10.3,164,1006.3,100,22.1,23.4,300.0,1.2,117.0,2.1
2026-01-29 14:00:00,2026,1,29,14,Thanh Hóa,Xã Xuân Chinh,19.7941161,105.2068756,104,Unhealthy for Sensitive Groups,2,25.5,57,0.0,11.6,154,1005.2,34,22.0,23.3,297.0,1.2,120.0,2.3
2026-01-29 15:00:00,2026,1,29,15,Thanh Hóa,Xã Xuân Chinh,19.7941161,105.2068756,104,Unhealthy for Sensitive Groups,2,26.0,56,0.0,10.2,156,1004.7,55,22.1,23.5,300.0,1.4,122.0,2.6
2026-01-29 16:00:00,2026,1,29,16,Thanh Hóa,Xã Xuân Chinh,19.7941161,105.2068756,103,Unhealthy for Sensitive Groups,2,25.6,58,0.0,10.2,152,1004.6,34,22.1,23.4,304.0,2.0,121.0,3.0
2026-01-29 17:00:00,2026,1,29,17,Thanh Hóa,Xã Xuân Chinh,19.7941161,105.2068756,101,Unhealthy for Sensitive Groups,2,24.2,66,0.0,6.8,143,1004.9,59,21.8,23.1,313.0,3.5,114.0,3.5
2026-01-29 18:00:00,2026,1,29,18,Thanh Hóa,Xã Xuân Chinh,19.7941161,105.2068756,100,Moderate,1,21.0,83,0.0,7.7,155,1005.5,100,22.6,23.6,324.0,5.5,105.0,4.1
2026-01-29 19:00:00,2026,1,29,19,Thanh Hóa,Xã Xuân Chinh,19.7941161,105.2068756,99,Moderate,1,19.7,94,0.0,4.3,175,1006.3,60,28.1,29.0,326.0,8.4,97.0,4.8
2026-01-29 20:00:00,2026,1,29,20,Thanh Hóa,Xã Xuân Chinh,19.7941161,105.2068756,98,Moderate,1,19.2,97,0.0,6.1,210,1007.2,81,30.5,31.9,310.0,9.1,94.0,5.0
2026-01-29 21:00:00,2026,1,29,21,Thanh Hóa,Xã Xuân Chinh,19.7941161,105.2068756,97,Moderate,1,19.3,98,0.0,6.6,221,1007.8,66,31.9,33.6,286.0,10.1,89.0,5.2
2026-01-29 22:00:00,2026,1,29,22,Thanh Hóa,Xã Xuân Chinh,19.7941161,105.2068756,96,Moderate,1,19.6,97,0.0,6.4,227,1008.0,63,36.3,38.2,268.0,10.8,82.0,5.1
2026-01-29 23:00:00,2026,1,29,23,Thanh Hóa,Xã Xuân Chinh,19.7941161,105.2068756,95,Moderate,1,19.8,95,0.0,4.5,236,1007.8,43,42.0,44.1,265.0,11.2,72.0,4.5
2026-01-30 00:00:00,2026,1,30,0,Thanh Hóa,Xã Xuân Chinh,19.7941161,105.2068756,94,Moderate,1,19.8,95,0.0,3.7,235,1007.5,50,44.4,46.4,268.0,11.3,61.0,3.6
2026-01-30 01:00:00,2026,1,30,1,Thanh Hóa,Xã Xuân Chinh,19.7941161,105.2068756,93,Moderate,1,19.8,95,0.0,4.1,232,1007.0,41,45.4,47.0,273.0,11.1,53.0,2.8
2026-01-30 02:00:00,2026,1,30,2,Thanh Hóa,Xã Xuân Chinh,19.7941161,105.2068756,93,Moderate,1,18.7,98,0.0,4.3,242,1006.3,17,46.0,47.4,276.0,10.2,51.0,2.2
2026-01-30 03:00:00,2026,1,30,3,Thanh Hóa,Xã Xuân Chinh,19.7941161,105.2068756,93,Moderate,1,18.2,98,0.0,3.9,248,1006.0,5,43.3,44.7,280.0,8.9,53.0,1.6
2026-01-30 04:00:00,2026,1,30,4,Thanh Hóa,Xã Xuân Chinh,19.7941161,105.2068756,93,Moderate,1,17.9,99,0.0,3.1,249,1006.3,38,37.6,39.1,289.0,8.3,54.0,1.3
2026-01-30 05:00:00,2026,1,30,5,Thanh Hóa,Xã Xuân Chinh,19.7941161,105.2068756,93,Moderate,1,17.8,99,0.0,2.3,252,1006.6,88,36.4,37.7,310.0,9.2,50.0,1.3
2026-01-30 06:00:00,2026,1,30,6,Thanh Hóa,Xã Xuân Chinh,19.7941161,105.2068756,92,Moderate,1,17.8,98,0.0,1.7,238,1007.1,81,37.8,39.2,336.0,10.7,45.0,1.6
2026-01-30 07:00:00,2026,1,30,7,Thanh Hóa,Xã Xuân Chinh,19.7941161,105.2068756,92,Moderate,1,18.4,98,0.0,2.4,234,1008.2,100,29.9,30.6,347.0,8.3,58.0,1.5
2026-01-30 08:00:00,2026,1,30,8,Thanh Hóa,Xã Xuân Chinh,19.7941161,105.2068756,92,Moderate,1,19.8,94,0.0,2.1,128,1009.2,100,22.6,23.4,330.0,6.5,70.0,1.6
2026-01-30 09:00:00,2026,1,30,9,Thanh Hóa,Xã Xuân Chinh,19.7941161,105.2068756,91,Moderate,1,20.8,89,0.0,4.1,124,1010.3,100,19.2,20.1,300.0,3.9,87.0,1.6
2026-01-30 10:00:00,2026,1,30,10,Thanh Hóa,Xã Xuân Chinh,19.7941161,105.2068756,90,Moderate,1,22.0,82,0.1,4.6,135,1010.6,100,18.5,19.7,278.0,2.1,100.0,1.7
2026-01-30 11:00:00,2026,1,30,11,Thanh Hóa,Xã Xuân Chinh,19.7941161,105.2068756,89,Moderate,1,23.3,77,0.1,4.8,132,1010.0,99,17.8,19.1,277.0,1.6,106.0,1.7
2026-01-30 12:00:00,2026,1,30,12,Thanh Hóa,Xã Xuân Chinh,19.7941161,105.2068756,89,Moderate,1,24.0,74,0.1,5.6,132,1008.8,100,18.2,19.5,285.0,1.8,108.0,1.7
2026-01-30 13:00:00,2026,1,30,13,Thanh Hóa,Xã Xuân Chinh,19.7941161,105.2068756,88,Moderate,1,24.8,68,0.0,4.8,143,1007.7,95,19.2,20.4,291.0,2.1,111.0,1.8
2026-01-30 14:00:00,2026,1,30,14,Thanh Hóa,Xã Xuân Chinh,19.7941161,105.2068756,88,Moderate,1,25.3,66,0.0,5.3,145,1006.6,99,20.7,21.9,290.0,2.1,117.0,2.0
2026-01-30 15:00:00,2026,1,30,15,Thanh Hóa,Xã Xuân Chinh,19.7941161,105.2068756,88,Moderate,1,25.7,63,0.0,6.8,143,1005.8,84,21.6,22.9,287.0,2.1,124.0,2.3
2026-01-30 16:00:00,2026,1,30,16,Thanh Hóa,Xã Xuân Chinh,19.7941161,105.2068756,88,Moderate,1,25.4,65,0.0,6.6,112,1005.7,33,21.3,22.6,285.0,2.8,125.0,2.7
2026-01-30 17:00:00,2026,1,30,17,Thanh Hóa,Xã Xuân Chinh,19.7941161,105.2068756,88,Moderate,1,24.3,72,0.0,6.4,100,1006.1,49,20.1,21.4,285.0,4.5,117.0,3.2
2026-01-30 18:00:00,2026,1,30,18,Thanh Hóa,Xã Xuân Chinh,19.7941161,105.2068756,88,Moderate,1,21.1,89,0.0,3.8,101,1006.7,44,20.3,21.7,286.0,6.9,104.0,3.9
2026-01-30 19:00:00,2026,1,30,19,Thanh Hóa,Xã Xuân Chinh,19.7941161,105.2068756,87,Moderate,1,20.4,94,0.0,1.4,130,1007.4,75,32.2,34.7,285.0,10.4,94.0,5.2
2026-01-30 20:00:00,2026,1,30,20,Thanh Hóa,Xã Xuân Chinh,19.7941161,105.2068756,88,Moderate,1,20.1,95,0.0,2.4,197,1008.4,31,34.8,37.3,281.0,12.2,89.0,6.1
2026-01-30 21:00:00,2026,1,30,21,Thanh Hóa,Xã Xuân Chinh,19.7941161,105.2068756,88,Moderate,1,19.7,96,0.0,2.8,215,1008.9,27,36.9,39.6,275.0,14.7,81.0,7.2
2026-01-30 22:00:00,2026,1,30,22,Thanh Hóa,Xã Xuân Chinh,19.7941161,105.2068756,89,Moderate,1,19.3,97,0.0,3.1,239,1009.5,18,39.2,42.6,267.0,16.4,73.0,7.6
2026-01-30 23:00:00,2026,1,30,23,Thanh Hóa,Xã Xuân Chinh,19.7941161,105.2068756,89,Moderate,1,18.7,98,0.0,3.6,243,1009.4,75,47.3,50.3,256.0,16.8,64.0,6.3
2026-01-31 00:00:00,2026,1,31,0,Thanh Hóa,Xã Xuân Chinh,19.7941161,105.2068756,89,Moderate,1,18.1,99,0.0,3.3,248,1009.4,48,54.2,56.9,244.0,16.3,54.0,4.2
2026-01-31 01:00:00,2026,1,31,1,Thanh Hóa,Xã Xuân Chinh,19.7941161,105.2068756,90,Moderate,1,18.5,100,0.0,4.3,255,1009.0,99,54.9,57.2,236.0,15.1,50.0,2.8
2026-01-31 02:00:00,2026,1,31,2,Thanh Hóa,Xã Xuân Chinh,19.7941161,105.2068756,91,Moderate,1,18.4,100,0.0,5.2,256,1008.7,100,50.5,52.4,232.0,12.4,57.0,2.8
2026-01-31 03:00:00,2026,1,31,3,Thanh Hóa,Xã Xuân Chinh,19.7941161,105.2068756,91,Moderate,1,18.4,100,0.0,4.4,251,1008.5,99,41.4,43.8,232.0,9.0,69.0,3.4
2026-01-31 04:00:00,2026,1,31,4,Thanh Hóa,Xã Xuân Chinh,19.7941161,105.2068756,91,Moderate,1,18.3,100,0.0,2.2,265,1008.8,99,29.9,34.0,238.0,6.6,76.0,3.8
2026-01-31 05:00:00,2026,1,31,5,Thanh Hóa,Xã Xuân Chinh,19.7941161,105.2068756,91,Moderate,1,18.3,100,0.0,1.3,304,1009.5,99,30.0,33.1,254.0,6.4,71.0,3.5
2026-01-31 06:00:00,2026,1,31,6,Thanh Hóa,Xã Xuân Chinh,19.7941161,105.2068756,90,Moderate,1,18.4,99,0.0,1.0,329,1010.4,100,31.3,33.6,276.0,7.2,62.0,3.1
2026-01-31 07:00:00,2026,1,31,7,Thanh Hóa,Xã Xuân Chinh,19.7941161,105.2068756,89,Moderate,1,19.1,100,0.0,1.0,301,1011.1,100,25.3,27.2,291.0,5.8,65.0,2.5
2026-01-31 08:00:00,2026,1,31,8,Thanh Hóa,Xã Xuân Chinh,19.7941161,105.2068756,89,Moderate,1,19.7,98,0.0,1.0,31,1012.0,100,19.3,21.8,292.0,5.2,70.0,2.8
2026-01-31 09:00:00,2026,1,31,9,Thanh Hóa,Xã Xuân Chinh,19.7941161,105.2068756,89,Moderate,1,19.9,95,1.0,3.9,56,1012.9,100,14.5,16.9,288.0,4.4,78.0,3.4
2026-01-31 10:00:00,2026,1,31,10,Thanh Hóa,Xã Xuân Chinh,19.7941161,105.2068756,88,Moderate,1,20.4,96,1.0,8.6,61,1013.4,100,14.1,16.2,289.0,3.9,86.0,4.2
2026-01-31 11:00:00,2026,1,31,11,Thanh Hóa,Xã Xuân Chinh,19.7941161,105.2068756,88,Moderate,1,20.0,93,1.8,10.1,63,1013.2,98,15.5,17.5,302.0,4.0,94.0,5.5
2026-01-31 12:00:00,2026,1,31,12,Thanh Hóa,Xã Xuân Chinh,19.7941161,105.2068756,88,Moderate,1,21.0,86,0.2,8.5,78,1012.2,94,17.9,19.6,321.0,4.5,101.0,7.1
2026-01-31 13:00:00,2026,1,31,13,Thanh Hóa,Xã Xuân Chinh,19.7941161,105.2068756,88,Moderate,1,21.7,82,0.1,10.1,88,1011.1,100,22.4,23.7,342.0,5.2,107.0,8.6
2026-01-31 14:00:00,2026,1,31,14,Thanh Hóa,Xã Xuân Chinh,19.7941161,105.2068756,88,Moderate,1,21.3,81,0.1,9.1,97,1010.2,100,24.7,25.9,365.0,6.0,110.0,10.0
2026-01-31 15:00:00,2026,1,31,15,Thanh Hóa,Xã Xuân Chinh,19.7941161,105.2068756,88,Moderate,1,21.2,79,0.1,9.5,89,1009.8,100,28.5,29.7,388.0,7.0,111.0,11.4
2026-01-31 16:00:00,2026,1,31,16,Thanh Hóa,Xã Xuân Chinh,19.7941161,105.2068756,89,Moderate,1,20.8,78,0.0,8.3,86,1010.0,98,29.0,30.0,406.0,8.2,110.0,12.5
2026-01-31 17:00:00,2026,1,31,17,Thanh Hóa,Xã Xuân Chinh,19.7941161,105.2068756,90,Moderate,1,20.2,80,0.0,5.1,94,1010.5,63,31.0,32.1,413.0,9.6,105.0,13.3
2026-01-31 18:00:00,2026,1,31,18,Thanh Hóa,Xã Xuân Chinh,19.7941161,105.2068756,91,Moderate,1,18.7,88,0.0,3.1,100,1010.6,55,35.5,36.6,413.0,11.1,97.0,13.9
2026-01-31 19:00:00,2026,1,31,19,Thanh Hóa,Xã Xuân Chinh,19.7941161,105.2068756,92,Moderate,1,18.0,92,0.0,2.3,94,1010.9,55,28.1,29.2,415.0,9.7,86.0,13.0
2026-01-31 20:00:00,2026,1,31,20,Thanh Hóa,Xã Xuân Chinh,19.7941161,105.2068756,92,Moderate,1,17.8,93,0.0,1.5,159,1011.7,47,29.7,30.7,421.0,10.5,81.0,12.9
2026-01-31 21:00:00,2026,1,31,21,Thanh Hóa,Xã Xuân Chinh,19.7941161,105.2068756,91,Moderate,1,17.4,94,0.0,1.8,169,1011.9,87,31.5,32.8,428.0,11.7,74.0,12.9
2026-01-31 22:00:00,2026,1,31,22,Thanh Hóa,Xã Xuân Chinh,19.7941161,105.2068756,91,Moderate,1,17.4,94,0.0,1.2,219,1012.3,95,34.2,35.9,434.0,12.4,69.0,12.8
2026-01-31 23:00:00,2026,1,31,23,Thanh Hóa,Xã Xuân Chinh,19.7941161,105.2068756,90,Moderate,1,17.4,93,0.0,0.6,236,1012.2,99,36.0,37.8,439.0,12.3,69.0,12.7
2026-02-01 00:00:00,2026,2,1,0,Thanh Hóa,Xã Xuân Chinh,19.7941161,105.2068756,89,Moderate,1,17.8,91,0.0,2.0,170,1011.9,100,37.0,39.0,443.0,11.9,70.0,12.7
2026-02-01 01:00:00,2026,2,1,1,Thanh Hóa,Xã Xuân Chinh,19.7941161,105.2068756,88,Moderate,1,18.0,91,0.0,2.5,90,1011.6,100,35.9,38.0,447.0,11.5,71.0,12.9
2026-02-01 02:00:00,2026,2,1,2,Thanh Hóa,Xã Xuân Chinh,19.7941161,105.2068756,86,Moderate,1,18.2,89,0.0,2.6,74,1010.9,100,36.0,37.8,444.0,11.2,70.0,13.3
2026-02-01 03:00:00,2026,2,1,3,Thanh Hóa,Xã Xuân Chinh,19.7941161,105.2068756,85,Moderate,1,18.0,90,0.1,2.8,63,1010.7,100,36.7,38.1,440.0,11.0,67.0,14.0
2026-02-01 04:00:00,2026,2,1,4,Thanh Hóa,Xã Xuân Chinh,19.7941161,105.2068756,84,Moderate,1,17.9,92,0.1,3.1,59,1010.9,100,35.2,36.3,452.0,11.7,63.0,15.7
2026-02-01 05:00:00,2026,2,1,5,Thanh Hóa,Xã Xuân Chinh,19.7941161,105.2068756,85,Moderate,1,17.7,94,0.1,4.4,69,1011.4,100,36.2,37.1,496.0,14.4,55.0,19.4
2026-02-01 06:00:00,2026,2,1,6,Thanh Hóa,Xã Xuân Chinh,19.7941161,105.2068756,85,Moderate,1,17.5,95,0.1,5.1,72,1012.5,100,36.7,37.4,555.0,17.9,46.0,24.1
2026-02-01 07:00:00,2026,2,1,7,Thanh Hóa,Xã Xuân Chinh,19.7941161,105.2068756,86,Moderate,1,17.3,91,0.0,3.9,53,1013.1,100,35.9,36.8,595.0,16.7,44.0,16.8
2026-02-01 08:00:00,2026,2,1,8,Thanh Hóa,Xã Xuân Chinh,19.7941161,105.2068756,87,Moderate,1,17.7,88,0.0,5.1,54,1013.8,86,32.9,33.6,600.0,15.8,50.0,18.8
2026-02-01 09:00:00,2026,2,1,9,Thanh Hóa,Xã Xuân Chinh,19.7941161,105.2068756,88,Moderate,1,18.2,84,0.0,6.7,59,1014.7,59,30.4,31.0,587.0,14.5,59.0,21.4
2026-02-01 10:00:00,2026,2,1,10,Thanh Hóa,Xã Xuân Chinh,19.7941161,105.2068756,89,Moderate,1,19.4,78,0.0,7.8,56,1014.9,100,27.2,28.0,571.0,13.1,68.0,22.9
2026-02-01 11:00:00,2026,2,1,11,Thanh Hóa,Xã Xuân Chinh,19.7941161,105.2068756,90,Moderate,1,20.5,73,0.1,8.4,55,1014.3,98,27.4,28.3,554.0,11.7,77.0,22.1
2026-02-01 12:00:00,2026,2,1,12,Thanh Hóa,Xã Xuân Chinh,19.7941161,105.2068756,91,Moderate,1,20.4,74,0.0,8.7,53,1013.4,96,29.3,30.3,535.0,10.3,87.0,20.1
2026-02-01 13:00:00,2026,2,1,13,Thanh Hóa,Xã Xuân Chinh,19.7941161,105.2068756,93,Moderate,1,21.3,69,0.0,8.3,56,1012.0,99,31.0,32.0,521.0,9.1,96.0,18.2
2026-02-01 14:00:00,2026,2,1,14,Thanh Hóa,Xã Xuân Chinh,19.7941161,105.2068756,93,Moderate,1,20.9,71,0.0,7.8,64,1011.2,100,32.6,33.8,515.0,7.9,105.0,16.8
2026-02-01 15:00:00,2026,2,1,15,Thanh Hóa,Xã Xuân Chinh,19.7941161,105.2068756,94,Moderate,1,21.1,70,0.0,6.4,61,1010.7,100,33.3,34.5,515.0,6.9,112.0,15.5
2026-02-01 16:00:00,2026,2,1,16,Thanh Hóa,Xã Xuân Chinh,19.7941161,105.2068756,94,Moderate,1,21.1,70,0.0,6.3,70,1010.7,100,33.6,34.8,519.0,6.6,115.0,14.5
2026-02-01 17:00:00,2026,2,1,17,Thanh Hóa,Xã Xuân Chinh,19.7941161,105.2068756,95,Moderate,1,20.4,73,0.0,6.9,84,1010.9,100,34.0,35.2,528.0,7.5,109.0,13.9
2026-02-01 18:00:00,2026,2,1,18,Thanh Hóa,Xã Xuân Chinh,19.7941161,105.2068756,95,Moderate,1,19.0,82,0.0,5.5,99,1011.2,81,34.7,35.6,541.0,9.0,99.0,13.6
2026-02-01 19:00:00,2026,2,1,19,Thanh Hóa,Xã Xuân Chinh,19.7941161,105.2068756,95,Moderate,1,17.4,93,0.0,3.1,103,1011.8,20,33.6,34.7,553.0,8.3,87.0,10.3
2026-02-01 20:00:00,2026,2,1,20,Thanh Hóa,Xã Xuân Chinh,19.7941161,105.2068756,95,Moderate,1,17.1,95,0.0,1.9,124,1012.6,29,32.2,33.3,562.0,9.3,84.0,10.6
2026-02-01 21:00:00,2026,2,1,21,Thanh Hóa,Xã Xuân Chinh,19.7941161,105.2068756,96,Moderate,1,16.4,97,0.0,0.5,180,1012.9,34,33.4,34.6,568.0,10.6,80.0,11.0
2026-02-01 22:00:00,2026,2,1,22,Thanh Hóa,Xã Xuân Chinh,19.7941161,105.2068756,96,Moderate,1,16.1,97,0.0,0.4,333,1012.8,11,35.7,36.9,572.0,12.0,75.0,11.4
2026-02-01 23:00:00,2026,2,1,23,Thanh Hóa,Xã Xuân Chinh,19.7941161,105.2068756,96,Moderate,1,16.2,97,0.0,0.4,333,1012.8,16,38.5,39.7,570.0,13.6,69.0,11.7
2026-02-02 00:00:00,2026,2,2,0,Thanh Hóa,Xã Xuân Chinh,19.7941161,105.2068756,96,Moderate,1,16.1,96,0.0,0.4,270,1012.5,27,40.9,42.0,565.0,15.1,63.0,11.9
2026-02-02 01:00:00,2026,2,2,1,Thanh Hóa,Xã Xuân Chinh,19.7941161,105.2068756,97,Moderate,1,16.2,97,0.0,0.6,288,1012.0,97,42.0,43.1,562.0,15.7,59.0,12.1
2026-02-02 02:00:00,2026,2,2,2,Thanh Hóa,Xã Xuân Chinh,19.7941161,105.2068756,97,Moderate,1,16.6,97,0.0,4.4,21,1012.2,100,43.0,44.0,561.0,14.5,57.0,12.0
2026-02-02 03:00:00,2026,2,2,3,Thanh Hóa,Xã Xuân Chinh,19.7941161,105.2068756,98,Moderate,1,16.8,94,0.0,5.2,41,1012.3,100,41.3,42.1,562.0,12.4,56.0,11.8
2026-02-02 04:00:00,2026,2,2,4,Thanh Hóa,Xã Xuân Chinh,19.7941161,105.2068756,98,Moderate,1,16.7,93,0.0,5.2,29,1012.6,100,38.8,39.6,567.0,10.8,57.0,12.9
2026-02-02 05:00:00,2026,2,2,5,Thanh Hóa,Xã Xuân Chinh,19.7941161,105.2068756,98,Moderate,1,16.6,94,0.3,4.8,25,1013.1,100,33.3,34.1,581.0,10.3,59.0,16.3
2026-02-02 06:00:00,2026,2,2,6,Thanh Hóa,Xã Xuân Chinh,19.7941161,105.2068756,98,Moderate,1,16.5,97,0.7,5.4,26,1013.9,100,31.8,32.5,599.0,10.4,61.0,20.9
2026-02-02 07:00:00,2026,2,2,7,Thanh Hóa,Xã Xuân Chinh,19.7941161,105.2068756,98,Moderate,1,16.4,98,0.6,6.7,19,1014.7,100,27.4,28.1,609.0,10.3,62.0,17.9
2026-02-02 08:00:00,2026,2,2,8,Thanh Hóa,Xã Xuân Chinh,19.7941161,105.2068756,97,Moderate,1,16.5,98,0.4,7.5,20,1015.7,100,23.5,24.2,604.0,11.1,63.0,20.0
2026-02-02 09:00:00,2026,2,2,9,Thanh Hóa,Xã Xuân Chinh,19.7941161,105.2068756,96,Moderate,1,16.5,96,0.2,7.0,23,1016.6,100,25.4,26.0,592.0,12.2,64.0,22.9
2026-02-02 10:00:00,2026,2,2,10,Thanh Hóa,Xã Xuân Chinh,19.7941161,105.2068756,96,Moderate,1,16.8,89,0.0,7.0,18,1016.7,94,28.2,28.8,580.0,12.6,69.0,24.6
2026-02-02 11:00:00,2026,2,2,11,Thanh Hóa,Xã Xuân Chinh,19.7941161,105.2068756,96,Moderate,1,18.1,79,0.0,11.0,38,1016.1,100,32.6,33.2,571.0,11.6,79.0,24.0
2026-02-02 12:00:00,2026,2,2,12,Thanh Hóa,Xã Xuân Chinh,19.7941161,105.2068756,96,Moderate,1,18.8,75,0.0,10.1,46,1015.1,100,35.4,36.0,563.0,9.8,92.0,22.3
2026-02-02 13:00:00,2026,2,2,13,Thanh Hóa,Xã Xuân Chinh,19.7941161,105.2068756,97,Moderate,1,19.2,73,0.0,8.8,49,1014.1,100,37.6,38.2,554.0,8.5,102.0,20.6
2026-02-02 14:00:00,2026,2,2,14,Thanh Hóa,Xã Xuân Chinh,19.7941161,105.2068756,97,Moderate,1,19.3,73,0.0,8.1,55,1013.0,100,38.5,39.1,540.0,7.7,109.0,19.0
2026-02-02 15:00:00,2026,2,2,15,Thanh Hóa,Xã Xuân Chinh,19.7941161,105.2068756,98,Moderate,1,19.5,72,0.0,8.0,56,1012.4,92,39.2,39.9,525.0,7.4,113.0,17.3
2026-02-02 16:00:00,2026,2,2,16,Thanh Hóa,Xã Xuân Chinh,19.7941161,105.2068756,98,Moderate,1,19.3,73,0.0,7.8,48,1012.2,80,42.0,42.7,519.0,7.9,112.0,17.0
2026-02-02 17:00:00,2026,2,2,17,Thanh Hóa,Xã Xuân Chinh,19.7941161,105.2068756,99,Moderate,1,19.2,73,0.0,6.3,51,1012.6,75,44.6,45.3,529.0,9.8,105.0,18.8
2026-02-02 18:00:00,2026,2,2,18,Thanh Hóa,Xã Xuân Chinh,19.7941161,105.2068756,100,Moderate,1,18.4,78,0.0,3.6,53,1012.7,52,47.4,48.0,550.0,12.6,93.0,22.0
2026-02-02 19:00:00,2026,2,2,19,Thanh Hóa,Xã Xuân Chinh,19.7941161,105.2068756,101,Unhealthy for Sensitive Groups,2,17.5,85,0.0,3.7,47,1013.4,24,48.9,49.4,570.0,11.9,86.0,22.2
2026-02-02 20:00:00,2026,2,2,20,Thanh Hóa,Xã Xuân Chinh,19.7941161,105.2068756,103,Unhealthy for Sensitive Groups,2,17.5,84,0.0,4.5,23,1014.1,20,50.8,51.1,590.0,13.6,79.0,24.6
2026-02-02 21:00:00,2026,2,2,21,Thanh Hóa,Xã Xuân Chinh,19.7941161,105.2068756,105,Unhealthy for Sensitive Groups,2,17.0,85,0.0,4.5,23,1014.3,3,53.1,53.6,611.0,15.9,69.0,28.0
2026-02-02 22:00:00,2026,2,2,22,Thanh Hóa,Xã Xuân Chinh,19.7941161,105.2068756,107,Unhealthy for Sensitive Groups,2,16.3,89,0.0,2.3,61,1014.5,28,56.3,56.8,625.0,18.0,60.0,30.6
2026-02-02 23:00:00,2026,2,2,23,Thanh Hóa,Xã Xuân Chinh,19.7941161,105.2068756,109,Unhealthy for Sensitive Groups,2,15.9,89,0.0,2.0,100,1014.5,72,60.1,60.5,628.0,19.5,54.0,31.8
2026-02-03 00:00:00,2026,2,3,0,Thanh Hóa,Xã Xuân Chinh,19.7941161,105.2068756,111,Unhealthy for Sensitive Groups,2,15.8,90,0.0,1.8,127,1014.2,92,63.3,64.0,624.0,20.7,49.0,32.2
2026-02-03 01:00:00,2026,2,3,1,Thanh Hóa,Xã Xuân Chinh,19.7941161,105.2068756,114,Unhealthy for Sensitive Groups,2,16.2,88,0.0,1.2,27,1013.9,98,66.8,67.5,619.0,21.6,45.0,32.1
2026-02-03 02:00:00,2026,2,3,2,Thanh Hóa,Xã Xuân Chinh,19.7941161,105.2068756,116,Unhealthy for Sensitive Groups,2,16.3,87,0.0,1.3,16,1013.3,79,70.1,70.8,613.0,22.0,41.0,31.5
2026-02-03 03:00:00,2026,2,3,3,Thanh Hóa,Xã Xuân Chinh,19.7941161,105.2068756,119,Unhealthy for Sensitive Groups,2,16.2,87,0.0,1.4,140,1013.1,95,72.6,73.3,607.0,22.1,38.0,30.3
2026-02-03 04:00:00,2026,2,3,4,Thanh Hóa,Xã Xuân Chinh,19.7941161,105.2068756,122,Unhealthy for Sensitive Groups,2,15.7,88,0.0,1.1,171,1013.1,53,73.6,74.3,606.0,21.8,36.0,29.1
2026-02-03 05:00:00,2026,2,3,5,Thanh Hóa,Xã Xuân Chinh,19.7941161,105.2068756,126,Unhealthy for Sensitive Groups,2,15.6,86,0.0,0.6,198,1013.1,29,74.3,75.0,620.0,21.4,32.0,27.6
2026-02-03 06:00:00,2026,2,3,6,Thanh Hóa,Xã Xuân Chinh,19.7941161,105.2068756,130,Unhealthy for Sensitive Groups,2,15.4,85,0.0,0.2,270,1013.9,91,75.7,76.4,640.0,20.7,28.0,26.0
2026-02-03 07:00:00,2026,2,3,7,Thanh Hóa,Xã Xuân Chinh,19.7941161,105.2068756,135,Unhealthy for Sensitive Groups,2,15.3,88,0.0,0.3,315,1014.5,100,82.7,83.4,645.0,20.3,36.0,31.5
2026-02-03 08:00:00,2026,2,3,8,Thanh Hóa,Xã Xuân Chinh,19.7941161,105.2068756,141,Unhealthy for Sensitive Groups,2,16.9,79,0.0,1.9,56,1015.0,97,72.6,73.3,621.0,16.9,49.0,32.9
2026-02-03 09:00:00,2026,2,3,9,Thanh Hóa,Xã Xuân Chinh,19.7941161,105.2068756,146,Unhealthy for Sensitive Groups,2,18.1,75,0.0,4.2,54,1015.8,88,52.5,53.3,581.0,12.1,67.0,34.7
2026-02-03 10:00:00,2026,2,3,10,Thanh Hóa,Xã Xuân Chinh,19.7941161,105.2068756,149,Unhealthy for Sensitive Groups,2,19.3,69,0.0,6.0,57,1016.0,100,45.3,46.0,545.0,8.2,83.0,34.2
2026-02-03 11:00:00,2026,2,3,11,Thanh Hóa,Xã Xuân Chinh,19.7941161,105.2068756,150,Unhealthy for Sensitive Groups,2,20.1,67,0.0,5.3,57,1015.1,100,43.5,44.4,517.0,6.2,94.0,29.4
2026-02-03 12:00:00,2026,2,3,12,Thanh Hóa,Xã Xuân Chinh,19.7941161,105.2068756,150,Unhealthy for Sensitive Groups,2,20.4,66,0.0,5.3,66,1014.2,100,42.4,43.3,492.0,5.1,103.0,22.4
2026-02-03 13:00:00,2026,2,3,13,Thanh Hóa,Xã Xuân Chinh,19.7941161,105.2068756,150,Unhealthy for Sensitive Groups,2,20.5,65,0.0,5.5,71,1013.1,100,43.1,44.0,475.0,4.5,110.0,16.8
2026-02-03 14:00:00,2026,2,3,14,Thanh Hóa,Xã Xuân Chinh,19.7941161,105.2068756,151,Unhealthy,3,20.3,67,0.0,4.9,73,1012.0,100,43.8,44.7,469.0,4.1,115.0,14.1
2026-02-03 15:00:00,2026,2,3,15,Thanh Hóa,Xã Xuân Chinh,19.7941161,105.2068756,151,Unhealthy,3,20.6,67,0.0,4.4,81,1011.3,100,44.8,45.9,472.0,4.1,117.0,12.7
2026-02-03 16:00:00,2026,2,3,16,Thanh Hóa,Xã Xuân Chinh,19.7941161,105.2068756,151,Unhealthy,3,20.2,69,0.0,6.1,93,1011.0,100,46.1,47.1,474.0,4.7,116.0,11.7
2026-02-03 17:00:00,2026,2,3,17,Thanh Hóa,Xã Xuân Chinh,19.7941161,105.2068756,151,Unhealthy,3,19.9,71,0.0,5.8,104,1010.9,100,46.4,47.5,474.0,6.2,109.0,10.8
2026-02-03 18:00:00,2026,2,3,18,Thanh Hóa,Xã Xuân Chinh,19.7941161,105.2068756,151,Unhealthy,3,18.1,81,0.0,2.0,117,1010.8,78,47.3,48.3,474.0,8.4,98.0,10.2
2026-02-03 19:00:00,2026,2,3,19,Thanh Hóa,Xã Xuân Chinh,19.7941161,105.2068756,151,Unhealthy,3,18.0,84,0.0,1.5,97,1010.9,100,49.6,50.5,475.0,10.0,84.0,11.2
2026-02-03 20:00:00,2026,2,3,20,Thanh Hóa,Xã Xuân Chinh,19.7941161,105.2068756,151,Unhealthy,3,17.8,86,0.0,3.3,158,1011.5,100,50.9,52.0,478.0,11.2,82.0,11.8
2026-02-03 21:00:00,2026,2,3,21,Thanh Hóa,Xã Xuân Chinh,19.7941161,105.2068756,151,Unhealthy,3,17.1,89,0.0,2.7,203,1012.0,30,52.6,53.8,482.0,13.0,79.0,12.7
2026-02-03 22:00:00,2026,2,3,22,Thanh Hóa,Xã Xuân Chinh,19.7941161,105.2068756,151,Unhealthy,3,16.5,92,0.0,3.3,225,1012.0,5,54.4,55.6,486.0,14.2,74.0,12.8
2026-02-03 23:00:00,2026,2,3,23,Thanh Hóa,Xã Xuân Chinh,19.7941161,105.2068756,151,Unhealthy,3,16.1,95,0.0,4.0,234,1011.4,13,56.5,57.6,490.0,14.7,64.0,11.7
2026-02-04 00:00:00,2026,2,4,0,Thanh Hóa,Xã Xuân Chinh,19.7941161,105.2068756,151,Unhealthy,3,15.7,97,0.0,4.6,239,1011.0,4,55.8,56.8,495.0,14.7,52.0,9.8
2026-02-04 01:00:00,2026,2,4,1,Thanh Hóa,Xã Xuân Chinh,19.7941161,105.2068756,151,Unhealthy,3,15.5,97,0.0,4.3,228,1010.0,25,52.9,53.7,500.0,14.1,43.0,8.2
2026-02-04 02:00:00,2026,2,4,2,Thanh Hóa,Xã Xuân Chinh,19.7941161,105.2068756,150,Unhealthy for Sensitive Groups,2,15.6,98,0.0,5.9,232,1009.2,16,50.3,51.0,504.0,12.6,42.0,7.1
2026-02-04 03:00:00,2026,2,4,3,Thanh Hóa,Xã Xuân Chinh,19.7941161,105.2068756,150,Unhealthy for Sensitive Groups,2,15.5,99,0.0,6.1,238,1008.8,70,47.7,48.4,507.0,10.5,44.0,6.3
2026-02-04 04:00:00,2026,2,4,4,Thanh Hóa,Xã Xuân Chinh,19.7941161,105.2068756,147,Unhealthy for Sensitive Groups,2,15.7,98,0.0,5.7,246,1008.8,87,44.8,45.4,513.0,8.7,47.0,5.6
2026-02-04 05:00:00,2026,2,4,5,Thanh Hóa,Xã Xuân Chinh,19.7941161,105.2068756,144,Unhealthy for Sensitive Groups,2,15.5,98,0.0,4.8,245,1008.8,69,43.4,44.1,527.0,7.6,48.0,5.2
2026-02-04 06:00:00,2026,2,4,6,Thanh Hóa,Xã Xuân Chinh,19.7941161,105.2068756,141,Unhealthy for Sensitive Groups,2,15.4,98,0.0,3.4,245,1009.2,75,43.1,43.8,544.0,6.8,50.0,5.0
2026-02-04 07:00:00,2026,2,4,7,Thanh Hóa,Xã Xuân Chinh,19.7941161,105.2068756,138,Unhealthy for Sensitive Groups,2,16.3,96,0.0,3.3,264,1009.6,100,46.4,47.3,547.0,6.2,58.0,5.1
2026-02-04 08:00:00,2026,2,4,8,Thanh Hóa,Xã Xuân Chinh,19.7941161,105.2068756,134,Unhealthy for Sensitive Groups,2,18.0,90,0.0,1.1,162,1010.4,86,44.0,44.7,526.0,4.8,71.0,4.5
2026-02-04 09:00:00,2026,2,4,9,Thanh Hóa,Xã Xuân Chinh,19.7941161,105.2068756,131,Unhealthy for Sensitive Groups,2,19.6,82,0.0,3.0,166,1011.1,100,42.3,43.1,491.0,2.9,89.0,3.7
2026-02-04 10:00:00,2026,2,4,10,Thanh Hóa,Xã Xuân Chinh,19.7941161,105.2068756,130,Unhealthy for Sensitive Groups,2,21.4,73,0.0,4.0,172,1010.8,91,36.8,38.0,460.0,1.5,104.0,3.0
2026-02-04 11:00:00,2026,2,4,11,Thanh Hóa,Xã Xuân Chinh,19.7941161,105.2068756,129,Unhealthy for Sensitive Groups,2,23.0,66,0.0,4.1,165,1009.9,63,32.9,34.0,439.0,1.0,111.0,2.6
2026-02-04 12:00:00,2026,2,4,12,Thanh Hóa,Xã Xuân Chinh,19.7941161,105.2068756,128,Unhealthy for Sensitive Groups,2,24.7,61,0.0,4.6,141,1008.2,48,30.6,31.7,422.0,1.1,114.0,2.3
2026-02-04 13:00:00,2026,2,4,13,Thanh Hóa,Xã Xuân Chinh,19.7941161,105.2068756,127,Unhealthy for Sensitive Groups,2,26.2,54,0.0,5.6,117,1006.9,52,29.7,30.6,407.0,1.2,117.0,2.2
2026-02-04 14:00:00,2026,2,4,14,Thanh Hóa,Xã Xuân Chinh,19.7941161,105.2068756,125,Unhealthy for Sensitive Groups,2,26.3,55,0.0,8.6,101,1005.6,34,29.0,29.8,391.0,1.2,121.0,2.2
2026-02-04 15:00:00,2026,2,4,15,Thanh Hóa,Xã Xuân Chinh,19.7941161,105.2068756,124,Unhealthy for Sensitive Groups,2,25.5,60,0.0,11.5,104,1004.8,5,28.0,28.8,377.0,1.2,125.0,2.3
2026-02-04 16:00:00,2026,2,4,16,Thanh Hóa,Xã Xuân Chinh,19.7941161,105.2068756,122,Unhealthy for Sensitive Groups,2,24.6,63,0.0,9.3,115,1004.8,23,27.2,28.1,367.0,1.8,126.0,2.6
2026-02-04 17:00:00,2026,2,4,17,Thanh Hóa,Xã Xuân Chinh,19.7941161,105.2068756,120,Unhealthy for Sensitive Groups,2,23.1,72,0.0,6.9,95,1004.9,5,27.2,28.1,364.0,3.3,122.0,3.1
2026-02-04 18:00:00,2026,2,4,18,Thanh Hóa,Xã Xuân Chinh,19.7941161,105.2068756,118,Unhealthy for Sensitive Groups,2,20.2,89,0.0,3.6,99,1005.5,12,28.0,28.8,366.0,5.3,114.0,3.7
2026-02-04 19:00:00,2026,2,4,19,Thanh Hóa,Xã Xuân Chinh,19.7941161,105.2068756,116,Unhealthy for Sensitive Groups,2,19.3,92,0.0,2.2,166,1006.7,13,21.8,22.2,369.0,7.9,105.0,4.3
2026-02-04 20:00:00,2026,2,4,20,Thanh Hóa,Xã Xuân Chinh,19.7941161,105.2068756,113,Unhealthy for Sensitive Groups,2,18.9,95,0.0,5.1,207,1007.0,9,25.9,26.5,372.0,9.5,102.0,5.3
2026-02-04 21:00:00,2026,2,4,21,Thanh Hóa,Xã Xuân Chinh,19.7941161,105.2068756,110,Unhealthy for Sensitive Groups,2,18.3,96,0.0,5.6,225,1007.4,8,30.9,31.7,375.0,11.7,98.0,6.7
2026-02-04 22:00:00,2026,2,4,22,Thanh Hóa,Xã Xuân Chinh,19.7941161,105.2068756,108,Unhealthy for Sensitive Groups,2,18.0,97,0.0,5.4,236,1007.5,25,34.3,35.2,377.0,12.8,93.0,7.2
2026-02-04 23:00:00,2026,2,4,23,Thanh Hóa,Xã Xuân Chinh,19.7941161,105.2068756,106,Unhealthy for Sensitive Groups,2,18.5,97,0.0,5.4,240,1007.5,92,38.6,39.6,375.0,12.0,85.0,6.1
2026-02-05 00:00:00,2026,2,5,0,Thanh Hóa,Xã Xuân Chinh,19.7941161,105.2068756,104,Unhealthy for Sensitive Groups,2,19.2,94,0.0,5.1,231,1007.2,100,34.6,35.4,372.0,10.2,76.0,4.3
2026-02-05 01:00:00,2026,2,5,1,Thanh Hóa,Xã Xuân Chinh,19.7941161,105.2068756,102,Unhealthy for Sensitive Groups,2,19.3,95,0.0,4.7,220,1006.8,100,32.8,33.4,369.0,8.4,69.0,2.8
2026-02-05 02:00:00,2026,2,5,2,Thanh Hóa,Xã Xuân Chinh,19.7941161,105.2068756,100,Moderate,1,19.5,95,0.0,3.9,214,1006.1,100,30.5,31.1,365.0,7.1,67.0,2.2
2026-02-05 03:00:00,2026,2,5,3,Thanh Hóa,Xã Xuân Chinh,19.7941161,105.2068756,98,Moderate,1,19.3,96,0.0,2.8,220,1005.3,97,28.7,29.3,361.0,5.9,69.0,2.0
2026-02-05 04:00:00,2026,2,5,4,Thanh Hóa,Xã Xuân Chinh,19.7941161,105.2068756,96,Moderate,1,19.4,96,0.0,2.3,203,1004.9,34,27.5,28.1,365.0,4.8,71.0,1.8
2026-02-05 05:00:00,2026,2,5,5,Thanh Hóa,Xã Xuân Chinh,19.7941161,105.2068756,95,Moderate,1,19.2,97,0.0,2.6,205,1004.9,87,26.5,27.2,388.0,3.9,74.0,1.4
2026-02-05 06:00:00,2026,2,5,6,Thanh Hóa,Xã Xuân Chinh,19.7941161,105.2068756,93,Moderate,1,19.1,98,0.0,2.7,200,1005.4,85,26.2,26.8,419.0,3.2,77.0,1.1
2026-02-05 07:00:00,2026,2,5,7,Thanh Hóa,Xã Xuân Chinh,19.7941161,105.2068756,92,Moderate,1,18.9,98,0.0,2.8,259,1006.0,59,31.2,31.9,434.0,3.2,77.0,1.1
2026-02-05 08:00:00,2026,2,5,8,Thanh Hóa,Xã Xuân Chinh,19.7941161,105.2068756,91,Moderate,1,19.8,91,0.0,1.7,221,1006.6,100,30.3,30.9,417.0,2.7,84.0,1.2
2026-02-05 09:00:00,2026,2,5,9,Thanh Hóa,Xã Xuân Chinh,19.7941161,105.2068756,89,Moderate,1,20.7,88,0.0,3.4,148,1007.2,100,28.1,28.7,384.0,2.1,93.0,1.3
2026-02-05 10:00:00,2026,2,5,10,Thanh Hóa,Xã Xuân Chinh,19.7941161,105.2068756,88,Moderate,1,22.5,80,0.0,3.8,135,1007.3,96,26.4,27.1,357.0,1.6,102.0,1.4
2026-02-05 11:00:00,2026,2,5,11,Thanh Hóa,Xã Xuân Chinh,19.7941161,105.2068756,87,Moderate,1,24.3,71,0.0,3.6,123,1006.4,57,26.0,26.7,345.0,1.3,110.0,1.6
2026-02-05 12:00:00,2026,2,5,12,Thanh Hóa,Xã Xuân Chinh,19.7941161,105.2068756,87,Moderate,1,25.9,65,0.0,5.1,107,1005.0,0,26.0,26.6,339.0,1.2,118.0,1.8
2026-02-05 13:00:00,2026,2,5,13,Thanh Hóa,Xã Xuân Chinh,19.7941161,105.2068756,86,Moderate,1,27.0,62,0.0,7.6,98,1003.6,2,26.0,26.5,341.0,1.2,124.0,2.0
2026-02-05 14:00:00,2026,2,5,14,Thanh Hóa,Xã Xuân Chinh,19.7941161,105.2068756,86,Moderate,1,27.6,62,0.0,8.0,95,1002.5,16,26.4,27.0,355.0,1.3,131.0,2.3
2026-02-05 15:00:00,2026,2,5,15,Thanh Hóa,Xã Xuân Chinh,19.7941161,105.2068756,86,Moderate,1,27.8,62,0.0,9.6,95,1002.0,48,26.8,27.4,376.0,1.6,136.0,2.7
2026-02-05 16:00:00,2026,2,5,16,Thanh Hóa,Xã Xuân Chinh,19.7941161,105.2068756,85,Moderate,1,26.8,66,0.0,11.0,86,1002.3,23,27.5,28.2,387.0,2.3,136.0,3.1
2026-02-05 17:00:00,2026,2,5,17,Thanh Hóa,Xã Xuân Chinh,19.7941161,105.2068756,85,Moderate,1,24.6,78,0.0,9.4,85,1002.6,19,27.5,28.3,378.0,3.8,126.0,3.5
2026-02-05 18:00:00,2026,2,5,18,Thanh Hóa,Xã Xuân Chinh,19.7941161,105.2068756,86,Moderate,1,21.7,93,0.0,3.7,113,1003.3,15,26.4,27.2,359.0,5.7,110.0,3.9
2026-02-05 19:00:00,2026,2,5,19,Thanh Hóa,Xã Xuân Chinh,19.7941161,105.2068756,85,Moderate,1,21.0,97,0.0,2.7,148,1004.2,99,23.7,25.0,346.0,7.9,99.0,3.8
2026-02-05 20:00:00,2026,2,5,20,Thanh Hóa,Xã Xuân Chinh,19.7941161,105.2068756,86,Moderate,1,20.9,98,0.0,4.6,171,1005.0,100,24.5,26.1,349.0,8.6,93.0,3.7
2026-02-05 21:00:00,2026,2,5,21,Thanh Hóa,Xã Xuân Chinh,19.7941161,105.2068756,85,Moderate,1,21.2,97,0.0,4.3,180,1005.4,100,27.8,29.6,358.0,9.4,86.0,3.4
2026-02-05 22:00:00,2026,2,5,22,Thanh Hóa,Xã Xuân Chinh,19.7941161,105.2068756,85,Moderate,1,21.4,96,0.0,3.8,191,1005.6,100,30.0,32.1,363.0,9.8,79.0,3.1
2026-02-05 23:00:00,2026,2,5,23,Thanh Hóa,Xã Xuân Chinh,19.7941161,105.2068756,85,Moderate,1,21.4,95,0.0,2.2,175,1005.4,30,31.8,34.2,360.0,9.2,75.0,2.5
2026-02-06 00:00:00,2026,2,6,0,Thanh Hóa,Xã Xuân Chinh,19.7941161,105.2068756,84,Moderate,1,21.3,95,0.0,1.5,135,1005.0,27,32.8,35.4,353.0,8.1,73.0,1.8
2026-02-06 01:00:00,2026,2,6,1,Thanh Hóa,Xã Xuân Chinh,19.7941161,105.2068756,84,Moderate,1,21.0,98,0.0,2.2,125,1004.7,55,30.7,32.5,347.0,7.2,70.0,1.2
2026-02-06 02:00:00,2026,2,6,2,Thanh Hóa,Xã Xuân Chinh,19.7941161,105.2068756,84,Moderate,1,21.0,98,0.0,1.9,139,1004.2,100,28.6,30.2,343.0,6.6,67.0,0.9
2026-02-06 03:00:00,2026,2,6,3,Thanh Hóa,Xã Xuân Chinh,19.7941161,105.2068756,84,Moderate,1,20.9,98,0.0,1.3,135,1003.5,100,28.8,30.0,339.0,6.2,64.0,0.8
2026-02-06 04:00:00,2026,2,6,4,Thanh Hóa,Xã Xuân Chinh,19.7941161,105.2068756,84,Moderate,1,20.8,98,0.0,1.1,108,1003.4,100,29.3,30.4,338.0,6.0,62.0,0.8
2026-02-06 05:00:00,2026,2,6,5,Thanh Hóa,Xã Xuân Chinh,19.7941161,105.2068756,84,Moderate,1,20.5,100,0.0,1.0,121,1003.5,100,29.4,30.4,340.0,6.4,59.0,1.0
2026-02-06 06:00:00,2026,2,6,6,Thanh Hóa,Xã Xuân Chinh,19.7941161,105.2068756,84,Moderate,1,20.4,100,0.0,0.8,135,1003.8,100,29.5,30.3,343.0,7.0,57.0,1.2
2026-02-06 07:00:00,2026,2,6,7,Thanh Hóa,Xã Xuân Chinh,19.7941161,105.2068756,84,Moderate,1,20.7,99,0.0,0.8,225,1004.6,100,31.2,32.0,347.0,6.5,72.0,1.6
2026-02-06 08:00:00,2026,2,6,8,Thanh Hóa,Xã Xuân Chinh,19.7941161,105.2068756,84,Moderate,1,21.6,93,0.0,3.1,306,1005.1,99,27.0,27.5,352.0,5.0,83.0,1.7
2026-02-06 09:00:00,2026,2,6,9,Thanh Hóa,Xã Xuân Chinh,19.7941161,105.2068756,84,Moderate,1,23.2,83,0.0,3.2,16,1005.5,55,25.4,25.9,357.0,3.0,99.0,1.9
2026-02-06 10:00:00,2026,2,6,10,Thanh Hóa,Xã Xuân Chinh,19.7941161,105.2068756,84,Moderate,1,24.5,78,0.0,5.8,56,1005.7,44,24.2,24.6,359.0,1.6,112.0,2.2
2026-02-06 11:00:00,2026,2,6,11,Thanh Hóa,Xã Xuân Chinh,19.7941161,105.2068756,84,Moderate,1,25.5,74,0.0,8.1,59,1005.2,22,23.7,24.2,358.0,1.4,120.0,2.6
2026-02-06 12:00:00,2026,2,6,12,Thanh Hóa,Xã Xuân Chinh,19.7941161,105.2068756,83,Moderate,1,26.4,70,0.0,9.0,61,1004.6,23,24.4,25.0,354.0,1.8,127.0,3.0
2026-02-06 13:00:00,2026,2,6,13,Thanh Hóa,Xã Xuân Chinh,19.7941161,105.2068756,83,Moderate,1,27.1,66,0.0,10.1,68,1003.6,30,25.6,26.2,349.0,2.3,130.0,3.2
2026-02-06 14:00:00,2026,2,6,14,Thanh Hóa,Xã Xuân Chinh,19.7941161,105.2068756,83,Moderate,1,27.2,66,0.0,10.9,77,1002.6,52,26.1,26.8,342.0,2.6,131.0,3.0
2026-02-06 15:00:00,2026,2,6,15,Thanh Hóa,Xã Xuân Chinh,19.7941161,105.2068756,83,Moderate,1,25.3,74,0.0,12.3,87,1002.3,96,26.7,27.4,334.0,3.0,130.0,2.6
2026-02-06 16:00:00,2026,2,6,16,Thanh Hóa,Xã Xuân Chinh,19.7941161,105.2068756,83,Moderate,1,24.5,78,0.0,7.6,93,1002.5,91,26.3,27.2,323.0,3.7,125.0,2.3
2026-02-06 17:00:00,2026,2,6,17,Thanh Hóa,Xã Xuân Chinh,19.7941161,105.2068756,83,Moderate,1,23.9,81,0.0,6.4,100,1002.9,59,24.5,25.5,307.0,5.0,114.0,2.3
2026-02-06 18:00:00,2026,2,6,18,Thanh Hóa,Xã Xuân Chinh,19.7941161,105.2068756,83,Moderate,1,22.5,88,0.0,3.9,106,1003.7,69,25.5,26.5,288.0,6.7,98.0,2.4
2026-02-06 19:00:00,2026,2,6,19,Thanh Hóa,Xã Xuân Chinh,19.7941161,105.2068756,83,Moderate,1,21.5,96,0.0,2.6,124,1004.3,89,28.7,30.7,271.0,8.3,84.0,2.9
2026-02-06 20:00:00,2026,2,6,20,Thanh Hóa,Xã Xuân Chinh,19.7941161,105.2068756,83,Moderate,1,21.1,97,0.0,3.2,180,1005.3,40,28.5,30.6,256.0,9.0,80.0,3.3
2026-02-06 21:00:00,2026,2,6,21,Thanh Hóa,Xã Xuân Chinh,19.7941161,105.2068756,84,Moderate,1,21.0,98,0.0,2.7,217,1006.0,73,29.3,31.5,241.0,9.9,75.0,4.0
2026-02-06 22:00:00,2026,2,6,22,Thanh Hóa,Xã Xuân Chinh,19.7941161,105.2068756,84,Moderate,1,21.0,97,0.0,3.5,168,1006.1,100,27.9,30.3,231.0,10.4,71.0,4.4
2026-02-06 23:00:00,2026,2,6,23,Thanh Hóa,Xã Xuân Chinh,19.7941161,105.2068756,84,Moderate,1,20.9,98,0.0,3.9,143,1006.2,100,25.8,28.5,226.0,10.0,69.0,4.5
2026-02-07 00:00:00,2026,2,7,0,Thanh Hóa,Xã Xuân Chinh,19.7941161,105.2068756,83,Moderate,1,21.0,98,0.1,3.6,131,1006.1,100,25.1,27.8,225.0,9.1,68.0,4.4
2026-02-07 01:00:00,2026,2,7,1,Thanh Hóa,Xã Xuân Chinh,19.7941161,105.2068756,82,Moderate,1,21.2,100,0.2,3.1,149,1005.4,100,25.1,27.9,225.0,8.8,66.0,4.3
2026-02-07 02:00:00,2026,2,7,2,Thanh Hóa,Xã Xuân Chinh,19.7941161,105.2068756,82,Moderate,1,21.2,99,0.2,3.6,147,1005.1,100,25.8,28.5,222.0,9.5,60.0,4.3
2026-02-07 03:00:00,2026,2,7,3,Thanh Hóa,Xã Xuân Chinh,19.7941161,105.2068756,82,Moderate,1,21.1,100,0.3,5.0,145,1005.0,100,27.4,29.9,219.0,10.7,52.0,4.4
2026-02-07 04:00:00,2026,2,7,4,Thanh Hóa,Xã Xuân Chinh,19.7941161,105.2068756,81,Moderate,1,20.9,100,0.3,5.7,143,1005.2,100,29.2,31.9,224.0,12.0,46.0,4.6
2026-02-07 05:00:00,2026,2,7,5,Thanh Hóa,Xã Xuân Chinh,19.7941161,105.2068756,81,Moderate,1,20.7,100,0.2,5.4,143,1005.4,100,31.2,33.9,246.0,13.8,42.0,5.1
2026-02-07 06:00:00,2026,2,7,6,Thanh Hóa,Xã Xuân Chinh,19.7941161,105.2068756,82,Moderate,1,20.6,100,0.1,5.6,135,1006.1,100,33.1,35.7,277.0,15.7,39.0,5.8
2026-02-07 07:00:00,2026,2,7,7,Thanh Hóa,Xã Xuân Chinh,19.7941161,105.2068756,82,Moderate,1,20.5,100,0.1,3.5,156,1006.7,100,33.4,36.8,294.0,14.7,45.0,7.1
2026-02-07 08:00:00,2026,2,7,8,Thanh Hóa,Xã Xuân Chinh,19.7941161,105.2068756,82,Moderate,1,20.9,98,0.1,5.3,147,1007.7,100,21.3,24.3,285.0,11.8,56.0,5.7
2026-02-07 09:00:00,2026,2,7,9,Thanh Hóa,Xã Xuân Chinh,19.7941161,105.2068756,82,Moderate,1,21.6,93,0.2,6.3,143,1008.5,97,16.1,18.5,264.0,7.8,72.0,3.8
2026-02-07 10:00:00,2026,2,7,10,Thanh Hóa,Xã Xuân Chinh,19.7941161,105.2068756,81,Moderate,1,22.7,86,0.0,6.9,143,1008.7,96,13.9,15.9,248.0,4.7,85.0,2.4
2026-02-07 11:00:00,2026,2,7,11,Thanh Hóa,Xã Xuân Chinh,19.7941161,105.2068756,80,Moderate,1,24.4,75,0.2,6.5,141,1008.0,99,12.5,14.3,248.0,3.6,91.0,2.0
2026-02-07 12:00:00,2026,2,7,12,Thanh Hóa,Xã Xuân Chinh,19.7941161,105.2068756,79,Moderate,1,24.5,74,0.2,7.3,140,1007.3,100,11.7,13.4,253.0,3.4,93.0,2.2
2026-02-07 13:00:00,2026,2,7,13,Thanh Hóa,Xã Xuân Chinh,19.7941161,105.2068756,78,Moderate,1,25.9,65,0.5,6.9,127,1005.9,53,10.7,12.3,257.0,3.4,95.0,2.3
2026-02-07 14:00:00,2026,2,7,14,Thanh Hóa,Xã Xuân Chinh,19.7941161,105.2068756,76,Moderate,1,25.8,68,0.4,9.0,128,1004.8,84,9.7,11.0,255.0,3.0,97.0,2.2
2026-02-07 15:00:00,2026,2,7,15,Thanh Hóa,Xã Xuân Chinh,19.7941161,105.2068756,75,Moderate,1,24.5,76,0.4,10.3,121,1004.5,91,9.1,10.3,251.0,2.8,99.0,2.1
2026-02-07 16:00:00,2026,2,7,16,Thanh Hóa,Xã Xuân Chinh,19.7941161,105.2068756,73,Moderate,1,22.9,88,0.6,9.8,110,1004.4,100,9.0,10.3,248.0,3.0,98.0,2.1
2026-02-07 17:00:00,2026,2,7,17,Thanh Hóa,Xã Xuân Chinh,19.7941161,105.2068756,72,Moderate,1,21.9,96,0.6,7.2,102,1005.1,100,9.0,10.4,248.0,4.1,93.0,2.4
2026-02-07 18:00:00,2026,2,7,18,Thanh Hóa,Xã Xuân Chinh,19.7941161,105.2068756,70,Moderate,1,21.5,97,0.2,5.5,99,1005.6,100,9.8,11.1,250.0,5.6,85.0,2.9
2026-02-07 19:00:00,2026,2,7,19,Thanh Hóa,Xã Xuân Chinh,19.7941161,105.2068756,69,Moderate,1,21.0,99,0.1,4.5,95,1006.3,88,15.5,17.6,253.0,7.2,78.0,3.6
2026-02-07 20:00:00,2026,2,7,20,Thanh Hóa,Xã Xuân Chinh,19.7941161,105.2068756,68,Moderate,1,20.6,100,0.1,3.2,93,1007.3,100,17.2,20.2,254.0,8.1,74.0,3.8
2026-02-07 21:00:00,2026,2,7,21,Thanh Hóa,Xã Xuân Chinh,19.7941161,105.2068756,67,Moderate,1,20.4,100,0.1,3.6,93,1008.0,100,18.0,20.8,256.0,9.3,67.0,4.1
2026-02-07 22:00:00,2026,2,7,22,Thanh Hóa,Xã Xuân Chinh,19.7941161,105.2068756,66,Moderate,1,20.4,100,0.1,2.6,102,1008.0,100,20.0,21.9,266.0,10.0,63.0,4.2
2026-02-07 23:00:00,2026,2,7,23,Thanh Hóa,Xã Xuân Chinh,19.7941161,105.2068756,65,Moderate,1,20.4,100,0.5,3.1,80,1008.0,100,20.7,22.4,294.0,9.8,61.0,3.7
2026-02-08 00:00:00,2026,2,8,0,Thanh Hóa,Xã Xuân Chinh,19.7941161,105.2068756,65,Moderate,1,20.3,100,1.0,5.7,77,1008.2,100,18.4,19.7,329.0,9.2,61.0,3.0
2026-02-08 01:00:00,2026,2,8,1,Thanh Hóa,Xã Xuân Chinh,19.7941161,105.2068756,64,Moderate,1,20.1,100,1.3,5.8,70,1008.2,100,16.2,17.2,348.0,8.4,64.0,2.7
2026-02-08 02:00:00,2026,2,8,2,Thanh Hóa,Xã Xuân Chinh,19.7941161,105.2068756,63,Moderate,1,20.0,100,2.1,7.3,65,1007.8,100,12.8,13.5,320.0,7.4,71.0,2.8
2026-02-08 03:00:00,2026,2,8,3,Thanh Hóa,Xã Xuân Chinh,19.7941161,105.2068756,62,Moderate,1,19.8,100,2.5,7.8,77,1007.8,100,11.1,11.6,275.0,6.3,79.0,3.3
2026-02-08 04:00:00,2026,2,8,4,Thanh Hóa,Xã Xuân Chinh,19.7941161,105.2068756,61,Moderate,1,19.7,99,2.0,7.0,72,1007.8,100,15.2,15.9,281.0,5.6,87.0,4.4
2026-02-08 05:00:00,2026,2,8,5,Thanh Hóa,Xã Xuân Chinh,19.7941161,105.2068756,60,Moderate,1,19.5,100,2.2,8.1,65,1008.4,100,16.5,17.2,387.0,5.2,93.0,6.0
2026-02-08 06:00:00,2026,2,8,6,Thanh Hóa,Xã Xuân Chinh,19.7941161,105.2068756,58,Moderate,1,19.1,100,2.5,7.9,47,1009.4,100,15.5,16.1,544.0,5.1,99.0,8.2
2026-02-08 07:00:00,2026,2,8,7,Thanh Hóa,Xã Xuân Chinh,19.7941161,105.2068756,57,Moderate,1,19.1,99,3.5,8.5,36,1010.1,100,18.6,19.4,672.0,6.9,84.0,7.0
2026-02-08 08:00:00,2026,2,8,8,Thanh Hóa,Xã Xuân Chinh,19.7941161,105.2068756,55,Moderate,1,19.0,99,3.7,8.0,38,1011.0,100,19.4,20.2,743.0,7.9,82.0,10.3
2026-02-08 09:00:00,2026,2,8,9,Thanh Hóa,Xã Xuân Chinh,19.7941161,105.2068756,55,Moderate,1,18.8,99,5.4,10.2,30,1012.5,100,16.7,17.2,784.0,9.4,80.0,14.8
2026-02-08 10:00:00,2026,2,8,10,Thanh Hóa,Xã Xuân Chinh,19.7941161,105.2068756,55,Moderate,1,18.2,99,6.2,13.0,29,1013.6,100,18.5,18.9,802.0,10.7,75.0,18.8
2026-02-08 11:00:00,2026,2,8,11,Thanh Hóa,Xã Xuân Chinh,19.7941161,105.2068756,56,Moderate,1,17.4,98,5.3,10.5,16,1013.8,100,16.9,17.0,790.0,12.0,65.0,21.8
2026-02-08 12:00:00,2026,2,8,12,Thanh Hóa,Xã Xuân Chinh,19.7941161,105.2068756,56,Moderate,1,16.7,98,2.5,14.3,28,1013.2,100,17.5,17.5,754.0,13.3,52.0,24.3
2026-02-08 13:00:00,2026,2,8,13,Thanh Hóa,Xã Xuân Chinh,19.7941161,105.2068756,57,Moderate,1,16.3,97,0.6,12.6,25,1012.4,100,12.2,12.2,720.0,13.6,44.0,25.3
2026-02-08 14:00:00,2026,2,8,14,Thanh Hóa,Xã Xuân Chinh,19.7941161,105.2068756,57,Moderate,1,16.3,94,0.2,14.1,27,1011.8,100,8.6,8.6,696.0,12.2,45.0,24.1
2026-02-08 15:00:00,2026,2,8,15,Thanh Hóa,Xã Xuân Chinh,19.7941161,105.2068756,57,Moderate,1,15.9,93,0.1,12.6,31,1011.4,100,6.8,6.8,675.0,9.9,51.0,21.4
2026-02-08 16:00:00,2026,2,8,16,Thanh Hóa,Xã Xuân Chinh,19.7941161,105.2068756,56,Moderate,1,15.3,92,0.2,10.9,20,1011.9,100,5.9,6.0,658.0,8.2,55.0,19.1
2026-02-08 17:00:00,2026,2,8,17,Thanh Hóa,Xã Xuân Chinh,19.7941161,105.2068756,56,Moderate,1,14.6,92,0.1,11.0,15,1012.2,100,6.0,6.0,649.0,7.8,55.0,17.7
2026-02-08 18:00:00,2026,2,8,18,Thanh Hóa,Xã Xuân Chinh,19.7941161,105.2068756,56,Moderate,1,14.3,92,0.0,9.7,22,1012.7,100,7.3,7.3,645.0,8.1,53.0,16.6
2026-02-08 19:00:00,2026,2,8,19,Thanh Hóa,Xã Xuân Chinh,19.7941161,105.2068756,56,Moderate,1,14.9,96,0.1,10.5,31,1012.5,100,16.8,16.8,640.0,8.5,52.0,15.5
2026-02-08 20:00:00,2026,2,8,20,Thanh Hóa,Xã Xuân Chinh,19.7941161,105.2068756,56,Moderate,1,14.3,94,0.0,9.9,22,1013.4,100,16.1,16.1,631.0,8.6,52.0,15.6
2026-02-08 21:00:00,2026,2,8,21,Thanh Hóa,Xã Xuân Chinh,19.7941161,105.2068756,56,Moderate,1,14.0,93,0.0,8.0,16,1014.1,100,15.3,15.3,621.0,8.6,51.0,15.6
2026-02-08 22:00:00,2026,2,8,22,Thanh Hóa,Xã Xuân Chinh,19.7941161,105.2068756,55,Moderate,1,13.7,94,0.3,7.1,21,1014.0,100,15.0,15.0,612.0,8.6,51.0,15.6
2026-02-08 23:00:00,2026,2,8,23,Thanh Hóa,Xã Xuân Chinh,19.7941161,105.2068756,55,Moderate,1,13.5,96,0.2,7.1,19,1013.7,100,15.0,15.0,604.0,8.4,51.0,15.4
2026-02-09 00:00:00,2026,2,9,0,Thanh Hóa,Xã Xuân Chinh,19.7941161,105.2068756,54,Moderate,1,13.4,96,0.1,5.9,14,1013.3,100,14.2,14.2,596.0,8.0,51.0,15.1
2026-02-09 01:00:00,2026,2,9,1,Thanh Hóa,Xã Xuân Chinh,19.7941161,105.2068756,54,Moderate,1,14.0,96,0.0,5.7,24,1012.9,100,13.5,13.5,590.0,7.7,51.0,14.7
2026-02-09 02:00:00,2026,2,9,2,Thanh Hóa,Xã Xuân Chinh,19.7941161,105.2068756,54,Moderate,1,13.7,96,0.1,5.6,22,1012.1,100,13.4,13.5,585.0,7.3,51.0,14.2
2026-02-09 03:00:00,2026,2,9,3,Thanh Hóa,Xã Xuân Chinh,19.7941161,105.2068756,54,Moderate,1,13.6,96,0.1,5.4,2,1011.7,100,13.1,13.1,582.0,7.0,51.0,13.6
2026-02-09 04:00:00,2026,2,9,4,Thanh Hóa,Xã Xuân Chinh,19.7941161,105.2068756,54,Moderate,1,13.6,95,0.1,4.4,21,1011.2,100,13.1,13.2,585.0,6.7,51.0,13.1
2026-02-09 05:00:00,2026,2,9,5,Thanh Hóa,Xã Xuân Chinh,19.7941161,105.2068756,54,Moderate,1,13.6,96,0.1,4.6,26,1010.9,100,13.2,13.3,599.0,6.7,49.0,12.6
2026-02-09 06:00:00,2026,2,9,6,Thanh Hóa,Xã Xuân Chinh,19.7941161,105.2068756,54,Moderate,1,13.7,97,0.0,5.4,14,1011.6,100,13.5,13.5,619.0,6.8,47.0,12.1
2026-02-09 07:00:00,2026,2,9,7,Thanh Hóa,Xã Xuân Chinh,19.7941161,105.2068756,53,Moderate,1,14.3,96,0.1,4.8,31,1012.0,100,12.3,12.3,629.0,8.2,43.0,13.4
2026-02-09 08:00:00,2026,2,9,8,Thanh Hóa,Xã Xuân Chinh,19.7941161,105.2068756,53,Moderate,1,14.6,96,0.0,5.7,32,1012.5,100,11.9,11.9,620.0,7.5,45.0,13.5
2026-02-09 09:00:00,2026,2,9,9,Thanh Hóa,Xã Xuân Chinh,19.7941161,105.2068756,52,Moderate,1,15.4,90,0.0,6.7,31,1013.2,100,10.9,10.9,601.0,6.4,49.0,13.7
2026-02-09 10:00:00,2026,2,9,10,Thanh Hóa,Xã Xuân Chinh,19.7941161,105.2068756,52,Moderate,1,15.4,90,0.1,4.9,33,1013.5,100,10.0,10.0,585.0,5.5,54.0,13.7
2026-02-09 11:00:00,2026,2,9,11,Thanh Hóa,Xã Xuân Chinh,19.7941161,105.2068756,51,Moderate,1,15.7,88,0.1,5.5,38,1012.6,100,10.1,10.3,577.0,4.7,63.0,13.5
2026-02-09 12:00:00,2026,2,9,12,Thanh Hóa,Xã Xuân Chinh,19.7941161,105.2068756,50,Good,0,16.3,85,0.0,5.2,31,1011.2,100,9.6,9.8,571.0,4.0,74.0,13.2
2026-02-09 13:00:00,2026,2,9,13,Thanh Hóa,Xã Xuân Chinh,19.7941161,105.2068756,49,Good,0,17.7,78,0.0,5.2,27,1009.8,100,10.3,10.5,561.0,3.5,82.0,12.6
2026-02-09 14:00:00,2026,2,9,14,Thanh Hóa,Xã Xuân Chinh,19.7941161,105.2068756,49,Good,0,18.3,77,0.0,4.6,36,1008.8,100,12.0,12.1,542.0,3.2,87.0,11.5
2026-02-09 15:00:00,2026,2,9,15,Thanh Hóa,Xã Xuân Chinh,19.7941161,105.2068756,50,Good,0,18.6,76,0.0,4.3,42,1008.2,100,13.8,14.0,518.0,3.1,91.0,10.1
2026-02-09 16:00:00,2026,2,9,16,Thanh Hóa,Xã Xuân Chinh,19.7941161,105.2068756,50,Good,0,18.9,75,0.0,3.8,59,1007.9,78,15.5,15.7,502.0,3.8,90.0,9.5
2026-02-09 17:00:00,2026,2,9,17,Thanh Hóa,Xã Xuân Chinh,19.7941161,105.2068756,51,Moderate,1,18.8,76,0.0,4.2,85,1007.7,50,17.1,17.3,498.0,5.5,84.0,10.2
2026-02-09 18:00:00,2026,2,9,18,Thanh Hóa,Xã Xuân Chinh,19.7941161,105.2068756,52,Moderate,1,17.0,87,0.0,3.6,84,1007.9,15,19.1,19.3,501.0,7.8,74.0,11.6
2026-02-09 19:00:00,2026,2,9,19,Thanh Hóa,Xã Xuân Chinh,19.7941161,105.2068756,53,Moderate,1,15.2,95,0.0,2.3,61,1008.3,30,28.5,28.9,505.0,9.9,67.0,12.6
2026-02-09 20:00:00,2026,2,9,20,Thanh Hóa,Xã Xuân Chinh,19.7941161,105.2068756,54,Moderate,1,15.3,94,0.0,1.1,351,1009.2,29,31.8,32.1,508.0,13.0,61.0,16.0
2026-02-09 21:00:00,2026,2,9,21,Thanh Hóa,Xã Xuân Chinh,19.7941161,105.2068756,56,Moderate,1,15.0,95,0.0,0.5,360,1009.2,17,35.9,36.3,511.0,17.4,52.0,20.5
2026-02-09 22:00:00,2026,2,9,22,Thanh Hóa,Xã Xuân Chinh,19.7941161,105.2068756,58,Moderate,1,14.8,96,0.0,0.9,53,1009.2,41,40.7,41.3,511.0,20.6,44.0,23.5
2026-02-09 23:00:00,2026,2,9,23,Thanh Hóa,Xã Xuân Chinh,19.7941161,105.2068756,60,Moderate,1,14.6,97,0.0,1.1,90,1009.4,91,44.9,45.5,505.0,21.9,38.0,23.5
2026-02-10 00:00:00,2026,2,10,0,Thanh Hóa,Xã Xuân Chinh,19.7941161,105.2068756,62,Moderate,1,14.3,98,0.0,0.4,90,1008.9,81,47.0,47.5,495.0,22.1,34.0,21.8
2026-02-10 01:00:00,2026,2,10,1,Thanh Hóa,Xã Xuân Chinh,19.7941161,105.2068756,65,Moderate,1,14.2,100,0.0,2.2,85,1008.4,100,46.2,46.6,487.0,21.6,30.0,20.2
2026-02-10 02:00:00,2026,2,10,2,Thanh Hóa,Xã Xuân Chinh,19.7941161,105.2068756,68,Moderate,1,14.5,98,0.0,0.4,297,1008.2,100,44.4,44.7,481.0,20.3,27.0,19.1
2026-02-10 03:00:00,2026,2,10,3,Thanh Hóa,Xã Xuân Chinh,19.7941161,105.2068756,71,Moderate,1,14.7,97,0.0,1.1,342,1007.6,95,43.2,43.5,477.0,18.4,25.0,18.0
2026-02-10 04:00:00,2026,2,10,4,Thanh Hóa,Xã Xuân Chinh,19.7941161,105.2068756,74,Moderate,1,14.9,97,0.0,2.4,42,1007.6,98,42.7,43.1,478.0,16.5,25.0,16.9
2026-02-10 05:00:00,2026,2,10,5,Thanh Hóa,Xã Xuân Chinh,19.7941161,105.2068756,76,Moderate,1,15.0,96,0.0,1.8,37,1008.1,100,40.9,41.1,495.0,15.0,24.0,15.8
2026-02-10 06:00:00,2026,2,10,6,Thanh Hóa,Xã Xuân Chinh,19.7941161,105.2068756,79,Moderate,1,15.6,93,0.0,0.7,14,1008.8,100,40.0,40.4,519.0,13.5,25.0,14.6
2026-02-10 07:00:00,2026,2,10,7,Thanh Hóa,Xã Xuân Chinh,19.7941161,105.2068756,81,Moderate,1,16.0,92,0.0,1.1,9,1009.4,100,31.3,31.5,522.0,9.3,42.0,12.0
2026-02-10 08:00:00,2026,2,10,8,Thanh Hóa,Xã Xuân Chinh,19.7941161,105.2068756,83,Moderate,1,17.2,87,0.0,0.6,18,1010.2,100,26.4,26.7,487.0,7.2,57.0,9.9
2026-02-10 09:00:00,2026,2,10,9,Thanh Hóa,Xã Xuân Chinh,19.7941161,105.2068756,84,Moderate,1,18.7,82,0.0,2.9,180,1010.7,100,23.3,23.7,431.0,4.2,77.0,6.9
2026-02-10 10:00:00,2026,2,10,10,Thanh Hóa,Xã Xuân Chinh,19.7941161,105.2068756,85,Moderate,1,20.1,77,0.0,7.3,196,1010.6,100,21.2,21.8,385.0,2.0,92.0,4.5
2026-02-10 11:00:00,2026,2,10,11,Thanh Hóa,Xã Xuân Chinh,19.7941161,105.2068756,86,Moderate,1,21.7,72,0.0,10.2,188,1009.8,98,19.0,19.8,361.0,1.2,98.0,3.1
2026-02-10 12:00:00,2026,2,10,12,Thanh Hóa,Xã Xuân Chinh,19.7941161,105.2068756,87,Moderate,1,22.6,69,0.0,10.2,187,1008.8,100,17.4,18.3,346.0,1.1,99.0,2.3
2026-02-10 13:00:00,2026,2,10,13,Thanh Hóa,Xã Xuân Chinh,19.7941161,105.2068756,88,Moderate,1,22.8,68,0.0,8.3,182,1007.7,100,17.0,18.0,334.0,1.2,100.0,1.8
2026-02-10 14:00:00,2026,2,10,14,Thanh Hóa,Xã Xuân Chinh,19.7941161,105.2068756,88,Moderate,1,23.8,64,0.0,6.5,177,1006.6,80,17.1,18.0,319.0,1.1,102.0,1.6
2026-02-10 15:00:00,2026,2,10,15,Thanh Hóa,Xã Xuân Chinh,19.7941161,105.2068756,89,Moderate,1,24.6,62,0.0,6.8,151,1005.8,79,17.5,18.6,305.0,1.2,104.0,1.8
2026-02-10 16:00:00,2026,2,10,16,Thanh Hóa,Xã Xuân Chinh,19.7941161,105.2068756,89,Moderate,1,24.1,65,0.0,7.9,137,1005.9,28,18.7,19.7,302.0,2.1,104.0,2.4
2026-02-10 17:00:00,2026,2,10,17,Thanh Hóa,Xã Xuân Chinh,19.7941161,105.2068756,89,Moderate,1,22.9,71,0.0,6.9,139,1006.0,5,20.0,21.0,315.0,4.2,100.0,3.7
2026-02-10 18:00:00,2026,2,10,18,Thanh Hóa,Xã Xuân Chinh,19.7941161,105.2068756,90,Moderate,1,20.0,87,0.0,4.5,133,1006.9,23,22.7,23.5,338.0,7.1,93.0,5.4
2026-02-10 19:00:00,2026,2,10,19,Thanh Hóa,Xã Xuân Chinh,19.7941161,105.2068756,90,Moderate,1,19.5,89,0.0,1.1,108,1007.8,35,32.2,33.2,362.0,9.1,82.0,7.3
2026-02-10 20:00:00,2026,2,10,20,Thanh Hóa,Xã Xuân Chinh,19.7941161,105.2068756,90,Moderate,1,18.9,92,0.0,1.9,202,1008.8,34,36.6,37.6,385.0,10.9,80.0,8.8
2026-02-10 21:00:00,2026,2,10,21,Thanh Hóa,Xã Xuân Chinh,19.7941161,105.2068756,91,Moderate,1,18.6,94,0.0,1.9,214,1009.5,38,43.3,44.5,408.0,13.4,76.0,10.8
2026-02-10 22:00:00,2026,2,10,22,Thanh Hóa,Xã Xuân Chinh,19.7941161,105.2068756,91,Moderate,1,18.7,95,0.0,2.1,218,1009.9,48,48.7,49.9,425.0,15.3,73.0,12.1
2026-02-10 23:00:00,2026,2,10,23,Thanh Hóa,Xã Xuân Chinh,19.7941161,105.2068756,92,Moderate,1,18.5,96,0.0,2.3,231,1009.7,99,52.6,54.0,432.0,15.9,71.0,12.2
2026-02-11 00:00:00,2026,2,11,0,Thanh Hóa,Xã Xuân Chinh,19.7941161,105.2068756,93,Moderate,1,18.5,95,0.0,1.1,252,1009.9,100,56.6,58.1,432.0,15.9,68.0,11.7
2026-02-11 01:00:00,2026,2,11,1,Thanh Hóa,Xã Xuân Chinh,19.7941161,105.2068756,94,Moderate,1,18.6,96,0.0,0.8,315,1010.0,100,59.4,61.0,432.0,15.6,66.0,11.1
2026-02-11 02:00:00,2026,2,11,2,Thanh Hóa,Xã Xuân Chinh,19.7941161,105.2068756,95,Moderate,1,18.8,97,0.0,1.7,13,1009.9,100,61.2,62.9,431.0,15.3,64.0,10.5
2026-02-11 03:00:00,2026,2,11,3,Thanh Hóa,Xã Xuân Chinh,19.7941161,105.2068756,96,Moderate,1,18.7,98,0.1,1.7,13,1009.7,100,60.8,62.2,429.0,14.7,61.0,9.7
2026-02-11 04:00:00,2026,2,11,4,Thanh Hóa,Xã Xuân Chinh,19.7941161,105.2068756,98,Moderate,1,18.7,99,0.2,1.8,90,1009.8,100,58.7,60.3,430.0,14.1,58.0,9.2
2026-02-11 05:00:00,2026,2,11,5,Thanh Hóa,Xã Xuân Chinh,19.7941161,105.2068756,99,Moderate,1,18.6,99,0.4,2.2,99,1010.0,100,55.6,57.2,439.0,13.5,52.0,9.1
2026-02-11 06:00:00,2026,2,11,6,Thanh Hóa,Xã Xuân Chinh,19.7941161,105.2068756,101,Unhealthy for Sensitive Groups,2,18.7,99,0.1,0.9,360,1010.7,100,52.5,53.7,451.0,12.7,46.0,9.2
2026-02-11 07:00:00,2026,2,11,7,Thanh Hóa,Xã Xuân Chinh,19.7941161,105.2068756,102,Unhealthy for Sensitive Groups,2,18.8,99,0.1,2.2,318,1011.5,100,41.7,42.8,449.0,12.7,50.0,9.9
2026-02-11 08:00:00,2026,2,11,8,Thanh Hóa,Xã Xuân Chinh,19.7941161,105.2068756,103,Unhealthy for Sensitive Groups,2,19.4,98,0.0,3.1,28,1012.1,100,39.8,40.9,424.0,10.3,61.0,8.9
2026-02-11 09:00:00,2026,2,11,9,Thanh Hóa,Xã Xuân Chinh,19.7941161,105.2068756,104,Unhealthy for Sensitive Groups,2,20.0,95,0.1,5.7,66,1013.1,100,30.5,32.0,386.0,7.0,76.0,7.6
2026-02-11 10:00:00,2026,2,11,10,Thanh Hóa,Xã Xuân Chinh,19.7941161,105.2068756,105,Unhealthy for Sensitive Groups,2,20.3,94,0.1,5.8,70,1013.4,100,24.9,26.7,350.0,4.5,88.0,6.6
2026-02-11 11:00:00,2026,2,11,11,Thanh Hóa,Xã Xuân Chinh,19.7941161,105.2068756,105,Unhealthy for Sensitive Groups,2,21.4,89,0.1,5.4,76,1012.5,100,26.3,28.3,319.0,3.6,94.0,6.2
2026-02-11 12:00:00,2026,2,11,12,Thanh Hóa,Xã Xuân Chinh,19.7941161,105.2068756,106,Unhealthy for Sensitive Groups,2,22.4,83,0.1,5.1,100,1011.1,94,23.6,25.4,291.0,3.4,97.0,6.1
2026-02-11 13:00:00,2026,2,11,13,Thanh Hóa,Xã Xuân Chinh,19.7941161,105.2068756,107,Unhealthy for Sensitive Groups,2,23.0,78,0.0,5.4,98,1009.9,86,23.6,25.3,275.0,3.6,100.0,6.3
2026-02-11 14:00:00,2026,2,11,14,Thanh Hóa,Xã Xuân Chinh,19.7941161,105.2068756,108,Unhealthy for Sensitive Groups,2,23.4,75,0.0,6.7,99,1008.8,100,25.0,26.7,280.0,3.9,104.0,7.0
2026-02-11 15:00:00,2026,2,11,15,Thanh Hóa,Xã Xuân Chinh,19.7941161,105.2068756,108,Unhealthy for Sensitive Groups,2,22.5,81,0.1,7.3,80,1008.3,100,26.3,27.8,297.0,4.5,108.0,7.9
2026-02-11 16:00:00,2026,2,11,16,Thanh Hóa,Xã Xuân Chinh,19.7941161,105.2068756,109,Unhealthy for Sensitive Groups,2,21.8,87,0.1,6.2,68,1008.3,100,28.2,29.7,304.0,5.6,108.0,8.7
2026-02-11 17:00:00,2026,2,11,17,Thanh Hóa,Xã Xuân Chinh,19.7941161,105.2068756,110,Unhealthy for Sensitive Groups,2,21.2,90,0.2,5.0,75,1008.2,100,26.4,27.8,290.0,7.5,101.0,9.2
2026-02-11 18:00:00,2026,2,11,18,Thanh Hóa,Xã Xuân Chinh,19.7941161,105.2068756,111,Unhealthy for Sensitive Groups,2,20.4,96,0.1,4.4,81,1008.5,100,25.8,27.0,266.0,9.8,91.0,9.6
2026-02-11 19:00:00,2026,2,11,19,Thanh Hóa,Xã Xuân Chinh,19.7941161,105.2068756,111,Unhealthy for Sensitive Groups,2,19.7,99,0.0,4.9,66,1008.7,100,26.9,28.1,249.0,10.9,77.0,7.9
2026-02-11 20:00:00,2026,2,11,20,Thanh Hóa,Xã Xuân Chinh,19.7941161,105.2068756,111,Unhealthy for Sensitive Groups,2,19.6,98,0.1,3.5,66,1009.3,100,27.0,28.2,248.0,11.7,70.0,7.6
2026-02-11 21:00:00,2026,2,11,21,Thanh Hóa,Xã Xuân Chinh,19.7941161,105.2068756,110,Unhealthy for Sensitive Groups,2,19.4,99,0.0,3.6,99,1009.7,100,25.8,27.1,254.0,12.8,60.0,7.2
2026-02-11 22:00:00,2026,2,11,22,Thanh Hóa,Xã Xuân Chinh,19.7941161,105.2068756,108,Unhealthy for Sensitive Groups,2,19.1,99,0.0,4.5,127,1009.5,100,26.6,27.8,256.0,13.3,53.0,6.8
2026-02-11 23:00:00,2026,2,11,23,Thanh Hóa,Xã Xuân Chinh,19.7941161,105.2068756,106,Unhealthy for Sensitive Groups,2,18.9,100,0.0,2.8,125,1009.5,100,26.1,27.4,247.0,12.9,51.0,6.7
2026-02-12 00:00:00,2026,2,12,0,Thanh Hóa,Xã Xuân Chinh,19.7941161,105.2068756,103,Unhealthy for Sensitive Groups,2,18.9,100,0.0,2.4,107,1009.4,100,25.0,26.3,234.0,11.9,51.0,6.7
2026-02-12 01:00:00,2026,2,12,1,Thanh Hóa,Xã Xuân Chinh,19.7941161,105.2068756,100,Moderate,1,18.7,100,0.0,2.4,77,1009.0,100,21.4,23.1,222.0,10.8,52.0,6.4
2026-02-12 02:00:00,2026,2,12,2,Thanh Hóa,Xã Xuân Chinh,19.7941161,105.2068756,96,Moderate,1,18.7,100,0.0,2.3,72,1008.5,100,18.2,19.8,210.0,9.6,53.0,5.7
2026-02-12 03:00:00,2026,2,12,3,Thanh Hóa,Xã Xuân Chinh,19.7941161,105.2068756,92,Moderate,1,18.7,100,0.0,1.6,63,1007.8,100,16.0,17.8,198.0,8.4,54.0,4.7
2026-02-12 04:00:00,2026,2,12,4,Thanh Hóa,Xã Xuân Chinh,19.7941161,105.2068756,88,Moderate,1,18.7,100,0.1,1.8,53,1007.9,100,16.2,18.0,197.0,7.7,54.0,4.0
2026-02-12 05:00:00,2026,2,12,5,Thanh Hóa,Xã Xuân Chinh,19.7941161,105.2068756,85,Moderate,1,18.7,100,0.4,1.9,68,1008.0,100,17.2,18.9,216.0,8.1,49.0,3.8
2026-02-12 06:00:00,2026,2,12,6,Thanh Hóa,Xã Xuân Chinh,19.7941161,105.2068756,81,Moderate,1,18.7,100,0.6,2.9,101,1008.5,100,18.5,20.1,244.0,9.1,42.0,3.9
2026-02-12 07:00:00,2026,2,12,7,Thanh Hóa,Xã Xuân Chinh,19.7941161,105.2068756,78,Moderate,1,18.9,100,0.2,3.1,111,1009.3,100,16.1,17.6,260.0,9.4,46.0,3.6
2026-02-12 08:00:00,2026,2,12,8,Thanh Hóa,Xã Xuân Chinh,19.7941161,105.2068756,76,Moderate,1,19.3,99,0.0,2.9,133,1009.9,100,11.5,13.1,250.0,7.6,55.0,3.1
2026-02-12 09:00:00,2026,2,12,9,Thanh Hóa,Xã Xuân Chinh,19.7941161,105.2068756,74,Moderate,1,19.8,98,0.0,4.8,149,1010.4,100,10.6,12.1,228.0,5.1,68.0,2.4
2026-02-12 10:00:00,2026,2,12,10,Thanh Hóa,Xã Xuân Chinh,19.7941161,105.2068756,72,Moderate,1,20.8,92,0.1,5.7,152,1010.8,100,9.3,10.9,212.0,3.2,78.0,1.9
2026-02-12 11:00:00,2026,2,12,11,Thanh Hóa,Xã Xuân Chinh,19.7941161,105.2068756,70,Moderate,1,22.5,82,0.1,6.8,151,1009.8,100,9.4,11.1,210.0,2.5,84.0,1.8
2026-02-12 12:00:00,2026,2,12,12,Thanh Hóa,Xã Xuân Chinh,19.7941161,105.2068756,69,Moderate,1,24.1,73,0.1,8.4,160,1008.3,100,10.2,12.0,213.0,2.4,87.0,1.8
2026-02-12 13:00:00,2026,2,12,13,Thanh Hóa,Xã Xuân Chinh,19.7941161,105.2068756,68,Moderate,1,24.4,71,0.0,7.1,144,1007.3,100,11.1,13.0,216.0,2.4,90.0,1.9
2026-02-12 14:00:00,2026,2,12,14,Thanh Hóa,Xã Xuân Chinh,19.7941161,105.2068756,67,Moderate,1,24.4,72,0.0,8.3,147,1006.4,97,11.0,12.8,214.0,2.2,93.0,1.9
2026-02-12 15:00:00,2026,2,12,15,Thanh Hóa,Xã Xuân Chinh,19.7941161,105.2068756,65,Moderate,1,24.6,71,0.0,8.2,142,1005.6,100,12.6,14.5,210.0,2.1,96.0,1.9
2026-02-12 16:00:00,2026,2,12,16,Thanh Hóa,Xã Xuân Chinh,19.7941161,105.2068756,64,Moderate,1,23.9,76,0.1,9.0,134,1005.3,100,11.4,13.2,210.0,2.4,96.0,2.0
2026-02-12 17:00:00,2026,2,12,17,Thanh Hóa,Xã Xuân Chinh,19.7941161,105.2068756,63,Moderate,1,22.8,83,0.2,8.1,122,1005.3,100,11.1,12.8,216.0,3.5,91.0,2.3
2026-02-12 18:00:00,2026,2,12,18,Thanh Hóa,Xã Xuân Chinh,19.7941161,105.2068756,61,Moderate,1,21.8,90,0.1,4.8,112,1005.9,100,11.1,12.5,225.0,5.1,83.0,2.8
2026-02-12 19:00:00,2026,2,12,19,Thanh Hóa,Xã Xuân Chinh,19.7941161,105.2068756,60,Moderate,1,20.7,97,0.0,3.3,96,1006.2,100,12.6,14.0,232.0,7.3,74.0,3.5
2026-02-12 20:00:00,2026,2,12,20,Thanh Hóa,Xã Xuân Chinh,19.7941161,105.2068756,59,Moderate,1,20.1,99,0.0,2.8,153,1006.8,90,14.3,16.2,235.0,8.4,71.0,4.1
2026-02-12 21:00:00,2026,2,12,21,Thanh Hóa,Xã Xuân Chinh,19.7941161,105.2068756,58,Moderate,1,19.9,99,0.0,3.0,213,1007.4,71,15.3,17.7,236.0,10.0,66.0,4.8
2026-02-12 22:00:00,2026,2,12,22,Thanh Hóa,Xã Xuân Chinh,19.7941161,105.2068756,57,Moderate,1,19.8,99,0.0,3.8,225,1007.4,91,16.2,18.9,233.0,11.2,61.0,5.1
2026-02-12 23:00:00,2026,2,12,23,Thanh Hóa,Xã Xuân Chinh,19.7941161,105.2068756,56,Moderate,1,20.0,99,0.0,4.4,232,1007.0,100,19.6,22.5,223.0,11.7,56.0,4.6
2026-02-13 00:00:00,2026,2,13,0,Thanh Hóa,Xã Xuân Chinh,19.7941161,105.2068756,55,Moderate,1,20.3,98,0.0,4.1,218,1006.5,100,23.1,25.1,209.0,11.8,52.0,3.7
2026-02-13 01:00:00,2026,2,13,1,Thanh Hóa,Xã Xuân Chinh,19.7941161,105.2068756,55,Moderate,1,20.5,100,0.0,4.5,196,1005.9,100,23.8,26.0,199.0,11.6,48.0,2.9
2026-02-13 02:00:00,2026,2,13,2,Thanh Hóa,Xã Xuân Chinh,19.7941161,105.2068756,55,Moderate,1,20.6,99,0.0,4.6,191,1005.7,100,24.9,27.2,197.0,11.0,46.0,2.4
2026-02-13 03:00:00,2026,2,13,3,Thanh Hóa,Xã Xuân Chinh,19.7941161,105.2068756,56,Moderate,1,20.5,99,0.0,3.4,186,1005.1,100,25.6,28.3,200.0,10.0,46.0,2.1
2026-02-13 04:00:00,2026,2,13,4,Thanh Hóa,Xã Xuân Chinh,19.7941161,105.2068756,57,Moderate,1,20.6,99,0.0,4.5,173,1005.3,100,26.6,29.3,207.0,9.4,46.0,1.8
2026-02-13 05:00:00,2026,2,13,5,Thanh Hóa,Xã Xuân Chinh,19.7941161,105.2068756,58,Moderate,1,20.5,99,0.0,4.2,187,1005.3,100,29.2,31.5,224.0,9.6,45.0,1.7
2026-02-13 06:00:00,2026,2,13,6,Thanh Hóa,Xã Xuân Chinh,19.7941161,105.2068756,59,Moderate,1,20.3,99,0.0,3.3,193,1005.8,100,31.3,33.6,246.0,10.1,44.0,1.6
2026-02-13 07:00:00,2026,2,13,7,Thanh Hóa,Xã Xuân Chinh,19.7941161,105.2068756,60,Moderate,1,19.9,99,0.0,4.2,198,1006.5,61,36.7,39.5,258.0,11.1,47.0,1.9
2026-02-13 08:00:00,2026,2,13,8,Thanh Hóa,Xã Xuân Chinh,19.7941161,105.2068756,62,Moderate,1,21.2,93,0.0,4.0,180,1007.1,31,23.7,26.3,250.0,8.5,59.0,1.8
2026-02-13 09:00:00,2026,2,13,9,Thanh Hóa,Xã Xuân Chinh,19.7941161,105.2068756,63,Moderate,1,22.8,81,0.0,5.8,178,1008.0,37,14.6,17.9,232.0,4.8,76.0,1.6
2026-02-13 10:00:00,2026,2,13,10,Thanh Hóa,Xã Xuân Chinh,19.7941161,105.2068756,63,Moderate,1,24.3,71,0.0,6.2,173,1008.3,100,14.1,17.4,219.0,2.1,89.0,1.5
2026-02-13 11:00:00,2026,2,13,11,Thanh Hóa,Xã Xuân Chinh,19.7941161,105.2068756,63,Moderate,1,24.8,70,0.0,7.3,163,1007.5,100,14.0,16.8,219.0,1.2,95.0,1.4
2026-02-13 12:00:00,2026,2,13,12,Thanh Hóa,Xã Xuân Chinh,19.7941161,105.2068756,64,Moderate,1,25.0,72,0.1,6.5,148,1006.4,100,14.7,17.3,225.0,1.2,97.0,1.3
2026-02-13 13:00:00,2026,2,13,13,Thanh Hóa,Xã Xuân Chinh,19.7941161,105.2068756,64,Moderate,1,25.6,69,0.1,6.7,124,1005.5,100,15.3,17.9,231.0,1.4,99.0,1.3
2026-02-13 14:00:00,2026,2,13,14,Thanh Hóa,Xã Xuân Chinh,19.7941161,105.2068756,65,Moderate,1,25.9,68,0.0,8.5,126,1004.5,100,15.9,18.5,234.0,1.4,102.0,1.4
2026-02-13 15:00:00,2026,2,13,15,Thanh Hóa,Xã Xuân Chinh,19.7941161,105.2068756,65,Moderate,1,25.7,69,0.0,9.2,135,1003.8,100,15.9,18.4,236.0,1.5,104.0,1.6
2026-02-13 16:00:00,2026,2,13,16,Thanh Hóa,Xã Xuân Chinh,19.7941161,105.2068756,65,Moderate,1,24.4,77,0.1,8.7,132,1003.7,100,15.7,18.0,238.0,2.0,103.0,1.9
2026-02-13 17:00:00,2026,2,13,17,Thanh Hóa,Xã Xuân Chinh,19.7941161,105.2068756,66,Moderate,1,23.6,80,0.1,7.8,136,1003.9,100,14.7,16.9,241.0,3.2,98.0,2.3
2026-02-13 18:00:00,2026,2,13,18,Thanh Hóa,Xã Xuân Chinh,19.7941161,105.2068756,66,Moderate,1,22.4,86,0.0,4.9,126,1004.6,100,13.6,15.5,245.0,4.8,91.0,2.8
2026-02-13 19:00:00,2026,2,13,19,Thanh Hóa,Xã Xuân Chinh,19.7941161,105.2068756,66,Moderate,1,22.0,91,0.0,5.2,139,1005.1,97,12.4,14.4,247.0,6.3,83.0,3.2
2026-02-13 20:00:00,2026,2,13,20,Thanh Hóa,Xã Xuân Chinh,19.7941161,105.2068756,66,Moderate,1,21.3,93,0.0,5.2,168,1006.2,95,14.1,16.8,246.0,7.0,78.0,3.5
2026-02-13 21:00:00,2026,2,13,21,Thanh Hóa,Xã Xuân Chinh,19.7941161,105.2068756,66,Moderate,1,20.6,96,0.0,6.0,187,1006.8,90,14.1,17.1,243.0,7.9,70.0,3.9
2026-02-13 22:00:00,2026,2,13,22,Thanh Hóa,Xã Xuân Chinh,19.7941161,105.2068756,66,Moderate,1,20.8,96,0.0,5.9,192,1007.1,59,14.6,17.6,239.0,8.7,64.0,4.1
2026-02-13 23:00:00,2026,2,13,23,Thanh Hóa,Xã Xuân Chinh,19.7941161,105.2068756,66,Moderate,1,20.2,98,0.0,5.6,222,1007.0,73,16.6,19.8,234.0,9.2,61.0,4.0
2026-02-14 00:00:00,2026,2,14,0,Thanh Hóa,Xã Xuân Chinh,19.7941161,105.2068756,66,Moderate,1,20.0,98,0.0,4.7,238,1006.8,83,17.8,21.3,227.0,9.5,59.0,3.7
2026-02-14 01:00:00,2026,2,14,1,Thanh Hóa,Xã Xuân Chinh,19.7941161,105.2068756,65,Moderate,1,20.4,98,0.0,2.4,228,1006.6,63,20.1,23.9,223.0,9.8,57.0,3.3
2026-02-14 02:00:00,2026,2,14,2,Thanh Hóa,Xã Xuân Chinh,19.7941161,105.2068756,65,Moderate,1,20.5,98,0.0,3.7,231,1006.0,80,23.0,26.0,220.0,10.2,54.0,2.8
2026-02-14 03:00:00,2026,2,14,3,Thanh Hóa,Xã Xuân Chinh,19.7941161,105.2068756,65,Moderate,1,19.6,99,0.0,3.1,230,1005.5,30,24.9,27.5,219.0,10.6,51.0,2.2
2026-02-14 04:00:00,2026,2,14,4,Thanh Hóa,Xã Xuân Chinh,19.7941161,105.2068756,65,Moderate,1,19.2,99,0.0,4.3,237,1005.4,62,27.7,30.5,223.0,11.0,48.0,1.8
2026-02-14 05:00:00,2026,2,14,5,Thanh Hóa,Xã Xuân Chinh,19.7941161,105.2068756,65,Moderate,1,19.4,99,0.0,4.6,228,1005.3,78,31.8,34.1,237.0,11.7,42.0,1.6
2026-02-14 06:00:00,2026,2,14,6,Thanh Hóa,Xã Xuân Chinh,19.7941161,105.2068756,65,Moderate,1,19.2,100,0.0,5.3,235,1005.9,100,34.5,36.6,257.0,12.3,36.0,1.7
2026-02-14 07:00:00,2026,2,14,7,Thanh Hóa,Xã Xuân Chinh,19.7941161,105.2068756,65,Moderate,1,19.8,99,0.0,3.2,236,1006.7,100,34.8,36.7,265.0,10.7,40.0,1.4
2026-02-14 08:00:00,2026,2,14,8,Thanh Hóa,Xã Xuân Chinh,19.7941161,105.2068756,65,Moderate,1,21.3,91,0.0,2.8,195,1007.4,66,22.4,24.2,252.0,8.1,56.0,1.6
2026-02-14 09:00:00,2026,2,14,9,Thanh Hóa,Xã Xuân Chinh,19.7941161,105.2068756,65,Moderate,1,23.0,78,0.0,4.2,162,1007.9,36,12.0,15.3,228.0,4.5,78.0,1.8
2026-02-14 10:00:00,2026,2,14,10,Thanh Hóa,Xã Xuân Chinh,19.7941161,105.2068756,65,Moderate,1,24.5,69,0.0,6.6,164,1007.7,100,11.3,14.4,211.0,1.8,95.0,1.9
2026-02-14 11:00:00,2026,2,14,11,Thanh Hóa,Xã Xuân Chinh,19.7941161,105.2068756,65,Moderate,1,25.6,65,0.0,7.0,162,1007.1,100,10.9,13.2,207.0,0.9,101.0,1.7
2026-02-14 12:00:00,2026,2,14,12,Thanh Hóa,Xã Xuân Chinh,19.7941161,105.2068756,64,Moderate,1,26.5,62,0.0,6.9,157,1005.7,93,11.4,13.2,210.0,0.9,103.0,1.5
2026-02-14 13:00:00,2026,2,14,13,Thanh Hóa,Xã Xuân Chinh,19.7941161,105.2068756,64,Moderate,1,26.7,62,0.0,7.7,152,1004.9,100,12.4,14.1,214.0,1.0,104.0,1.3
2026-02-14 14:00:00,2026,2,14,14,Thanh Hóa,Xã Xuân Chinh,19.7941161,105.2068756,64,Moderate,1,27.2,61,0.0,7.7,139,1003.8,91,13.3,15.0,219.0,1.0,108.0,1.4
2026-02-14 15:00:00,2026,2,14,15,Thanh Hóa,Xã Xuân Chinh,19.7941161,105.2068756,63,Moderate,1,26.7,63,0.0,8.6,127,1002.8,28,14.1,15.7,226.0,1.1,113.0,1.6
2026-02-14 16:00:00,2026,2,14,16,Thanh Hóa,Xã Xuân Chinh,19.7941161,105.2068756,63,Moderate,1,25.9,67,0.0,8.8,118,1003.0,97,14.6,16.1,233.0,1.7,113.0,1.9
2026-02-14 17:00:00,2026,2,14,17,Thanh Hóa,Xã Xuân Chinh,19.7941161,105.2068756,63,Moderate,1,24.5,75,0.0,8.6,113,1003.6,54,14.6,16.1,242.0,3.2,106.0,2.2
2026-02-14 18:00:00,2026,2,14,18,Thanh Hóa,Xã Xuân Chinh,19.7941161,105.2068756,63,Moderate,1,22.8,84,0.0,6.7,110,1004.0,90,14.7,15.9,251.0,5.1,95.0,2.6
2026-02-14 19:00:00,2026,2,14,19,Thanh Hóa,Xã Xuân Chinh,19.7941161,105.2068756,63,Moderate,1,21.4,93,0.0,4.8,132,1004.7,88,18.2,20.3,257.0,7.0,88.0,3.1
2026-02-14 20:00:00,2026,2,14,20,Thanh Hóa,Xã Xuân Chinh,19.7941161,105.2068756,64,Moderate,1,21.0,94,0.0,4.9,180,1005.6,45,19.2,21.3,258.0,7.8,82.0,3.5
2026-02-14 21:00:00,2026,2,14,21,Thanh Hóa,Xã Xuân Chinh,19.7941161,105.2068756,64,Moderate,1,20.7,94,0.0,5.9,192,1005.9,29,21.0,23.5,256.0,8.8,74.0,4.0
2026-02-14 22:00:00,2026,2,14,22,Thanh Hóa,Xã Xuân Chinh,19.7941161,105.2068756,65,Moderate,1,20.4,95,0.0,6.0,213,1006.1,59,21.2,24.4,252.0,9.6,66.0,4.3
2026-02-14 23:00:00,2026,2,14,23,Thanh Hóa,Xã Xuân Chinh,19.7941161,105.2068756,65,Moderate,1,20.2,95,0.0,6.4,220,1006.2,49,21.3,25.0,246.0,9.9,60.0,4.0
2026-02-15 00:00:00,2026,2,15,0,Thanh Hóa,Xã Xuân Chinh,19.7941161,105.2068756,66,Moderate,1,20.6,93,0.0,6.1,225,1005.8,41,23.8,27.4,237.0,9.9,54.0,3.5
2026-02-15 01:00:00,2026,2,15,1,Thanh Hóa,Xã Xuân Chinh,19.7941161,105.2068756,66,Moderate,1,20.6,97,0.0,5.0,210,1005.6,34,25.6,28.2,232.0,9.8,49.0,2.9
2026-02-15 02:00:00,2026,2,15,2,Thanh Hóa,Xã Xuân Chinh,19.7941161,105.2068756,67,Moderate,1,20.4,98,0.0,4.9,208,1005.0,70,25.1,27.5,230.0,9.5,44.0,2.4
2026-02-15 03:00:00,2026,2,15,3,Thanh Hóa,Xã Xuân Chinh,19.7941161,105.2068756,67,Moderate,1,20.1,98,0.0,5.3,215,1004.4,9,24.3,26.5,231.0,9.1,40.0,1.9
2026-02-15 04:00:00,2026,2,15,4,Thanh Hóa,Xã Xuân Chinh,19.7941161,105.2068756,67,Moderate,1,19.1,99,0.0,5.0,226,1004.1,6,23.5,25.6,237.0,8.6,38.0,1.6
2026-02-15 05:00:00,2026,2,15,5,Thanh Hóa,Xã Xuân Chinh,19.7941161,105.2068756,67,Moderate,1,18.4,100,0.0,5.2,241,1004.1,100,23.1,25.1,255.0,8.3,39.0,1.6
2026-02-15 06:00:00,2026,2,15,6,Thanh Hóa,Xã Xuân Chinh,19.7941161,105.2068756,66,Moderate,1,18.4,100,0.0,5.6,249,1004.6,100,23.1,24.6,277.0,7.9,42.0,1.7
2026-02-15 07:00:00,2026,2,15,7,Thanh Hóa,Xã Xuân Chinh,19.7941161,105.2068756,65,Moderate,1,18.8,100,0.0,5.1,260,1005.3,100,25.8,27.2,287.0,8.3,52.0,1.6
2026-02-15 08:00:00,2026,2,15,8,Thanh Hóa,Xã Xuân Chinh,19.7941161,105.2068756,64,Moderate,1,20.1,96,0.0,3.3,241,1006.2,91,15.8,17.2,271.0,6.2,64.0,1.4
2026-02-15 09:00:00,2026,2,15,9,Thanh Hóa,Xã Xuân Chinh,19.7941161,105.2068756,64,Moderate,1,22.4,82,0.0,2.1,160,1006.7,83,15.1,16.5,243.0,3.4,80.0,1.1
2026-02-15 10:00:00,2026,2,15,10,Thanh Hóa,Xã Xuân Chinh,19.7941161,105.2068756,64,Moderate,1,24.6,74,0.0,4.2,130,1006.9,13,14.5,15.9,222.0,1.3,93.0,1.0
2026-02-15 11:00:00,2026,2,15,11,Thanh Hóa,Xã Xuân Chinh,19.7941161,105.2068756,64,Moderate,1,26.3,69,0.0,5.4,124,1006.2,10,14.6,15.9,217.0,0.7,100.0,1.0
2026-02-15 12:00:00,2026,2,15,12,Thanh Hóa,Xã Xuân Chinh,19.7941161,105.2068756,64,Moderate,1,27.6,65,0.0,6.9,120,1004.7,13,15.5,16.8,220.0,0.8,104.0,1.2
2026-02-15 13:00:00,2026,2,15,13,Thanh Hóa,Xã Xuân Chinh,19.7941161,105.2068756,65,Moderate,1,28.3,61,0.0,8.6,119,1003.8,11,16.6,17.9,223.0,1.1,107.0,1.4
2026-02-15 14:00:00,2026,2,15,14,Thanh Hóa,Xã Xuân Chinh,19.7941161,105.2068756,65,Moderate,1,28.1,61,0.0,9.4,121,1002.9,17,17.6,18.9,226.0,1.1,111.0,1.6
2026-02-15 15:00:00,2026,2,15,15,Thanh Hóa,Xã Xuân Chinh,19.7941161,105.2068756,66,Moderate,1,27.6,63,0.0,9.6,124,1002.2,20,18.0,19.4,229.0,1.3,115.0,1.8
2026-02-15 16:00:00,2026,2,15,16,Thanh Hóa,Xã Xuân Chinh,19.7941161,105.2068756,66,Moderate,1,26.6,67,0.0,9.2,129,1002.2,23,17.6,19.1,230.0,1.8,114.0,2.1
2026-02-15 17:00:00,2026,2,15,17,Thanh Hóa,Xã Xuân Chinh,19.7941161,105.2068756,66,Moderate,1,24.9,71,0.0,9.3,134,1002.5,26,16.5,18.3,225.0,3.0,105.0,2.4
2026-02-15 18:00:00,2026,2,15,18,Thanh Hóa,Xã Xuân Chinh,19.7941161,105.2068756,66,Moderate,1,22.4,82,0.0,5.6,140,1003.1,7,15.0,16.7,218.0,4.6,91.0,2.7
2026-02-15 19:00:00,2026,2,15,19,Thanh Hóa,Xã Xuân Chinh,19.7941161,105.2068756,66,Moderate,1,21.1,89,0.0,4.0,188,1003.7,9,14.5,16.4,213.0,6.3,81.0,3.1
2026-02-15 20:00:00,2026,2,15,20,Thanh Hóa,Xã Xuân Chinh,19.7941161,105.2068756,66,Moderate,1,20.5,92,0.0,5.4,206,1004.5,3,16.6,19.3,214.0,7.2,78.0,3.6
2026-02-15 21:00:00,2026,2,15,21,Thanh Hóa,Xã Xuân Chinh,19.7941161,105.2068756,66,Moderate,1,19.8,95,0.0,5.9,218,1004.7,59,17.8,20.9,219.0,8.4,73.0,4.3
2026-02-15 22:00:00,2026,2,15,22,Thanh Hóa,Xã Xuân Chinh,19.7941161,105.2068756,65,Moderate,1,19.5,97,0.0,6.1,240,1005.0,70,18.8,22.4,221.0,9.5,67.0,4.8
2026-02-15 23:00:00,2026,2,15,23,Thanh Hóa,Xã Xuân Chinh,19.7941161,105.2068756,65,Moderate,1,18.9,98,0.0,5.8,240,1004.6,65,20.1,23.5,219.0,10.6,60.0,4.9
2026-02-16 00:00:00,2026,2,16,0,Thanh Hóa,Xã Xuân Chinh,19.7941161,105.2068756,65,Moderate,1,18.9,98,0.0,5.2,243,1004.3,69,20.4,23.6,216.0,11.6,52.0,4.8
2026-02-16 01:00:00,2026,2,16,1,Thanh Hóa,Xã Xuân Chinh,19.7941161,105.2068756,65,Moderate,1,19.3,99,0.0,2.6,254,1004.2,54,21.5,24.9,213.0,12.0,48.0,4.5
2026-02-16 02:00:00,2026,2,16,2,Thanh Hóa,Xã Xuân Chinh,19.7941161,105.2068756,64,Moderate,1,19.5,99,0.0,2.1,255,1003.9,11,22.8,25.7,212.0,11.4,50.0,4.0
2026-02-16 03:00:00,2026,2,16,3,Thanh Hóa,Xã Xuân Chinh,19.7941161,105.2068756,64,Moderate,1,19.6,99,0.0,1.7,257,1003.6,100,25.0,27.5,211.0,10.2,55.0,3.4
2026-02-16 04:00:00,2026,2,16,4,Thanh Hóa,Xã Xuân Chinh,19.7941161,105.2068756,64,Moderate,1,19.3,99,0.0,1.9,253,1003.8,100,24.3,27.0,215.0,9.4,59.0,2.9
2026-02-16 05:00:00,2026,2,16,5,Thanh Hóa,Xã Xuân Chinh,19.7941161,105.2068756,64,Moderate,1,19.1,100,0.0,2.1,239,1004.0,100,24.5,27.3,228.0,9.6,58.0,2.8
2026-02-16 06:00:00,2026,2,16,6,Thanh Hóa,Xã Xuân Chinh,19.7941161,105.2068756,65,Moderate,1,19.0,99,0.0,2.4,228,1004.4,100,25.3,28.0,245.0,10.1,55.0,3.0
2026-02-16 07:00:00,2026,2,16,7,Thanh Hóa,Xã Xuân Chinh,19.7941161,105.2068756,65,Moderate,1,20.6,96,0.0,1.2,63,1005.5,100,27.8,30.5,252.0,8.8,65.0,3.0
2026-02-16 08:00:00,2026,2,16,8,Thanh Hóa,Xã Xuân Chinh,19.7941161,105.2068756,65,Moderate,1,21.0,95,0.1,1.0,158,1006.3,100,19.3,21.2,238.0,6.7,73.0,2.4
2026-02-16 09:00:00,2026,2,16,9,Thanh Hóa,Xã Xuân Chinh,19.7941161,105.2068756,65,Moderate,1,22.8,83,0.1,2.7,138,1006.9,100,16.8,18.7,214.0,3.8,84.0,1.6
2026-02-16 10:00:00,2026,2,16,10,Thanh Hóa,Xã Xuân Chinh,19.7941161,105.2068756,65,Moderate,1,24.1,76,0.0,4.4,120,1007.0,98,14.9,16.7,196.0,1.6,93.0,1.0
2026-02-16 11:00:00,2026,2,16,11,Thanh Hóa,Xã Xuân Chinh,19.7941161,105.2068756,65,Moderate,1,25.6,69,0.0,5.2,124,1006.6,95,14.2,15.9,191.0,0.9,99.0,0.9
2026-02-16 12:00:00,2026,2,16,12,Thanh Hóa,Xã Xuân Chinh,19.7941161,105.2068756,65,Moderate,1,26.7,64,0.0,5.3,123,1005.5,59,13.7,15.3,193.0,0.9,103.0,1.0
2026-02-16 13:00:00,2026,2,16,13,Thanh Hóa,Xã Xuân Chinh,19.7941161,105.2068756,65,Moderate,1,28.3,58,0.0,6.5,109,1004.1,56,13.6,15.1,195.0,1.0,106.0,1.2
2026-02-16 14:00:00,2026,2,16,14,Thanh Hóa,Xã Xuân Chinh,19.7941161,105.2068756,65,Moderate,1,28.2,59,0.0,9.0,102,1003.1,16,13.6,15.1,196.0,0.9,109.0,1.3
2026-02-16 15:00:00,2026,2,16,15,Thanh Hóa,Xã Xuân Chinh,19.7941161,105.2068756,65,Moderate,1,28.0,60,0.0,9.6,111,1002.4,22,13.9,15.4,197.0,1.0,111.0,1.5
2026-02-16 16:00:00,2026,2,16,16,Thanh Hóa,Xã Xuân Chinh,19.7941161,105.2068756,64,Moderate,1,27.4,62,0.0,9.5,119,1002.5,19,13.9,15.8,198.0,1.6,109.0,1.8
2026-02-16 17:00:00,2026,2,16,17,Thanh Hóa,Xã Xuân Chinh,19.7941161,105.2068756,64,Moderate,1,25.1,74,0.0,9.0,110,1003.0,21,13.4,15.4,198.0,3.1,99.0,2.2
2026-02-16 18:00:00,2026,2,16,18,Thanh Hóa,Xã Xuân Chinh,19.7941161,105.2068756,64,Moderate,1,23.0,85,0.0,5.2,110,1003.6,31,12.7,14.5,197.0,5.1,85.0,2.7
2026-02-16 19:00:00,2026,2,16,19,Thanh Hóa,Xã Xuân Chinh,19.7941161,105.2068756,63,Moderate,1,21.7,93,0.0,4.0,117,1003.9,38,13.3,15.3,197.0,6.8,75.0,3.1
2026-02-16 20:00:00,2026,2,16,20,Thanh Hóa,Xã Xuân Chinh,19.7941161,105.2068756,63,Moderate,1,21.4,94,0.0,3.1,183,1004.7,29,14.9,17.9,199.0,8.8,70.0,4.1
2026-02-16 21:00:00,2026,2,16,21,Thanh Hóa,Xã Xuân Chinh,19.7941161,105.2068756,63,Moderate,1,21.3,95,0.0,3.0,218,1005.1,34,17.3,20.7,202.0,11.6,62.0,5.3
2026-02-16 22:00:00,2026,2,16,22,Thanh Hóa,Xã Xuân Chinh,19.7941161,105.2068756,63,Moderate,1,20.7,96,0.0,2.7,212,1005.4,55,20.4,24.0,203.0,13.9,55.0,6.1
2026-02-16 23:00:00,2026,2,16,23,Thanh Hóa,Xã Xuân Chinh,19.7941161,105.2068756,63,Moderate,1,21.0,96,0.0,2.3,209,1005.5,65,22.8,26.4,199.0,15.6,49.0,5.8
2026-02-17 00:00:00,2026,2,17,0,Thanh Hóa,Xã Xuân Chinh,19.7941161,105.2068756,64,Moderate,1,21.3,96,0.0,2.3,180,1005.6,13,24.2,27.9,192.0,16.9,44.0,5.0
2026-02-17 01:00:00,2026,2,17,1,Thanh Hóa,Xã Xuân Chinh,19.7941161,105.2068756,64,Moderate,1,21.5,98,0.0,3.1,170,1005.2,38,29.2,32.5,188.0,17.0,42.0,4.3
2026-02-17 02:00:00,2026,2,17,2,Thanh Hóa,Xã Xuân Chinh,19.7941161,105.2068756,65,Moderate,1,21.4,98,0.0,2.9,173,1004.8,5,32.5,34.9,184.0,14.9,44.0,3.8
2026-02-17 03:00:00,2026,2,17,3,Thanh Hóa,Xã Xuân Chinh,19.7941161,105.2068756,65,Moderate,1,21.2,99,0.0,2.8,153,1004.6,23,30.0,32.8,182.0,11.6,49.0,3.4
2026-02-17 04:00:00,2026,2,17,4,Thanh Hóa,Xã Xuân Chinh,19.7941161,105.2068756,66,Moderate,1,20.8,100,0.0,2.0,175,1004.8,100,29.3,32.2,191.0,9.0,52.0,3.0
2026-02-17 05:00:00,2026,2,17,5,Thanh Hóa,Xã Xuân Chinh,19.7941161,105.2068756,66,Moderate,1,20.5,100,0.0,3.3,264,1005.0,100,30.5,32.7,224.0,8.0,51.0,2.3
2026-02-17 06:00:00,2026,2,17,6,Thanh Hóa,Xã Xuân Chinh,19.7941161,105.2068756,67,Moderate,1,20.5,100,0.0,3.3,299,1005.9,100,29.9,31.8,267.0,7.7,49.0,1.6
2026-02-17 07:00:00,2026,2,17,7,Thanh Hóa,Xã Xuân Chinh,19.7941161,105.2068756,67,Moderate,1,21.4,98,0.0,3.2,3,1007.0,100,27.5,29.7,295.0,8.7,50.0,2.5
2026-02-17 08:00:00,2026,2,17,8,Thanh Hóa,Xã Xuân Chinh,19.7941161,105.2068756,67,Moderate,1,21.9,95,0.1,5.6,59,1008.3,100,21.8,23.4,291.0,7.9,55.0,2.9
2026-02-17 09:00:00,2026,2,17,9,Thanh Hóa,Xã Xuân Chinh,19.7941161,105.2068756,67,Moderate,1,22.0,95,0.6,5.6,63,1009.4,100,15.9,17.1,270.0,6.7,61.0,3.4
2026-02-17 10:00:00,2026,2,17,10,Thanh Hóa,Xã Xuân Chinh,19.7941161,105.2068756,67,Moderate,1,21.8,98,1.0,3.6,60,1009.7,100,13.6,14.3,255.0,5.8,68.0,4.0
2026-02-17 11:00:00,2026,2,17,11,Thanh Hóa,Xã Xuân Chinh,19.7941161,105.2068756,67,Moderate,1,22.1,97,1.0,4.6,69,1009.3,100,13.9,14.4,253.0,5.5,75.0,4.8
2026-02-17 12:00:00,2026,2,17,12,Thanh Hóa,Xã Xuân Chinh,19.7941161,105.2068756,67,Moderate,1,24.0,88,0.3,6.7,76,1008.3,100,12.3,12.6,257.0,5.5,82.0,5.6
2026-02-17 13:00:00,2026,2,17,13,Thanh Hóa,Xã Xuân Chinh,19.7941161,105.2068756,67,Moderate,1,22.9,88,2.7,8.8,94,1007.6,100,11.7,12.0,264.0,5.5,88.0,6.2
2026-02-17 14:00:00,2026,2,17,14,Thanh Hóa,Xã Xuân Chinh,19.7941161,105.2068756,67,Moderate,1,23.5,86,0.9,8.8,81,1006.7,98,13.3,13.6,276.0,5.5,92.0,6.3
2026-02-17 15:00:00,2026,2,17,15,Thanh Hóa,Xã Xuân Chinh,19.7941161,105.2068756,67,Moderate,1,23.5,89,1.3,9.4,90,1005.9,96,18.2,18.6,292.0,5.5,94.0,6.3
2026-02-17 16:00:00,2026,2,17,16,Thanh Hóa,Xã Xuân Chinh,19.7941161,105.2068756,67,Moderate,1,23.0,93,1.2,10.5,94,1006.2,95,21.1,21.6,307.0,5.8,95.0,6.5
2026-02-17 17:00:00,2026,2,17,17,Thanh Hóa,Xã Xuân Chinh,19.7941161,105.2068756,68,Moderate,1,22.4,95,0.5,7.8,94,1006.7,95,22.3,22.9,322.0,6.7,92.0,7.3
2026-02-17 18:00:00,2026,2,17,18,Thanh Hóa,Xã Xuân Chinh,19.7941161,105.2068756,69,Moderate,1,21.5,97,0.1,3.8,82,1007.5,97,24.3,24.9,336.0,8.0,88.0,8.5
2026-02-17 19:00:00,2026,2,17,19,Thanh Hóa,Xã Xuân Chinh,19.7941161,105.2068756,70,Moderate,1,20.8,99,0.0,5.1,82,1007.8,100,30.3,31.7,348.0,6.3,83.0,4.5
2026-02-17 20:00:00,2026,2,17,20,Thanh Hóa,Xã Xuân Chinh,19.7941161,105.2068756,71,Moderate,1,20.5,98,0.1,4.8,77,1008.4,100,32.9,34.2,355.0,6.8,79.0,4.9
2026-02-17 21:00:00,2026,2,17,21,Thanh Hóa,Xã Xuân Chinh,19.7941161,105.2068756,73,Moderate,1,20.1,99,0.1,4.0,80,1009.3,100,35.2,36.4,359.0,7.5,74.0,5.5
2026-02-17 22:00:00,2026,2,17,22,Thanh Hóa,Xã Xuân Chinh,19.7941161,105.2068756,74,Moderate,1,19.9,99,0.2,2.3,61,1009.7,100,36.9,38.2,362.0,8.0,70.0,6.2
2026-02-17 23:00:00,2026,2,17,23,Thanh Hóa,Xã Xuân Chinh,19.7941161,105.2068756,76,Moderate,1,19.7,99,0.1,1.8,354,1009.7,100,38.3,39.6,362.0,8.2,68.0,7.2
2026-02-18 00:00:00,2026,2,18,0,Thanh Hóa,Xã Xuân Chinh,19.7941161,105.2068756,77,Moderate,1,19.7,99,0.0,2.9,353,1009.5,100,39.6,41.0,361.0,8.2,68.0,8.3
2026-02-18 01:00:00,2026,2,18,1,Thanh Hóa,Xã Xuân Chinh,19.7941161,105.2068756,79,Moderate,1,20.0,100,0.2,3.6,6,1009.2,100,39.5,40.7,363.0,8.3,66.0,9.5
2026-02-18 02:00:00,2026,2,18,2,Thanh Hóa,Xã Xuân Chinh,19.7941161,105.2068756,80,Moderate,1,20.0,98,0.4,4.2,7,1009.1,100,38.9,39.9,372.0,8.6,63.0,10.7
2026-02-18 03:00:00,2026,2,18,3,Thanh Hóa,Xã Xuân Chinh,19.7941161,105.2068756,80,Moderate,1,19.8,99,0.5,5.1,4,1009.1,100,37.7,38.6,385.0,9.0,59.0,12.0
2026-02-18 04:00:00,2026,2,18,4,Thanh Hóa,Xã Xuân Chinh,19.7941161,105.2068756,81,Moderate,1,19.6,98,0.4,5.4,8,1009.3,100,35.9,36.6,398.0,9.6,55.0,13.6
2026-02-18 05:00:00,2026,2,18,5,Thanh Hóa,Xã Xuân Chinh,19.7941161,105.2068756,81,Moderate,1,19.4,99,0.4,7.2,28,1009.4,100,34.8,35.4,412.0,10.7,51.0,15.7
2026-02-18 06:00:00,2026,2,18,6,Thanh Hóa,Xã Xuân Chinh,19.7941161,105.2068756,82,Moderate,1,19.2,99,0.5,6.9,39,1010.2,100,31.7,32.0,426.0,12.0,48.0,18.0
2026-02-18 07:00:00,2026,2,18,7,Thanh Hóa,Xã Xuân Chinh,19.7941161,105.2068756,82,Moderate,1,19.1,98,0.2,5.8,30,1011.2,100,49.0,49.8,436.0,12.2,44.0,16.2
2026-02-18 08:00:00,2026,2,18,8,Thanh Hóa,Xã Xuân Chinh,19.7941161,105.2068756,84,Moderate,1,19.2,98,0.3,8.1,29,1011.7,100,47.8,48.7,441.0,12.6,45.0,18.1
2026-02-18 09:00:00,2026,2,18,9,Thanh Hóa,Xã Xuân Chinh,19.7941161,105.2068756,86,Moderate,1,19.2,97,0.3,8.4,37,1012.6,100,42.7,43.4,442.0,13.2,47.0,20.6
2026-02-18 10:00:00,2026,2,18,10,Thanh Hóa,Xã Xuân Chinh,19.7941161,105.2068756,88,Moderate,1,19.2,97,0.4,9.2,39,1013.1,100,38.5,39.0,443.0,13.6,50.0,22.3
2026-02-18 11:00:00,2026,2,18,11,Thanh Hóa,Xã Xuân Chinh,19.7941161,105.2068756,91,Moderate,1,19.4,96,0.4,8.5,32,1012.6,100,36.3,36.8,441.0,13.7,53.0,22.3
2026-02-18 12:00:00,2026,2,18,12,Thanh Hóa,Xã Xuân Chinh,19.7941161,105.2068756,93,Moderate,1,20.0,89,0.4,7.4,26,1011.9,100,34.7,35.2,438.0,13.5,57.0,21.4
2026-02-18 13:00:00,2026,2,18,13,Thanh Hóa,Xã Xuân Chinh,19.7941161,105.2068756,95,Moderate,1,20.0,89,0.3,8.3,46,1011.2,100,32.5,32.8,442.0,13.3,62.0,20.7
2026-02-18 14:00:00,2026,2,18,14,Thanh Hóa,Xã Xuân Chinh,19.7941161,105.2068756,96,Moderate,1,19.5,91,0.2,8.1,43,1010.5,100,31.9,32.2,459.0,12.9,69.0,20.5
2026-02-18 15:00:00,2026,2,18,15,Thanh Hóa,Xã Xuân Chinh,19.7941161,105.2068756,98,Moderate,1,19.5,91,0.1,7.4,39,1009.8,100,31.7,32.0,483.0,12.5,78.0,20.6
2026-02-18 16:00:00,2026,2,18,16,Thanh Hóa,Xã Xuân Chinh,19.7941161,105.2068756,99,Moderate,1,19.3,91,0.2,6.8,35,1009.6,100,31.1,31.5,500.0,12.2,83.0,20.6
2026-02-18 17:00:00,2026,2,18,17,Thanh Hóa,Xã Xuân Chinh,19.7941161,105.2068756,100,Moderate,1,19.1,94,0.2,5.9,40,1009.6,100,30.5,31.0,505.0,12.3,84.0,20.6
2026-02-18 18:00:00,2026,2,18,18,Thanh Hóa,Xã Xuân Chinh,19.7941161,105.2068756,101,Unhealthy for Sensitive Groups,2,18.9,97,0.2,4.2,50,1010.0,100,31.1,31.5,504.0,12.7,82.0,20.6
2026-02-18 19:00:00,2026,2,18,19,Thanh Hóa,Xã Xuân Chinh,19.7941161,105.2068756,102,Unhealthy for Sensitive Groups,2,18.8,94,0.2,6.4,10,1010.1,100,29.4,29.6,501.0,17.0,60.0,24.6
2026-02-18 20:00:00,2026,2,18,20,Thanh Hóa,Xã Xuân Chinh,19.7941161,105.2068756,102,Unhealthy for Sensitive Groups,2,18.6,96,0.1,7.0,26,1010.7,100,31.8,31.9,496.0,17.3,56.0,25.0
2026-02-18 21:00:00,2026,2,18,21,Thanh Hóa,Xã Xuân Chinh,19.7941161,105.2068756,102,Unhealthy for Sensitive Groups,2,18.5,96,0.0,5.7,41,1011.1,100,34.1,34.2,491.0,17.6,51.0,25.6
2026-02-18 22:00:00,2026,2,18,22,Thanh Hóa,Xã Xuân Chinh,19.7941161,105.2068756,102,Unhealthy for Sensitive Groups,2,18.4,95,0.0,5.7,49,1011.2,100,36.2,36.3,492.0,17.7,47.0,26.1
2026-02-18 23:00:00,2026,2,18,23,Thanh Hóa,Xã Xuân Chinh,19.7941161,105.2068756,101,Unhealthy for Sensitive Groups,2,18.2,96,0.0,5.0,55,1011.1,100,38.0,38.1,509.0,17.5,45.0,26.5
2026-02-19 00:00:00,2026,2,19,0,Thanh Hóa,Xã Xuân Chinh,19.7941161,105.2068756,101,Unhealthy for Sensitive Groups,2,18.1,94,0.0,4.4,30,1011.2,100,39.3,39.5,533.0,17.0,43.0,26.9
2026-02-19 01:00:00,2026,2,19,1,Thanh Hóa,Xã Xuân Chinh,19.7941161,105.2068756,101,Unhealthy for Sensitive Groups,2,17.9,96,0.0,5.8,22,1011.1,100,41.2,41.3,547.0,16.4,42.0,26.9
2026-02-19 02:00:00,2026,2,19,2,Thanh Hóa,Xã Xuân Chinh,19.7941161,105.2068756,102,Unhealthy for Sensitive Groups,2,17.9,95,0.0,5.2,20,1010.9,100,40.2,40.3,542.0,15.5,42.0,26.5
2026-02-19 03:00:00,2026,2,19,3,Thanh Hóa,Xã Xuân Chinh,19.7941161,105.2068756,102,Unhealthy for Sensitive Groups,2,18.0,94,0.1,4.8,22,1010.6,100,35.9,36.0,528.0,14.5,42.0,25.8
2026-02-19 04:00:00,2026,2,19,4,Thanh Hóa,Xã Xuân Chinh,19.7941161,105.2068756,101,Unhealthy for Sensitive Groups,2,18.0,96,0.2,5.2,25,1010.4,100,34.0,34.1,514.0,13.5,43.0,24.8
2026-02-19 05:00:00,2026,2,19,5,Thanh Hóa,Xã Xuân Chinh,19.7941161,105.2068756,101,Unhealthy for Sensitive Groups,2,18.0,97,0.1,5.1,18,1010.8,100,31.9,32.0,504.0,12.7,44.0,23.4
2026-02-19 06:00:00,2026,2,19,6,Thanh Hóa,Xã Xuân Chinh,19.7941161,105.2068756,101,Unhealthy for Sensitive Groups,2,18.1,96,0.1,5.0,13,1011.4,100,31.3,31.5,494.0,11.9,45.0,21.7
2026-02-19 07:00:00,2026,2,19,7,Thanh Hóa,Xã Xuân Chinh,19.7941161,105.2068756,101,Unhealthy for Sensitive Groups,2,18.3,97,0.3,3.7,11,1012.2,100,34.9,35.0,485.0,13.6,41.0,22.4
2026-02-19 08:00:00,2026,2,19,8,Thanh Hóa,Xã Xuân Chinh,19.7941161,105.2068756,100,Moderate,1,18.4,98,0.2,4.6,11,1012.9,100,32.1,32.4,476.0,12.7,48.0,22.2
2026-02-19 09:00:00,2026,2,19,9,Thanh Hóa,Xã Xuân Chinh,19.7941161,105.2068756,98,Moderate,1,18.6,97,0.3,5.0,19,1013.6,100,28.3,28.5,467.0,11.5,58.0,22.0
2026-02-19 10:00:00,2026,2,19,10,Thanh Hóa,Xã Xuân Chinh,19.7941161,105.2068756,97,Moderate,1,18.7,97,0.2,6.2,15,1014.0,100,26.0,26.3,457.0,10.7,66.0,21.7
2026-02-19 11:00:00,2026,2,19,11,Thanh Hóa,Xã Xuân Chinh,19.7941161,105.2068756,96,Moderate,1,19.0,95,0.2,4.7,4,1013.5,100,25.3,25.6,441.0,10.7,70.0,21.2
2026-02-19 12:00:00,2026,2,19,12,Thanh Hóa,Xã Xuân Chinh,19.7941161,105.2068756,95,Moderate,1,19.5,90,0.1,5.9,20,1012.6,100,25.0,25.3,424.0,11.1,72.0,20.7
2026-02-19 13:00:00,2026,2,19,13,Thanh Hóa,Xã Xuân Chinh,19.7941161,105.2068756,94,Moderate,1,20.5,84,0.1,7.6,36,1012.0,100,23.3,23.7,416.0,11.7,74.0,20.5
2026-02-19 14:00:00,2026,2,19,14,Thanh Hóa,Xã Xuân Chinh,19.7941161,105.2068756,93,Moderate,1,20.4,85,0.1,7.1,36,1011.3,100,24.8,25.2,423.0,12.3,76.0,20.8
2026-02-19 15:00:00,2026,2,19,15,Thanh Hóa,Xã Xuân Chinh,19.7941161,105.2068756,92,Moderate,1,20.6,84,0.1,6.9,41,1010.9,100,25.2,25.6,439.0,12.9,78.0,21.3
2026-02-19 16:00:00,2026,2,19,16,Thanh Hóa,Xã Xuân Chinh,19.7941161,105.2068756,92,Moderate,1,20.2,87,0.0,6.1,45,1010.5,100,26.3,26.7,454.0,13.7,78.0,21.8
2026-02-19 17:00:00,2026,2,19,17,Thanh Hóa,Xã Xuân Chinh,19.7941161,105.2068756,91,Moderate,1,20.1,87,0.0,5.0,41,1010.5,100,27.8,28.3,465.0,14.7,75.0,22.0
2026-02-19 18:00:00,2026,2,19,18,Thanh Hóa,Xã Xuân Chinh,19.7941161,105.2068756,91,Moderate,1,19.7,89,0.0,1.5,36,1010.9,100,29.9,30.5,476.0,15.9,70.0,22.1
2026-02-19 19:00:00,2026,2,19,19,Thanh Hóa,Xã Xuân Chinh,19.7941161,105.2068756,91,Moderate,1,19.5,95,0.0,5.0,41,1011.1,100,29.3,30.0,484.0,15.1,68.0,19.4
2026-02-19 20:00:00,2026,2,19,20,Thanh Hóa,Xã Xuân Chinh,19.7941161,105.2068756,91,Moderate,1,19.5,94,0.1,4.4,32,1011.9,100,32.4,33.2,490.0,15.1,66.0,19.3
2026-02-19 21:00:00,2026,2,19,21,Thanh Hóa,Xã Xuân Chinh,19.7941161,105.2068756,91,Moderate,1,19.3,96,0.2,4.5,23,1012.3,100,35.4,36.3,494.0,15.1,63.0,19.2
2026-02-19 22:00:00,2026,2,19,22,Thanh Hóa,Xã Xuân Chinh,19.7941161,105.2068756,91,Moderate,1,19.2,96,0.2,4.2,7,1012.6,100,37.7,38.6,495.0,15.0,61.0,19.2
2026-02-19 23:00:00,2026,2,19,23,Thanh Hóa,Xã Xuân Chinh,19.7941161,105.2068756,91,Moderate,1,19.1,97,0.2,3.9,16,1012.4,100,39.5,40.3,491.0,14.8,59.0,19.3
2026-02-20 00:00:00,2026,2,20,0,Thanh Hóa,Xã Xuân Chinh,19.7941161,105.2068756,92,Moderate,1,19.1,97,0.1,3.3,22,1012.6,100,40.9,41.7,486.0,14.5,58.0,19.5
2026-02-20 01:00:00,2026,2,20,1,Thanh Hóa,Xã Xuân Chinh,19.7941161,105.2068756,92,Moderate,1,19.0,98,0.0,5.2,4,1012.8,100,42.1,43.0,485.0,14.1,57.0,19.7
2026-02-20 02:00:00,2026,2,20,2,Thanh Hóa,Xã Xuân Chinh,19.7941161,105.2068756,92,Moderate,1,18.9,98,0.0,6.2,15,1012.4,100,43.9,44.6,495.0,13.5,55.0,19.9
2026-02-20 03:00:00,2026,2,20,3,Thanh Hóa,Xã Xuân Chinh,19.7941161,105.2068756,92,Moderate,1,18.8,98,0.1,6.3,31,1012.2,100,45.4,46.0,511.0,12.9,52.0,20.2
2026-02-20 04:00:00,2026,2,20,4,Thanh Hóa,Xã Xuân Chinh,19.7941161,105.2068756,93,Moderate,1,18.6,99,0.2,6.4,38,1011.9,100,44.5,45.1,523.0,12.5,52.0,20.9
2026-02-20 05:00:00,2026,2,20,5,Thanh Hóa,Xã Xuân Chinh,19.7941161,105.2068756,94,Moderate,1,18.4,99,0.2,5.6,42,1012.0,100,39.2,39.7,531.0,12.6,54.0,22.7
2026-02-20 06:00:00,2026,2,20,6,Thanh Hóa,Xã Xuân Chinh,19.7941161,105.2068756,95,Moderate,1,18.2,99,0.1,4.7,43,1012.2,100,36.3,36.8,536.0,13.0,58.0,25.1
2026-02-20 07:00:00,2026,2,20,7,Thanh Hóa,Xã Xuân Chinh,19.7941161,105.2068756,95,Moderate,1,18.1,99,0.0,3.7,35,1012.6,100,39.9,40.3,529.0,13.0,66.0,22.1
2026-02-20 08:00:00,2026,2,20,8,Thanh Hóa,Xã Xuân Chinh,19.7941161,105.2068756,95,Moderate,1,18.7,93,0.0,5.1,32,1013.0,100,37.6,38.0,503.0,12.8,69.0,23.1
2026-02-20 09:00:00,2026,2,20,9,Thanh Hóa,Xã Xuân Chinh,19.7941161,105.2068756,96,Moderate,1,19.4,90,0.0,4.5,47,1013.2,100,33.9,34.1,466.0,12.3,73.0,24.2
2026-02-20 10:00:00,2026,2,20,10,Thanh Hóa,Xã Xuân Chinh,19.7941161,105.2068756,96,Moderate,1,21.0,78,0.0,4.2,54,1013.3,100,31.0,31.2,435.0,11.3,79.0,23.5
2026-02-20 11:00:00,2026,2,20,11,Thanh Hóa,Xã Xuân Chinh,19.7941161,105.2068756,97,Moderate,1,22.2,73,0.1,3.1,80,1012.4,100,30.4,30.7,419.0,9.1,89.0,19.1
2026-02-20 12:00:00,2026,2,20,12,Thanh Hóa,Xã Xuân Chinh,19.7941161,105.2068756,97,Moderate,1,22.9,70,0.1,2.9,90,1011.0,100,29.2,29.6,409.0,6.2,100.0,12.9
2026-02-20 13:00:00,2026,2,20,13,Thanh Hóa,Xã Xuân Chinh,19.7941161,105.2068756,98,Moderate,1,23.4,68,0.1,3.4,93,1009.9,100,29.2,29.6,400.0,4.1,109.0,8.1
2026-02-20 14:00:00,2026,2,20,14,Thanh Hóa,Xã Xuân Chinh,19.7941161,105.2068756,98,Moderate,1,23.9,67,0.1,4.8,110,1008.5,100,31.4,31.8,387.0,3.2,114.0,6.2
2026-02-20 15:00:00,2026,2,20,15,Thanh Hóa,Xã Xuân Chinh,19.7941161,105.2068756,99,Moderate,1,23.9,68,0.1,6.1,133,1007.3,100,31.8,32.1,375.0,3.1,116.0,5.7
2026-02-20 16:00:00,2026,2,20,16,Thanh Hóa,Xã Xuân Chinh,19.7941161,105.2068756,99,Moderate,1,23.5,69,0.0,7.2,145,1006.3,100,31.1,31.4,368.0,3.5,115.0,5.6
2026-02-20 17:00:00,2026,2,20,17,Thanh Hóa,Xã Xuân Chinh,19.7941161,105.2068756,100,Moderate,1,23.0,71,0.0,7.0,162,1006.1,69,30.6,31.1,368.0,4.6,109.0,5.6
2026-02-20 18:00:00,2026,2,20,18,Thanh Hóa,Xã Xuân Chinh,19.7941161,105.2068756,100,Moderate,1,21.3,80,0.0,3.9,164,1005.9,5,30.5,31.0,374.0,6.3,100.0,5.9
2026-02-20 19:00:00,2026,2,20,19,Thanh Hóa,Xã Xuân Chinh,19.7941161,105.2068756,100,Moderate,1,19.7,89,0.0,2.1,195,1006.0,18,29.9,30.4,384.0,6.7,81.0,5.1
2026-02-20 20:00:00,2026,2,20,20,Thanh Hóa,Xã Xuân Chinh,19.7941161,105.2068756,100,Moderate,1,19.4,91,0.0,5.1,186,1006.2,36,30.4,31.0,401.0,7.8,78.0,5.7
2026-02-20 21:00:00,2026,2,20,21,Thanh Hóa,Xã Xuân Chinh,19.7941161,105.2068756,100,Moderate,1,19.0,94,0.0,5.2,207,1006.3,5,31.3,32.0,421.0,9.3,75.0,6.4
2026-02-20 22:00:00,2026,2,20,22,Thanh Hóa,Xã Xuân Chinh,19.7941161,105.2068756,100,Moderate,1,18.6,96,0.0,6.9,213,1006.1,2,33.8,34.5,437.0,10.4,70.0,6.7
2026-02-20 23:00:00,2026,2,20,23,Thanh Hóa,Xã Xuân Chinh,19.7941161,105.2068756,99,Moderate,1,18.1,98,0.0,6.9,221,1005.6,26,35.5,36.2,443.0,10.8,64.0,6.2
2026-02-21 00:00:00,2026,2,21,0,Thanh Hóa,Xã Xuân Chinh,19.7941161,105.2068756,99,Moderate,1,18.1,98,0.0,5.5,224,1005.4,27,37.1,37.8,444.0,10.7,57.0,5.3
2026-02-21 01:00:00,2026,2,21,1,Thanh Hóa,Xã Xuân Chinh,19.7941161,105.2068756,99,Moderate,1,18.3,98,0.0,3.9,227,1005.0,37,37.7,38.4,443.0,10.2,53.0,4.4
2026-02-21 02:00:00,2026,2,21,2,Thanh Hóa,Xã Xuân Chinh,19.7941161,105.2068756,98,Moderate,1,18.2,98,0.0,4.3,228,1004.4,30,35.2,35.9,439.0,8.9,53.0,3.8
2026-02-21 03:00:00,2026,2,21,3,Thanh Hóa,Xã Xuân Chinh,19.7941161,105.2068756,97,Moderate,1,18.1,98,0.0,4.2,230,1003.6,40,32.7,33.3,433.0,7.2,54.0,3.4
2026-02-21 04:00:00,2026,2,21,4,Thanh Hóa,Xã Xuân Chinh,19.7941161,105.2068756,96,Moderate,1,18.0,98,0.0,3.9,233,1002.9,61,31.1,31.7,433.0,5.8,55.0,2.9
2026-02-21 05:00:00,2026,2,21,5,Thanh Hóa,Xã Xuân Chinh,19.7941161,105.2068756,95,Moderate,1,18.0,98,0.0,4.0,240,1002.9,77,29.9,30.5,446.0,5.3,52.0,2.4
2026-02-21 06:00:00,2026,2,21,6,Thanh Hóa,Xã Xuân Chinh,19.7941161,105.2068756,94,Moderate,1,17.7,99,0.0,4.2,239,1002.7,77,28.8,29.2,465.0,5.1,48.0,1.9
2026-02-21 07:00:00,2026,2,21,7,Thanh Hóa,Xã Xuân Chinh,19.7941161,105.2068756,94,Moderate,1,18.1,98,0.0,3.8,245,1003.2,86,37.7,38.4,473.0,6.0,46.0,1.9
2026-02-21 08:00:00,2026,2,21,8,Thanh Hóa,Xã Xuân Chinh,19.7941161,105.2068756,93,Moderate,1,19.8,90,0.0,3.1,230,1003.7,59,34.1,34.7,460.0,4.7,58.0,1.9
2026-02-21 09:00:00,2026,2,21,9,Thanh Hóa,Xã Xuân Chinh,19.7941161,105.2068756,93,Moderate,1,22.0,80,0.0,2.0,175,1003.6,34,32.6,33.2,435.0,2.9,75.0,1.9
2026-02-21 10:00:00,2026,2,21,10,Thanh Hóa,Xã Xuân Chinh,19.7941161,105.2068756,93,Moderate,1,24.2,73,0.0,3.1,130,1003.6,80,31.9,32.5,415.0,1.6,91.0,2.0
2026-02-21 11:00:00,2026,2,21,11,Thanh Hóa,Xã Xuân Chinh,19.7941161,105.2068756,93,Moderate,1,26.1,67,0.0,4.5,127,1002.3,54,31.7,32.1,405.0,1.2,103.0,2.1
2026-02-21 12:00:00,2026,2,21,12,Thanh Hóa,Xã Xuân Chinh,19.7941161,105.2068756,93,Moderate,1,27.6,63,0.0,6.6,127,1000.5,66,31.3,31.7,398.0,1.2,113.0,2.3
2026-02-21 13:00:00,2026,2,21,13,Thanh Hóa,Xã Xuân Chinh,19.7941161,105.2068756,93,Moderate,1,28.8,59,0.0,7.1,120,999.5,23,31.0,31.4,393.0,1.3,122.0,2.5
2026-02-21 14:00:00,2026,2,21,14,Thanh Hóa,Xã Xuân Chinh,19.7941161,105.2068756,94,Moderate,1,29.7,56,0.0,6.1,130,998.1,92,30.6,31.1,389.0,1.3,130.0,2.8
2026-02-21 15:00:00,2026,2,21,15,Thanh Hóa,Xã Xuân Chinh,19.7941161,105.2068756,93,Moderate,1,29.7,56,0.0,10.6,129,997.0,37,29.6,30.3,385.0,1.5,137.0,3.2
2026-02-21 16:00:00,2026,2,21,16,Thanh Hóa,Xã Xuân Chinh,19.7941161,105.2068756,93,Moderate,1,28.3,64,0.0,8.7,130,996.8,13,28.1,28.9,378.0,2.1,137.0,3.5
2026-02-21 17:00:00,2026,2,21,17,Thanh Hóa,Xã Xuân Chinh,19.7941161,105.2068756,93,Moderate,1,26.6,71,0.0,8.7,117,996.9,41,25.6,26.5,365.0,3.4,126.0,3.8
2026-02-21 18:00:00,2026,2,21,18,Thanh Hóa,Xã Xuân Chinh,19.7941161,105.2068756,93,Moderate,1,23.3,87,0.0,5.5,122,997.5,24,23.1,24.2,348.0,5.1,109.0,4.1
2026-02-21 19:00:00,2026,2,21,19,Thanh Hóa,Xã Xuân Chinh,19.7941161,105.2068756,92,Moderate,1,21.8,96,0.0,2.1,165,998.4,15,17.5,18.6,335.0,6.8,95.0,4.3
2026-02-21 20:00:00,2026,2,21,20,Thanh Hóa,Xã Xuân Chinh,19.7941161,105.2068756,91,Moderate,1,21.4,97,0.0,4.5,214,998.9,9,19.5,20.8,329.0,7.9,90.0,4.1
2026-02-21 21:00:00,2026,2,21,21,Thanh Hóa,Xã Xuân Chinh,19.7941161,105.2068756,90,Moderate,1,21.6,96,0.0,6.6,225,999.2,3,23.7,25.1,326.0,9.3,82.0,3.8
2026-02-21 22:00:00,2026,2,21,22,Thanh Hóa,Xã Xuân Chinh,19.7941161,105.2068756,89,Moderate,1,21.3,97,0.0,7.0,226,999.4,5,29.3,30.9,322.0,10.3,75.0,3.4
2026-02-21 23:00:00,2026,2,21,23,Thanh Hóa,Xã Xuân Chinh,19.7941161,105.2068756,89,Moderate,1,20.8,97,0.0,5.5,232,999.3,2,32.8,34.5,314.0,10.5,70.0,2.9
2026-02-22 00:00:00,2026,2,22,0,Thanh Hóa,Xã Xuân Chinh,19.7941161,105.2068756,89,Moderate,1,20.3,98,0.0,4.8,236,999.2,27,33.3,34.6,306.0,10.2,65.0,2.3
2026-02-22 01:00:00,2026,2,22,1,Thanh Hóa,Xã Xuân Chinh,19.7941161,105.2068756,88,Moderate,1,20.3,100,0.0,3.6,237,999.0,100,34.5,35.5,300.0,9.8,62.0,1.8
2026-02-22 02:00:00,2026,2,22,2,Thanh Hóa,Xã Xuân Chinh,19.7941161,105.2068756,88,Moderate,1,20.4,100,0.0,1.1,270,998.4,100,33.9,34.9,297.0,9.3,61.0,1.5
2026-02-22 03:00:00,2026,2,22,3,Thanh Hóa,Xã Xuân Chinh,19.7941161,105.2068756,88,Moderate,1,20.6,100,0.0,2.8,345,998.3,100,33.6,34.6,296.0,8.7,61.0,1.4
2026-02-22 04:00:00,2026,2,22,4,Thanh Hóa,Xã Xuân Chinh,19.7941161,105.2068756,88,Moderate,1,20.6,100,0.0,4.5,23,998.6,100,33.9,34.7,303.0,8.3,60.0,1.4
2026-02-22 05:00:00,2026,2,22,5,Thanh Hóa,Xã Xuân Chinh,19.7941161,105.2068756,88,Moderate,1,20.5,100,0.0,3.5,15,998.9,100,34.2,34.9,327.0,8.7,54.0,1.5
2026-02-22 06:00:00,2026,2,22,6,Thanh Hóa,Xã Xuân Chinh,19.7941161,105.2068756,89,Moderate,1,20.5,100,0.0,2.9,30,999.4,100,34.6,35.2,359.0,9.3,47.0,1.7
2026-02-22 07:00:00,2026,2,22,7,Thanh Hóa,Xã Xuân Chinh,19.7941161,105.2068756,89,Moderate,1,20.5,100,0.0,3.6,20,1000.7,100,34.8,35.6,375.0,8.1,49.0,1.9
2026-02-22 08:00:00,2026,2,22,8,Thanh Hóa,Xã Xuân Chinh,19.7941161,105.2068756,89,Moderate,1,20.7,100,0.0,4.2,18,1001.5,100,32.1,33.3,360.0,7.3,59.0,2.2
2026-02-22 09:00:00,2026,2,22,9,Thanh Hóa,Xã Xuân Chinh,19.7941161,105.2068756,89,Moderate,1,21.2,98,0.0,4.3,22,1002.1,100,27.6,29.9,329.0,6.2,74.0,2.5
2026-02-22 10:00:00,2026,2,22,10,Thanh Hóa,Xã Xuân Chinh,19.7941161,105.2068756,88,Moderate,1,21.8,97,0.0,3.9,22,1002.5,100,24.2,26.5,306.0,5.2,87.0,2.6
2026-02-22 11:00:00,2026,2,22,11,Thanh Hóa,Xã Xuân Chinh,19.7941161,105.2068756,87,Moderate,1,22.6,93,0.0,3.5,28,1002.3,100,22.6,24.8,300.0,4.2,97.0,2.3
2026-02-22 12:00:00,2026,2,22,12,Thanh Hóa,Xã Xuân Chinh,19.7941161,105.2068756,87,Moderate,1,22.4,94,0.2,3.4,16,1001.3,100,22.9,25.0,303.0,3.2,105.0,1.7
2026-02-22 13:00:00,2026,2,22,13,Thanh Hóa,Xã Xuân Chinh,19.7941161,105.2068756,86,Moderate,1,23.3,89,0.1,4.5,47,1000.4,100,22.4,24.3,307.0,2.7,109.0,1.3
2026-02-22 14:00:00,2026,2,22,14,Thanh Hóa,Xã Xuân Chinh,19.7941161,105.2068756,85,Moderate,1,23.4,88,0.0,4.6,45,999.4,100,22.1,24.3,314.0,2.8,109.0,1.3
2026-02-22 15:00:00,2026,2,22,15,Thanh Hóa,Xã Xuân Chinh,19.7941161,105.2068756,84,Moderate,1,24.4,83,0.1,6.6,45,999.3,100,20.0,22.3,324.0,3.3,106.0,1.4
2026-02-22 16:00:00,2026,2,22,16,Thanh Hóa,Xã Xuân Chinh,19.7941161,105.2068756,84,Moderate,1,23.6,88,0.0,5.6,117,999.2,100,16.9,19.2,327.0,4.1,100.0,1.6
2026-02-22 17:00:00,2026,2,22,17,Thanh Hóa,Xã Xuân Chinh,19.7941161,105.2068756,83,Moderate,1,22.9,95,0.6,3.6,99,999.2,100,14.2,16.5,320.0,5.4,91.0,1.9
2026-02-22 18:00:00,2026,2,22,18,Thanh Hóa,Xã Xuân Chinh,19.7941161,105.2068756,82,Moderate,1,22.3,99,0.2,2.8,72,999.7,100,13.2,15.5,306.0,7.1,79.0,2.3
2026-02-22 19:00:00,2026,2,22,19,Thanh Hóa,Xã Xuân Chinh,19.7941161,105.2068756,81,Moderate,1,22.5,100,0.1,3.6,110,1000.1,100,14.5,18.2,289.0,7.9,74.0,2.8
2026-02-22 20:00:00,2026,2,22,20,Thanh Hóa,Xã Xuân Chinh,19.7941161,105.2068756,80,Moderate,1,22.6,100,0.2,5.3,114,1000.8,100,13.2,17.0,266.0,8.0,70.0,2.6
2026-02-22 21:00:00,2026,2,22,21,Thanh Hóa,Xã Xuân Chinh,19.7941161,105.2068756,80,Moderate,1,22.6,100,0.3,4.5,113,1001.3,100,13.8,17.8,241.0,8.1,64.0,2.4
2026-02-22 22:00:00,2026,2,22,22,Thanh Hóa,Xã Xuân Chinh,19.7941161,105.2068756,79,Moderate,1,22.5,100,0.5,4.0,120,1001.9,100,13.2,16.9,223.0,8.1,59.0,2.1
2026-02-22 23:00:00,2026,2,22,23,Thanh Hóa,Xã Xuân Chinh,19.7941161,105.2068756,78,Moderate,1,22.5,100,0.5,6.0,131,1002.2,100,13.2,17.1,220.0,7.8,57.0,1.8
2026-02-23 00:00:00,2026,2,23,0,Thanh Hóa,Xã Xuân Chinh,19.7941161,105.2068756,76,Moderate,1,22.4,100,0.3,7.4,137,1001.8,100,13.2,17.2,224.0,7.3,56.0,1.4
2026-02-23 01:00:00,2026,2,23,1,Thanh Hóa,Xã Xuân Chinh,19.7941161,105.2068756,74,Moderate,1,22.6,100,0.2,7.4,135,1001.1,100,11.7,15.0,227.0,7.0,54.0,1.2
2026-02-23 02:00:00,2026,2,23,2,Thanh Hóa,Xã Xuân Chinh,19.7941161,105.2068756,72,Moderate,1,22.5,100,0.4,5.9,142,1000.8,100,10.6,13.8,224.0,6.9,52.0,1.1
2026-02-23 03:00:00,2026,2,23,3,Thanh Hóa,Xã Xuân Chinh,19.7941161,105.2068756,70,Moderate,1,22.4,100,0.5,4.8,151,1000.3,100,9.3,12.0,221.0,7.0,49.0,1.2
2026-02-23 04:00:00,2026,2,23,4,Thanh Hóa,Xã Xuân Chinh,19.7941161,105.2068756,68,Moderate,1,22.3,100,0.6,6.2,150,999.9,100,9.0,11.6,221.0,7.2,46.0,1.3
2026-02-23 05:00:00,2026,2,23,5,Thanh Hóa,Xã Xuân Chinh,19.7941161,105.2068756,66,Moderate,1,22.3,99,0.3,6.1,156,1000.1,100,6.8,8.7,230.0,7.7,42.0,1.6
2026-02-23 06:00:00,2026,2,23,6,Thanh Hóa,Xã Xuân Chinh,19.7941161,105.2068756,63,Moderate,1,22.2,100,0.2,6.1,161,1000.6,100,7.4,9.3,244.0,8.3,38.0,1.9
2026-02-23 07:00:00,2026,2,23,7,Thanh Hóa,Xã Xuân Chinh,19.7941161,105.2068756,61,Moderate,1,22.2,100,0.1,5.5,171,1001.6,100,7.9,10.0,250.0,9.1,35.0,2.0
2026-02-23 08:00:00,2026,2,23,8,Thanh Hóa,Xã Xuân Chinh,19.7941161,105.2068756,58,Moderate,1,22.4,99,0.0,6.9,166,1002.4,100,7.5,9.7,240.0,7.5,44.0,1.8
2026-02-23 09:00:00,2026,2,23,9,Thanh Hóa,Xã Xuân Chinh,19.7941161,105.2068756,56,Moderate,1,22.6,97,0.0,6.6,169,1003.0,99,7.3,9.1,224.0,5.3,58.0,1.6
2026-02-23 10:00:00,2026,2,23,10,Thanh Hóa,Xã Xuân Chinh,19.7941161,105.2068756,54,Moderate,1,24.0,88,0.0,7.3,164,1003.5,99,7.7,9.3,215.0,3.5,71.0,1.4
2026-02-23 11:00:00,2026,2,23,11,Thanh Hóa,Xã Xuân Chinh,19.7941161,105.2068756,53,Moderate,1,25.4,80,0.0,7.2,155,1002.7,100,9.3,10.9,224.0,2.6,83.0,1.4
2026-02-23 12:00:00,2026,2,23,12,Thanh Hóa,Xã Xuân Chinh,19.7941161,105.2068756,52,Moderate,1,26.1,77,0.1,7.2,158,1001.8,100,10.5,12.1,241.0,2.1,95.0,1.5
2026-02-23 13:00:00,2026,2,23,13,Thanh Hóa,Xã Xuân Chinh,19.7941161,105.2068756,51,Moderate,1,26.1,75,0.0,8.6,144,1001.0,100,11.1,12.9,251.0,1.8,103.0,1.6
2026-02-23 14:00:00,2026,2,23,14,Thanh Hóa,Xã Xuân Chinh,19.7941161,105.2068756,49,Good,0,25.4,81,0.1,9.0,137,999.9,99,12.1,13.9,246.0,1.6,106.0,1.6
2026-02-23 15:00:00,2026,2,23,15,Thanh Hóa,Xã Xuân Chinh,19.7941161,105.2068756,48,Good,0,25.7,80,0.2,7.2,127,999.4,100,12.8,14.6,235.0,1.6,105.0,1.6
2026-02-23 16:00:00,2026,2,23,16,Thanh Hóa,Xã Xuân Chinh,19.7941161,105.2068756,46,Good,0,25.2,83,0.1,6.1,114,999.4,100,12.6,14.3,226.0,2.1,101.0,1.8
2026-02-23 17:00:00,2026,2,23,17,Thanh Hóa,Xã Xuân Chinh,19.7941161,105.2068756,46,Good,0,24.5,88,0.4,5.8,116,999.3,100,12.4,14.3,224.0,3.4,94.0,2.3
2026-02-23 18:00:00,2026,2,23,18,Thanh Hóa,Xã Xuân Chinh,19.7941161,105.2068756,45,Good,0,23.5,95,0.3,4.2,115,999.8,100,12.2,14.1,225.0,5.1,84.0,3.0
2026-02-23 19:00:00,2026,2,23,19,Thanh Hóa,Xã Xuân Chinh,19.7941161,105.2068756,45,Good,0,23.4,96,0.1,2.5,120,1000.3,100,14.9,17.5,224.0,7.0,75.0,3.3
2026-02-23 20:00:00,2026,2,23,20,Thanh Hóa,Xã Xuân Chinh,19.7941161,105.2068756,45,Good,0,23.4,95,0.0,5.2,158,1001.3,100,16.1,19.2,220.0,7.7,70.0,3.6
2026-02-23 21:00:00,2026,2,23,21,Thanh Hóa,Xã Xuân Chinh,19.7941161,105.2068756,46,Good,0,23.1,95,0.0,5.4,194,1002.1,100,15.9,19.2,215.0,8.7,63.0,3.9
2026-02-23 22:00:00,2026,2,23,22,Thanh Hóa,Xã Xuân Chinh,19.7941161,105.2068756,46,Good,0,22.7,96,0.0,5.5,216,1002.1,99,14.7,17.3,211.0,9.3,57.0,4.0
2026-02-23 23:00:00,2026,2,23,23,Thanh Hóa,Xã Xuân Chinh,19.7941161,105.2068756,46,Good,0,22.2,97,0.0,6.3,207,1001.7,76,16.8,18.7,210.0,9.4,51.0,3.6
2026-02-24 00:00:00,2026,2,24,0,Thanh Hóa,Xã Xuân Chinh,19.7941161,105.2068756,47,Good,0,21.8,98,0.0,6.2,216,1001.3,97,17.9,19.7,210.0,9.2,46.0,3.0
2026-02-24 01:00:00,2026,2,24,1,Thanh Hóa,Xã Xuân Chinh,19.7941161,105.2068756,48,Good,0,22.3,99,0.0,5.9,207,1000.9,100,18.9,20.7,211.0,8.8,42.0,2.5
2026-02-24 02:00:00,2026,2,24,2,Thanh Hóa,Xã Xuân Chinh,19.7941161,105.2068756,49,Good,0,22.6,97,0.0,3.7,219,1000.3,100,19.4,21.3,209.0,8.2,42.0,2.1
2026-02-24 03:00:00,2026,2,24,3,Thanh Hóa,Xã Xuân Chinh,19.7941161,105.2068756,50,Good,0,22.5,98,0.0,3.3,189,1000.2,100,19.3,21.1,207.0,7.4,43.0,1.8
2026-02-24 04:00:00,2026,2,24,4,Thanh Hóa,Xã Xuân Chinh,19.7941161,105.2068756,51,Moderate,1,22.4,98,0.0,3.4,227,1000.2,100,20.0,21.5,212.0,7.1,43.0,1.6
2026-02-24 05:00:00,2026,2,24,5,Thanh Hóa,Xã Xuân Chinh,19.7941161,105.2068756,52,Moderate,1,22.5,98,0.0,4.5,209,1000.7,100,21.7,23.1,232.0,7.8,39.0,1.8
2026-02-24 06:00:00,2026,2,24,6,Thanh Hóa,Xã Xuân Chinh,19.7941161,105.2068756,53,Moderate,1,22.5,98,0.0,3.7,191,1001.6,100,23.6,24.9,259.0,9.0,33.0,2.1
2026-02-24 07:00:00,2026,2,24,7,Thanh Hóa,Xã Xuân Chinh,19.7941161,105.2068756,55,Moderate,1,21.7,99,0.0,1.7,167,1002.2,100,23.6,25.2,275.0,7.8,41.0,2.1
2026-02-24 08:00:00,2026,2,24,8,Thanh Hóa,Xã Xuân Chinh,19.7941161,105.2068756,56,Moderate,1,22.9,92,0.0,2.2,76,1003.3,91,20.4,22.1,269.0,6.6,51.0,1.9
2026-02-24 09:00:00,2026,2,24,9,Thanh Hóa,Xã Xuân Chinh,19.7941161,105.2068756,57,Moderate,1,23.8,88,0.0,2.9,86,1004.1,100,10.4,11.1,253.0,4.9,65.0,1.5
2026-02-24 10:00:00,2026,2,24,10,Thanh Hóa,Xã Xuân Chinh,19.7941161,105.2068756,58,Moderate,1,24.7,84,0.0,4.0,85,1004.6,100,6.9,7.3,241.0,3.5,77.0,1.3
2026-02-24 11:00:00,2026,2,24,11,Thanh Hóa,Xã Xuân Chinh,19.7941161,105.2068756,58,Moderate,1,24.3,86,0.0,3.6,72,1004.3,100,6.2,6.5,240.0,2.5,86.0,1.2
2026-02-24 12:00:00,2026,2,24,12,Thanh Hóa,Xã Xuân Chinh,19.7941161,105.2068756,57,Moderate,1,24.8,85,0.0,3.5,62,1003.2,100,6.9,7.2,243.0,1.8,93.0,1.1
2026-02-24 13:00:00,2026,2,24,13,Thanh Hóa,Xã Xuân Chinh,19.7941161,105.2068756,57,Moderate,1,25.4,82,0.0,5.9,59,1002.9,100,8.7,9.1,246.0,1.4,99.0,1.2
2026-02-24 14:00:00,2026,2,24,14,Thanh Hóa,Xã Xuân Chinh,19.7941161,105.2068756,57,Moderate,1,24.9,85,0.3,7.4,67,1001.8,100,10.3,11.2,246.0,1.4,103.0,1.5
2026-02-24 15:00:00,2026,2,24,15,Thanh Hóa,Xã Xuân Chinh,19.7941161,105.2068756,57,Moderate,1,24.5,89,0.3,7.2,89,1001.6,100,10.5,11.6,245.0,1.7,106.0,2.0
2026-02-24 16:00:00,2026,2,24,16,Thanh Hóa,Xã Xuân Chinh,19.7941161,105.2068756,56,Moderate,1,24.2,91,0.4,6.5,88,1001.5,100,10.1,11.3,243.0,2.4,105.0,2.4
2026-02-24 17:00:00,2026,2,24,17,Thanh Hóa,Xã Xuân Chinh,19.7941161,105.2068756,56,Moderate,1,23.8,92,0.3,5.8,97,1001.5,100,10.0,11.4,240.0,3.7,100.0,2.8
2026-02-24 18:00:00,2026,2,24,18,Thanh Hóa,Xã Xuân Chinh,19.7941161,105.2068756,56,Moderate,1,23.1,97,0.1,3.5,111,1002.1,100,10.3,11.7,236.0,5.3,91.0,3.1
2026-02-24 19:00:00,2026,2,24,19,Thanh Hóa,Xã Xuân Chinh,19.7941161,105.2068756,56,Moderate,1,23.0,100,0.1,2.6,115,1002.1,100,14.0,15.7,234.0,7.4,76.0,3.4
2026-02-24 20:00:00,2026,2,24,20,Thanh Hóa,Xã Xuân Chinh,19.7941161,105.2068756,56,Moderate,1,23.2,100,0.1,4.5,143,1003.1,100,15.4,17.3,234.0,8.2,70.0,3.7
2026-02-24 21:00:00,2026,2,24,21,Thanh Hóa,Xã Xuân Chinh,19.7941161,105.2068756,56,Moderate,1,23.1,98,0.1,5.9,180,1004.2,100,15.9,18.3,236.0,9.3,60.0,4.0
2026-02-24 22:00:00,2026,2,24,22,Thanh Hóa,Xã Xuân Chinh,19.7941161,105.2068756,56,Moderate,1,22.9,99,0.0,3.1,208,1004.3,72,16.2,18.8,237.0,10.4,52.0,4.3
2026-02-24 23:00:00,2026,2,24,23,Thanh Hóa,Xã Xuân Chinh,19.7941161,105.2068756,56,Moderate,1,22.5,100,0.0,1.9,209,1004.1,86,16.9,19.7,236.0,11.4,45.0,4.4
2026-02-25 00:00:00,2026,2,25,0,Thanh Hóa,Xã Xuân Chinh,19.7941161,105.2068756,56,Moderate,1,21.9,100,0.0,2.3,212,1003.8,91,17.9,21.0,234.0,12.4,40.0,4.4
2026-02-25 01:00:00,2026,2,25,1,Thanh Hóa,Xã Xuân Chinh,19.7941161,105.2068756,56,Moderate,1,22.0,100,0.0,2.7,208,1003.0,100,18.8,22.2,231.0,13.1,35.0,4.3
2026-02-25 02:00:00,2026,2,25,2,Thanh Hóa,Xã Xuân Chinh,19.7941161,105.2068756,56,Moderate,1,22.1,100,0.0,4.9,216,1002.7,100,20.0,23.7,225.0,13.7,31.0,3.9
2026-02-25 03:00:00,2026,2,25,3,Thanh Hóa,Xã Xuân Chinh,19.7941161,105.2068756,56,Moderate,1,22.1,99,0.1,5.4,233,1002.5,100,21.2,25.4,218.0,14.1,29.0,3.4
2026-02-25 04:00:00,2026,2,25,4,Thanh Hóa,Xã Xuân Chinh,19.7941161,105.2068756,56,Moderate,1,22.0,99,0.2,4.3,248,1002.6,100,24.1,27.8,216.0,13.9,29.0,2.9
2026-02-25 05:00:00,2026,2,25,5,Thanh Hóa,Xã Xuân Chinh,19.7941161,105.2068756,56,Moderate,1,21.8,100,0.4,3.5,242,1002.9,100,26.9,29.2,226.0,12.6,34.0,2.5
2026-02-25 06:00:00,2026,2,25,6,Thanh Hóa,Xã Xuân Chinh,19.7941161,105.2068756,57,Moderate,1,21.7,99,0.3,2.3,238,1003.3,100,24.7,26.9,241.0,10.7,42.0,2.2
2026-02-25 07:00:00,2026,2,25,7,Thanh Hóa,Xã Xuân Chinh,19.7941161,105.2068756,57,Moderate,1,21.7,100,0.1,2.2,156,1004.3,100,21.2,22.8,251.0,10.2,43.0,3.6
2026-02-25 08:00:00,2026,2,25,8,Thanh Hóa,Xã Xuân Chinh,19.7941161,105.2068756,57,Moderate,1,22.1,98,0.0,1.0,68,1004.9,100,8.5,9.1,249.0,8.7,54.0,3.5
2026-02-25 09:00:00,2026,2,25,9,Thanh Hóa,Xã Xuân Chinh,19.7941161,105.2068756,56,Moderate,1,22.6,97,0.1,2.6,74,1004.7,100,6.1,6.6,241.0,6.5,70.0,3.3
2026-02-25 10:00:00,2026,2,25,10,Thanh Hóa,Xã Xuân Chinh,19.7941161,105.2068756,55,Moderate,1,23.4,93,0.1,4.0,111,1004.9,100,7.8,8.4,237.0,4.6,84.0,3.1
2026-02-25 11:00:00,2026,2,25,11,Thanh Hóa,Xã Xuân Chinh,19.7941161,105.2068756,55,Moderate,1,24.8,85,0.2,4.5,124,1004.4,99,10.0,10.6,243.0,3.2,96.0,2.7
2026-02-25 12:00:00,2026,2,25,12,Thanh Hóa,Xã Xuân Chinh,19.7941161,105.2068756,56,Moderate,1,26.7,74,0.2,6.0,123,1003.4,88,11.7,12.2,252.0,2.1,106.0,2.1
2026-02-25 13:00:00,2026,2,25,13,Thanh Hóa,Xã Xuân Chinh,19.7941161,105.2068756,56,Moderate,1,26.8,71,0.2,5.4,105,1003.1,91,13.6,14.1,257.0,1.4,112.0,1.8
2026-02-25 14:00:00,2026,2,25,14,Thanh Hóa,Xã Xuân Chinh,19.7941161,105.2068756,57,Moderate,1,26.7,72,0.1,7.1,111,1001.8,98,13.4,14.1,252.0,1.2,112.0,1.8
2026-02-25 15:00:00,2026,2,25,15,Thanh Hóa,Xã Xuân Chinh,19.7941161,105.2068756,57,Moderate,1,25.6,78,0.3,8.3,117,1001.2,95,14.3,15.0,241.0,1.4,108.0,2.0
2026-02-25 16:00:00,2026,2,25,16,Thanh Hóa,Xã Xuân Chinh,19.7941161,105.2068756,57,Moderate,1,24.5,86,0.6,7.6,128,1001.0,98,14.9,15.8,233.0,2.0,102.0,2.2
2026-02-25 17:00:00,2026,2,25,17,Thanh Hóa,Xã Xuân Chinh,19.7941161,105.2068756,58,Moderate,1,23.7,92,0.5,6.4,135,1001.4,100,14.6,16.0,229.0,3.2,94.0,2.5
2026-02-25 18:00:00,2026,2,25,18,Thanh Hóa,Xã Xuân Chinh,19.7941161,105.2068756,58,Moderate,1,23.2,91,0.2,4.1,131,1001.9,100,14.3,15.7,227.0,4.9,83.0,2.9
2026-02-25 19:00:00,2026,2,25,19,Thanh Hóa,Xã Xuân Chinh,19.7941161,105.2068756,58,Moderate,1,22.8,99,0.2,3.3,99,1002.5,98,14.4,15.6,226.0,6.5,70.0,3.0
2026-02-25 20:00:00,2026,2,25,20,Thanh Hóa,Xã Xuân Chinh,19.7941161,105.2068756,58,Moderate,1,22.5,100,0.0,1.8,156,1003.2,100,15.8,17.3,227.0,8.1,64.0,3.7
2026-02-25 21:00:00,2026,2,25,21,Thanh Hóa,Xã Xuân Chinh,19.7941161,105.2068756,58,Moderate,1,22.0,100,0.0,3.1,167,1003.5,95,17.6,19.3,229.0,10.4,56.0,4.6
2026-02-25 22:00:00,2026,2,25,22,Thanh Hóa,Xã Xuân Chinh,19.7941161,105.2068756,59,Moderate,1,21.6,100,0.0,2.9,202,1003.9,42,17.7,19.4,228.0,12.1,49.0,5.2
2026-02-25 23:00:00,2026,2,25,23,Thanh Hóa,Xã Xuân Chinh,19.7941161,105.2068756,59,Moderate,1,21.3,99,0.0,3.1,220,1003.4,48,19.4,21.4,222.0,12.8,45.0,5.3
2026-02-26 00:00:00,2026,2,26,0,Thanh Hóa,Xã Xuân Chinh,19.7941161,105.2068756,59,Moderate,1,20.9,99,0.0,3.9,223,1002.9,100,20.1,22.2,214.0,12.8,42.0,5.1
2026-02-26 01:00:00,2026,2,26,1,Thanh Hóa,Xã Xuân Chinh,19.7941161,105.2068756,59,Moderate,1,20.8,99,0.0,2.8,198,1002.5,9,19.6,22.2,206.0,12.5,40.0,4.8
2026-02-26 02:00:00,2026,2,26,2,Thanh Hóa,Xã Xuân Chinh,19.7941161,105.2068756,59,Moderate,1,20.6,99,0.0,3.8,225,1001.9,23,18.7,21.4,198.0,11.6,39.0,4.5
2026-02-26 03:00:00,2026,2,26,3,Thanh Hóa,Xã Xuân Chinh,19.7941161,105.2068756,59,Moderate,1,20.8,97,0.0,4.2,220,1001.7,30,18.2,20.6,191.0,10.4,39.0,4.1
2026-02-26 04:00:00,2026,2,26,4,Thanh Hóa,Xã Xuân Chinh,19.7941161,105.2068756,59,Moderate,1,20.7,98,0.0,3.8,221,1001.4,14,18.0,20.0,191.0,9.3,40.0,3.9
2026-02-26 05:00:00,2026,2,26,5,Thanh Hóa,Xã Xuân Chinh,19.7941161,105.2068756,58,Moderate,1,20.5,99,0.0,2.9,223,1001.5,30,18.1,19.9,206.0,8.9,40.0,4.0
2026-02-26 06:00:00,2026,2,26,6,Thanh Hóa,Xã Xuân Chinh,19.7941161,105.2068756,58,Moderate,1,20.4,99,0.0,2.6,205,1002.0,54,18.3,20.1,228.0,8.7,40.0,4.1
2026-02-26 07:00:00,2026,2,26,7,Thanh Hóa,Xã Xuân Chinh,19.7941161,105.2068756,57,Moderate,1,20.8,99,0.0,3.1,31,1002.6,98,25.0,28.1,240.0,8.9,49.0,4.9
2026-02-26 08:00:00,2026,2,26,8,Thanh Hóa,Xã Xuân Chinh,19.7941161,105.2068756,57,Moderate,1,21.3,98,0.0,2.7,98,1003.1,100,21.8,24.3,231.0,7.0,59.0,4.3
2026-02-26 09:00:00,2026,2,26,9,Thanh Hóa,Xã Xuân Chinh,19.7941161,105.2068756,58,Moderate,1,21.4,98,0.2,3.2,146,1003.5,100,14.9,16.9,213.0,4.4,72.0,3.5
2026-02-26 10:00:00,2026,2,26,10,Thanh Hóa,Xã Xuân Chinh,19.7941161,105.2068756,59,Moderate,1,22.3,94,0.2,4.3,175,1003.7,100,12.7,14.2,201.0,2.4,83.0,2.8
2026-02-26 11:00:00,2026,2,26,11,Thanh Hóa,Xã Xuân Chinh,19.7941161,105.2068756,60,Moderate,1,24.5,81,0.0,3.4,177,1002.8,100,11.6,12.8,204.0,1.5,89.0,2.2
2026-02-26 12:00:00,2026,2,26,12,Thanh Hóa,Xã Xuân Chinh,19.7941161,105.2068756,60,Moderate,1,26.0,74,0.1,3.2,106,1001.4,100,11.3,12.4,213.0,1.2,94.0,1.7
2026-02-26 13:00:00,2026,2,26,13,Thanh Hóa,Xã Xuân Chinh,19.7941161,105.2068756,60,Moderate,1,24.4,79,0.0,4.3,73,1000.7,100,11.9,12.9,223.0,1.1,97.0,1.5
2026-02-26 14:00:00,2026,2,26,14,Thanh Hóa,Xã Xuân Chinh,19.7941161,105.2068756,60,Moderate,1,25.0,76,0.0,4.2,80,999.3,98,13.0,14.0,233.0,1.1,101.0,1.6
2026-02-26 15:00:00,2026,2,26,15,Thanh Hóa,Xã Xuân Chinh,19.7941161,105.2068756,60,Moderate,1,25.5,75,0.1,6.4,100,998.2,100,14.5,15.5,243.0,1.3,105.0,1.9
2026-02-26 16:00:00,2026,2,26,16,Thanh Hóa,Xã Xuân Chinh,19.7941161,105.2068756,60,Moderate,1,25.4,76,0.0,6.5,118,997.8,98,15.7,16.9,248.0,2.0,105.0,2.3
2026-02-26 17:00:00,2026,2,26,17,Thanh Hóa,Xã Xuân Chinh,19.7941161,105.2068756,60,Moderate,1,24.3,81,0.1,5.2,112,997.8,100,15.2,16.5,245.0,3.4,99.0,2.8
2026-02-26 18:00:00,2026,2,26,18,Thanh Hóa,Xã Xuân Chinh,19.7941161,105.2068756,60,Moderate,1,23.0,90,0.0,2.4,153,998.1,87,15.2,16.6,238.0,5.3,89.0,3.3
2026-02-26 19:00:00,2026,2,26,19,Thanh Hóa,Xã Xuân Chinh,19.7941161,105.2068756,60,Moderate,1,22.6,94,0.0,3.1,167,998.2,100,20.1,21.4,231.0,7.3,81.0,4.2
2026-02-26 20:00:00,2026,2,26,20,Thanh Hóa,Xã Xuân Chinh,19.7941161,105.2068756,60,Moderate,1,22.2,95,0.0,4.6,198,998.9,95,22.7,24.3,227.0,8.6,77.0,4.9
2026-02-26 21:00:00,2026,2,26,21,Thanh Hóa,Xã Xuân Chinh,19.7941161,105.2068756,61,Moderate,1,22.0,95,0.0,5.2,221,999.3,80,24.7,26.5,225.0,10.4,71.0,5.8
2026-02-26 22:00:00,2026,2,26,22,Thanh Hóa,Xã Xuân Chinh,19.7941161,105.2068756,62,Moderate,1,21.8,94,0.0,6.5,226,999.7,86,26.8,28.5,221.0,11.5,65.0,6.2
2026-02-26 23:00:00,2026,2,26,23,Thanh Hóa,Xã Xuân Chinh,19.7941161,105.2068756,62,Moderate,1,21.5,93,0.0,6.7,232,999.3,69,28.3,30.0,215.0,11.2,60.0,5.5
2026-02-27 00:00:00,2026,2,27,0,Thanh Hóa,Xã Xuân Chinh,19.7941161,105.2068756,63,Moderate,1,21.2,95,0.0,6.8,235,999.2,95,29.8,31.5,208.0,10.1,56.0,4.3
2026-02-27 01:00:00,2026,2,27,1,Thanh Hóa,Xã Xuân Chinh,19.7941161,105.2068756,64,Moderate,1,21.1,97,0.0,6.5,242,998.6,73,29.6,31.1,204.0,9.0,52.0,3.3
2026-02-27 02:00:00,2026,2,27,2,Thanh Hóa,Xã Xuân Chinh,19.7941161,105.2068756,65,Moderate,1,21.0,97,0.0,7.4,248,998.4,60,29.5,30.6,202.0,8.1,50.0,2.7
2026-02-27 03:00:00,2026,2,27,3,Thanh Hóa,Xã Xuân Chinh,19.7941161,105.2068756,66,Moderate,1,21.1,97,0.0,7.4,247,997.8,95,28.0,28.9,204.0,7.3,49.0,2.4
2026-02-27 04:00:00,2026,2,27,4,Thanh Hóa,Xã Xuân Chinh,19.7941161,105.2068756,67,Moderate,1,20.8,98,0.0,6.3,243,997.9,99,26.6,27.3,213.0,6.6,47.0,2.1
2026-02-27 05:00:00,2026,2,27,5,Thanh Hóa,Xã Xuân Chinh,19.7941161,105.2068756,67,Moderate,1,21.1,98,0.0,5.5,251,998.2,99,25.4,26.0,239.0,6.4,43.0,1.9
2026-02-27 06:00:00,2026,2,27,6,Thanh Hóa,Xã Xuân Chinh,19.7941161,105.2068756,68,Moderate,1,21.0,98,0.0,4.5,256,998.9,91,24.9,25.4,272.0,6.4,39.0,1.7
2026-02-27 07:00:00,2026,2,27,7,Thanh Hóa,Xã Xuân Chinh,19.7941161,105.2068756,69,Moderate,1,21.6,96,0.0,1.6,276,999.3,52,24.4,24.9,295.0,6.1,45.0,1.8
2026-02-27 08:00:00,2026,2,27,8,Thanh Hóa,Xã Xuân Chinh,19.7941161,105.2068756,69,Moderate,1,23.5,90,0.0,1.2,333,999.9,91,17.4,17.8,296.0,5.0,57.0,2.0
2026-02-27 09:00:00,2026,2,27,9,Thanh Hóa,Xã Xuân Chinh,19.7941161,105.2068756,68,Moderate,1,24.8,84,0.0,1.8,127,1000.1,34,15.7,16.2,286.0,3.4,73.0,2.2
2026-02-27 10:00:00,2026,2,27,10,Thanh Hóa,Xã Xuân Chinh,19.7941161,105.2068756,68,Moderate,1,26.4,79,0.0,3.6,108,1000.7,44,15.7,16.4,277.0,2.1,86.0,2.3
2026-02-27 11:00:00,2026,2,27,11,Thanh Hóa,Xã Xuân Chinh,19.7941161,105.2068756,69,Moderate,1,28.9,65,0.0,5.8,150,999.8,59,15.5,16.1,275.0,1.4,93.0,2.1
2026-02-27 12:00:00,2026,2,27,12,Thanh Hóa,Xã Xuân Chinh,19.7941161,105.2068756,69,Moderate,1,29.3,64,0.0,7.1,150,998.6,42,15.9,16.4,274.0,1.0,96.0,1.7
2026-02-27 13:00:00,2026,2,27,13,Thanh Hóa,Xã Xuân Chinh,19.7941161,105.2068756,69,Moderate,1,29.3,64,0.0,8.0,140,997.6,79,15.3,15.7,273.0,0.8,99.0,1.4
2026-02-27 14:00:00,2026,2,27,14,Thanh Hóa,Xã Xuân Chinh,19.7941161,105.2068756,70,Moderate,1,30.4,60,0.0,6.9,129,996.1,76,14.5,14.9,272.0,0.7,103.0,1.3
2026-02-27 15:00:00,2026,2,27,15,Thanh Hóa,Xã Xuân Chinh,19.7941161,105.2068756,70,Moderate,1,30.1,61,0.0,7.0,122,995.2,100,13.7,14.1,270.0,0.7,107.0,1.4
2026-02-27 16:00:00,2026,2,27,16,Thanh Hóa,Xã Xuân Chinh,19.7941161,105.2068756,70,Moderate,1,27.1,75,0.3,3.1,126,995.3,67,13.1,13.4,270.0,1.4,107.0,1.7
2026-02-27 17:00:00,2026,2,27,17,Thanh Hóa,Xã Xuân Chinh,19.7941161,105.2068756,70,Moderate,1,26.2,81,0.1,1.5,45,995.5,48,13.6,13.9,269.0,3.0,103.0,2.3
2026-02-27 18:00:00,2026,2,27,18,Thanh Hóa,Xã Xuân Chinh,19.7941161,105.2068756,69,Moderate,1,24.5,93,0.0,3.6,171,996.2,9,14.1,14.4,269.0,5.2,95.0,3.1
2026-02-27 19:00:00,2026,2,27,19,Thanh Hóa,Xã Xuân Chinh,19.7941161,105.2068756,69,Moderate,1,23.1,98,0.0,3.6,273,996.3,41,17.7,18.1,275.0,7.6,82.0,4.8
2026-02-27 20:00:00,2026,2,27,20,Thanh Hóa,Xã Xuân Chinh,19.7941161,105.2068756,69,Moderate,1,23.1,98,0.0,2.9,240,997.2,70,19.1,19.4,294.0,8.8,77.0,5.5
2026-02-27 21:00:00,2026,2,27,21,Thanh Hóa,Xã Xuân Chinh,19.7941161,105.2068756,69,Moderate,1,23.1,98,0.0,5.7,208,997.8,79,21.7,22.1,320.0,10.4,71.0,6.4
2026-02-27 22:00:00,2026,2,27,22,Thanh Hóa,Xã Xuân Chinh,19.7941161,105.2068756,68,Moderate,1,23.0,98,0.0,5.7,226,997.9,65,23.6,24.0,339.0,11.6,63.0,6.7
2026-02-27 23:00:00,2026,2,27,23,Thanh Hóa,Xã Xuân Chinh,19.7941161,105.2068756,68,Moderate,1,22.9,99,0.0,6.5,240,997.6,61,25.5,25.8,347.0,12.2,54.0,5.8
2026-02-28 00:00:00,2026,2,28,0,Thanh Hóa,Xã Xuân Chinh,19.7941161,105.2068756,68,Moderate,1,22.8,100,0.0,5.5,243,997.1,44,28.4,28.7,349.0,12.5,44.0,4.4
2026-02-28 01:00:00,2026,2,28,1,Thanh Hóa,Xã Xuân Chinh,19.7941161,105.2068756,68,Moderate,1,22.4,99,0.0,5.1,247,996.9,26,28.9,29.1,346.0,12.2,37.0,3.2
2026-02-28 02:00:00,2026,2,28,2,Thanh Hóa,Xã Xuân Chinh,19.7941161,105.2068756,68,Moderate,1,22.4,100,0.0,4.5,256,996.4,30,26.3,26.5,337.0,11.2,35.0,2.6
2026-02-28 03:00:00,2026,2,28,3,Thanh Hóa,Xã Xuân Chinh,19.7941161,105.2068756,67,Moderate,1,22.2,100,0.0,4.3,255,995.9,98,23.9,24.0,323.0,9.7,35.0,2.3
2026-02-28 04:00:00,2026,2,28,4,Thanh Hóa,Xã Xuân Chinh,19.7941161,105.2068756,67,Moderate,1,22.2,100,0.0,3.8,251,995.6,99,22.9,23.1,315.0,8.2,37.0,2.1
2026-02-28 05:00:00,2026,2,28,5,Thanh Hóa,Xã Xuân Chinh,19.7941161,105.2068756,67,Moderate,1,22.1,100,0.0,2.9,240,996.4,98,21.9,22.1,320.0,7.0,39.0,1.9
2026-02-28 06:00:00,2026,2,28,6,Thanh Hóa,Xã Xuân Chinh,19.7941161,105.2068756,66,Moderate,1,22.0,100,0.0,3.1,267,997.1,99,20.3,20.4,330.0,5.9,41.0,1.8
2026-02-28 07:00:00,2026,2,28,7,Thanh Hóa,Xã Xuân Chinh,19.7941161,105.2068756,66,Moderate,1,22.7,97,0.0,2.1,255,997.5,36,18.7,19.0,334.0,4.9,53.0,1.7
2026-02-28 08:00:00,2026,2,28,8,Thanh Hóa,Xã Xuân Chinh,19.7941161,105.2068756,66,Moderate,1,24.1,96,0.0,1.8,204,998.1,15,16.2,16.4,324.0,3.9,65.0,1.8
2026-02-28 09:00:00,2026,2,28,9,Thanh Hóa,Xã Xuân Chinh,19.7941161,105.2068756,65,Moderate,1,26.0,88,0.0,3.7,141,998.7,9,16.1,16.2,308.0,2.5,81.0,1.9
2026-02-28 10:00:00,2026,2,28,10,Thanh Hóa,Xã Xuân Chinh,19.7941161,105.2068756,65,Moderate,1,28.5,74,0.0,5.3,168,999.0,2,16.5,16.7,294.0,1.4,94.0,1.9
2026-02-28 11:00:00,2026,2,28,11,Thanh Hóa,Xã Xuân Chinh,19.7941161,105.2068756,66,Moderate,1,30.4,63,0.0,7.7,171,998.1,5,14.1,14.2,285.0,1.0,102.0,1.7
2026-02-28 12:00:00,2026,2,28,12,Thanh Hóa,Xã Xuân Chinh,19.7941161,105.2068756,65,Moderate,1,31.0,65,0.0,8.3,162,996.9,28,11.7,11.8,278.0,0.9,107.0,1.3
2026-02-28 13:00:00,2026,2,28,13,Thanh Hóa,Xã Xuân Chinh,19.7941161,105.2068756,65,Moderate,1,32.3,58,0.0,8.2,151,995.7,96,10.3,10.4,269.0,0.9,110.0,1.1
2026-02-28 14:00:00,2026,2,28,14,Thanh Hóa,Xã Xuân Chinh,19.7941161,105.2068756,65,Moderate,1,32.8,54,0.0,9.5,166,994.3,81,10.2,10.3,254.0,0.8,111.0,1.1
2026-02-28 15:00:00,2026,2,28,15,Thanh Hóa,Xã Xuân Chinh,19.7941161,105.2068756,64,Moderate,1,29.0,76,1.5,5.8,141,994.2,27,10.5,10.7,237.0,0.8,109.0,1.1
2026-02-28 16:00:00,2026,2,28,16,Thanh Hóa,Xã Xuân Chinh,19.7941161,105.2068756,64,Moderate,1,29.0,75,0.0,5.0,136,993.9,20,11.2,11.5,233.0,1.3,106.0,1.4
2026-02-28 17:00:00,2026,2,28,17,Thanh Hóa,Xã Xuân Chinh,19.7941161,105.2068756,64,Moderate,1,27.7,83,0.7,4.8,132,994.2,50,12.1,12.3,253.0,2.6,100.0,1.9
2026-02-28 18:00:00,2026,2,28,18,Thanh Hóa,Xã Xuân Chinh,19.7941161,105.2068756,64,Moderate,1,26.0,94,0.0,3.0,73,994.6,9,13.4,13.6,286.0,4.4,92.0,2.6
2026-02-28 19:00:00,2026,2,28,19,Thanh Hóa,Xã Xuân Chinh,19.7941161,105.2068756,64,Moderate,1,25.3,93,0.0,3.4,180,995.5,59,17.7,18.1,313.0,6.7,90.0,3.3
2026-02-28 20:00:00,2026,2,28,20,Thanh Hóa,Xã Xuân Chinh,19.7941161,105.2068756,64,Moderate,1,24.6,96,0.0,4.8,205,996.2,61,21.5,22.0,328.0,7.4,88.0,3.6
2026-02-28 21:00:00,2026,2,28,21,Thanh Hóa,Xã Xuân Chinh,19.7941161,105.2068756,64,Moderate,1,24.0,98,0.0,5.9,239,996.7,61,23.7,24.2,338.0,8.5,84.0,4.1
2026-02-28 22:00:00,2026,2,28,22,Thanh Hóa,Xã Xuân Chinh,19.7941161,105.2068756,64,Moderate,1,23.6,99,0.0,5.3,252,996.5,73,25.1,25.6,343.0,9.6,79.0,4.5
2026-02-28 23:00:00,2026,2,28,23,Thanh Hóa,Xã Xuân Chinh,19.7941161,105.2068756,64,Moderate,1,23.1,99,0.0,4.8,250,996.5,63,25.3,25.7,342.0,10.7,71.0,4.7
2026-03-01 00:00:00,2026,3,1,0,Thanh Hóa,Xã Xuân Chinh,19.7941161,105.2068756,64,Moderate,1,22.8,99,0.0,4.8,257,996.3,80,25.1,25.5,337.0,11.8,62.0,4.8
2026-03-01 01:00:00,2026,3,1,1,Thanh Hóa,Xã Xuân Chinh,19.7941161,105.2068756,64,Moderate,1,23.2,100,0.0,5.3,260,995.9,94,25.1,25.4,330.0,12.6,52.0,4.7
2026-03-01 02:00:00,2026,3,1,2,Thanh Hóa,Xã Xuân Chinh,19.7941161,105.2068756,63,Moderate,1,23.6,100,0.0,5.1,262,995.5,100,24.8,25.0,320.0,13.0,42.0,4.3
2026-03-01 03:00:00,2026,3,1,3,Thanh Hóa,Xã Xuân Chinh,19.7941161,105.2068756,63,Moderate,1,23.8,100,0.0,5.1,266,995.3,100,23.7,23.9,308.0,13.0,32.0,3.6
2026-03-01 04:00:00,2026,3,1,4,Thanh Hóa,Xã Xuân Chinh,19.7941161,105.2068756,63,Moderate,1,23.9,100,0.0,5.0,255,995.4,89,22.4,22.6,302.0,12.6,26.0,3.1
2026-03-01 05:00:00,2026,3,1,5,Thanh Hóa,Xã Xuân Chinh,19.7941161,105.2068756,63,Moderate,1,23.7,100,0.0,4.0,238,995.8,41,20.8,21.0,307.0,11.6,23.0,2.8
2026-03-01 06:00:00,2026,3,1,6,Thanh Hóa,Xã Xuân Chinh,19.7941161,105.2068756,63,Moderate,1,23.1,100,0.0,2.9,263,996.3,100,19.4,19.5,318.0,10.2,23.0,2.5
2026-03-01 07:00:00,2026,3,1,7,Thanh Hóa,Xã Xuân Chinh,19.7941161,105.2068756,63,Moderate,1,23.0,99,0.0,3.8,229,997.2,48,20.2,20.3,321.0,8.7,29.0,2.0
2026-03-01 08:00:00,2026,3,1,8,Thanh Hóa,Xã Xuân Chinh,19.7941161,105.2068756,63,Moderate,1,24.5,97,0.0,2.5,270,998.1,41,19.1,19.2,309.0,6.6,48.0,2.4
2026-03-01 09:00:00,2026,3,1,9,Thanh Hóa,Xã Xuân Chinh,19.7941161,105.2068756,63,Moderate,1,26.3,93,0.0,3.6,108,999.1,45,15.3,15.4,289.0,3.7,75.0,2.9
2026-03-01 10:00:00,2026,3,1,10,Thanh Hóa,Xã Xuân Chinh,19.7941161,105.2068756,63,Moderate,1,28.9,75,0.0,2.2,166,999.0,16,13.7,13.9,269.0,1.5,96.0,3.1
2026-03-01 11:00:00,2026,3,1,11,Thanh Hóa,Xã Xuân Chinh,19.7941161,105.2068756,63,Moderate,1,31.3,62,0.0,2.9,169,998.4,6,12.5,12.8,250.0,0.8,105.0,2.8
2026-03-01 12:00:00,2026,3,1,12,Thanh Hóa,Xã Xuân Chinh,19.7941161,105.2068756,63,Moderate,1,33.3,47,0.0,4.7,189,997.0,30,11.5,11.8,232.0,0.7,107.0,2.3
2026-03-01 13:00:00,2026,3,1,13,Thanh Hóa,Xã Xuân Chinh,19.7941161,105.2068756,63,Moderate,1,33.2,43,0.0,7.0,206,996.1,29,11.0,11.3,219.0,0.8,108.0,1.9
2026-03-01 14:00:00,2026,3,1,14,Thanh Hóa,Xã Xuân Chinh,19.7941161,105.2068756,63,Moderate,1,33.4,42,0.0,9.3,221,994.9,28,10.6,10.9,212.0,0.6,108.0,1.6
2026-03-01 15:00:00,2026,3,1,15,Thanh Hóa,Xã Xuân Chinh,19.7941161,105.2068756,63,Moderate,1,33.8,40,0.0,7.7,189,994.2,21,10.2,10.4,209.0,0.5,105.0,1.5
2026-03-01 16:00:00,2026,3,1,16,Thanh Hóa,Xã Xuân Chinh,19.7941161,105.2068756,63,Moderate,1,33.7,41,0.0,4.5,157,993.8,13,9.8,10.0,215.0,0.9,102.0,1.5
2026-03-01 17:00:00,2026,3,1,17,Thanh Hóa,Xã Xuân Chinh,19.7941161,105.2068756,63,Moderate,1,31.5,59,0.0,1.5,159,994.2,9,10.7,10.9,234.0,2.3,99.0,1.9
2026-03-01 18:00:00,2026,3,1,18,Thanh Hóa,Xã Xuân Chinh,19.7941161,105.2068756,63,Moderate,1,27.9,69,0.0,6.9,139,994.9,12,12.5,12.8,261.0,4.2,94.0,2.5
2026-03-01 19:00:00,2026,3,1,19,Thanh Hóa,Xã Xuân Chinh,19.7941161,105.2068756,63,Moderate,1,26.7,89,0.0,8.0,185,995.4,16,23.8,24.4,281.0,7.2,92.0,3.2
2026-03-01 20:00:00,2026,3,1,20,Thanh Hóa,Xã Xuân Chinh,19.7941161,105.2068756,63,Moderate,1,26.0,92,0.0,6.5,208,996.2,8,26.3,26.9,288.0,8.1,91.0,3.9
2026-03-01 21:00:00,2026,3,1,21,Thanh Hóa,Xã Xuân Chinh,19.7941161,105.2068756,64,Moderate,1,25.2,95,0.0,6.0,237,997.0,0,27.8,28.5,288.0,9.3,89.0,4.8
2026-03-01 22:00:00,2026,3,1,22,Thanh Hóa,Xã Xuân Chinh,19.7941161,105.2068756,64,Moderate,1,24.6,96,0.0,5.2,258,997.4,0,29.0,29.6,287.0,10.4,85.0,5.4
2026-03-01 23:00:00,2026,3,1,23,Thanh Hóa,Xã Xuân Chinh,19.7941161,105.2068756,64,Moderate,1,24.1,98,0.0,4.9,264,997.3,0,29.6,30.2,289.0,11.2,76.0,5.5
2026-03-02 00:00:00,2026,3,2,0,Thanh Hóa,Xã Xuân Chinh,19.7941161,105.2068756,65,Moderate,1,23.5,98,0.0,4.6,257,997.4,0,29.6,30.2,290.0,12.0,65.0,5.3
2026-03-02 01:00:00,2026,3,2,1,Thanh Hóa,Xã Xuân Chinh,19.7941161,105.2068756,65,Moderate,1,23.6,98,0.0,4.0,252,996.9,22,29.9,30.4,288.0,12.5,54.0,5.0
2026-03-02 02:00:00,2026,3,2,2,Thanh Hóa,Xã Xuân Chinh,19.7941161,105.2068756,66,Moderate,1,23.4,98,0.0,3.7,256,996.7,28,29.7,30.0,278.0,12.9,43.0,4.4
2026-03-02 03:00:00,2026,3,2,3,Thanh Hóa,Xã Xuân Chinh,19.7941161,105.2068756,66,Moderate,1,23.5,98,0.0,3.6,252,996.5,13,28.6,29.0,266.0,13.1,32.0,3.7
2026-03-02 04:00:00,2026,3,2,4,Thanh Hóa,Xã Xuân Chinh,19.7941161,105.2068756,66,Moderate,1,23.4,97,0.0,3.9,248,996.5,5,27.6,27.8,261.0,12.8,25.0,3.0
2026-03-02 05:00:00,2026,3,2,5,Thanh Hóa,Xã Xuân Chinh,19.7941161,105.2068756,67,Moderate,1,23.2,96,0.0,3.8,251,997.1,6,26.8,27.0,273.0,12.0,21.0,2.5
2026-03-02 06:00:00,2026,3,2,6,Thanh Hóa,Xã Xuân Chinh,19.7941161,105.2068756,67,Moderate,1,22.9,96,0.0,2.2,246,997.7,2,26.6,26.8,293.0,10.7,20.0,2.1
2026-03-02 07:00:00,2026,3,2,7,Thanh Hóa,Xã Xuân Chinh,19.7941161,105.2068756,68,Moderate,1,23.9,86,0.0,1.1,252,998.7,11,28.5,28.8,304.0,8.5,29.0,2.0
2026-03-02 08:00:00,2026,3,2,8,Thanh Hóa,Xã Xuân Chinh,19.7941161,105.2068756,69,Moderate,1,26.2,86,0.0,2.1,345,999.5,15,27.5,27.8,296.0,6.5,48.0,2.6
2026-03-02 09:00:00,2026,3,2,9,Thanh Hóa,Xã Xuân Chinh,19.7941161,105.2068756,70,Moderate,1,27.9,78,0.0,2.5,69,1000.1,16,25.8,26.3,280.0,3.7,76.0,3.3
2026-03-02 10:00:00,2026,3,2,10,Thanh Hóa,Xã Xuân Chinh,19.7941161,105.2068756,71,Moderate,1,29.9,72,0.0,5.0,88,1000.5,9,25.4,26.1,269.0,1.7,98.0,3.8
2026-03-02 11:00:00,2026,3,2,11,Thanh Hóa,Xã Xuân Chinh,19.7941161,105.2068756,72,Moderate,1,30.6,72,0.0,5.3,72,1000.1,23,26.1,26.9,268.0,1.0,111.0,3.6
2026-03-02 12:00:00,2026,3,2,12,Thanh Hóa,Xã Xuân Chinh,19.7941161,105.2068756,73,Moderate,1,31.7,60,2.6,5.1,73,999.3,23,26.9,27.8,273.0,1.1,119.0,3.2
2026-03-02 13:00:00,2026,3,2,13,Thanh Hóa,Xã Xuân Chinh,19.7941161,105.2068756,74,Moderate,1,31.5,59,0.0,4.6,99,998.4,40,26.6,27.6,283.0,1.3,125.0,2.8
2026-03-02 14:00:00,2026,3,2,14,Thanh Hóa,Xã Xuân Chinh,19.7941161,105.2068756,76,Moderate,1,32.5,50,0.0,5.9,128,996.9,18,26.2,27.1,298.0,1.3,130.0,2.7
2026-03-02 15:00:00,2026,3,2,15,Thanh Hóa,Xã Xuân Chinh,19.7941161,105.2068756,77,Moderate,1,33.2,46,0.0,7.3,123,995.9,13,25.7,26.6,318.0,1.5,134.0,2.6
2026-03-02 16:00:00,2026,3,2,16,Thanh Hóa,Xã Xuân Chinh,19.7941161,105.2068756,78,Moderate,1,31.2,64,0.2,8.3,84,995.8,24,28.1,29.1,345.0,2.2,136.0,2.8
2026-03-02 17:00:00,2026,3,2,17,Thanh Hóa,Xã Xuân Chinh,19.7941161,105.2068756,80,Moderate,1,28.8,79,0.0,8.8,73,996.3,16,31.4,32.2,385.0,3.8,138.0,3.5
2026-03-02 18:00:00,2026,3,2,18,Thanh Hóa,Xã Xuân Chinh,19.7941161,105.2068756,82,Moderate,1,26.5,91,0.0,2.4,138,996.9,6,35.5,36.2,431.0,5.9,140.0,4.4
2026-03-02 19:00:00,2026,3,2,19,Thanh Hóa,Xã Xuân Chinh,19.7941161,105.2068756,86,Moderate,1,25.3,95,0.0,1.8,246,997.3,8,46.3,47.3,463.0,8.6,129.0,3.9
2026-03-02 20:00:00,2026,3,2,20,Thanh Hóa,Xã Xuân Chinh,19.7941161,105.2068756,90,Moderate,1,25.1,97,0.0,1.3,270,998.2,2,50.1,51.0,468.0,8.5,127.0,3.4
2026-03-02 21:00:00,2026,3,2,21,Thanh Hóa,Xã Xuân Chinh,19.7941161,105.2068756,92,Moderate,1,25.1,95,0.0,0.7,256,999.1,0,54.9,55.9,460.0,8.4,124.0,2.6
2026-03-02 22:00:00,2026,3,2,22,Thanh Hóa,Xã Xuân Chinh,19.7941161,105.2068756,92,Moderate,1,24.8,94,0.0,1.7,252,999.5,0,58.4,59.5,451.0,8.3,120.0,1.9
2026-03-02 23:00:00,2026,3,2,23,Thanh Hóa,Xã Xuân Chinh,19.7941161,105.2068756,93,Moderate,1,24.5,94,0.0,1.3,254,999.5,0,60.1,61.2,454.0,8.4,113.0,1.3
2026-03-03 00:00:00,2026,3,3,0,Thanh Hóa,Xã Xuân Chinh,19.7941161,105.2068756,96,Moderate,1,24.5,93,0.0,0.4,297,999.6,0,61.5,62.6,457.0,8.6,104.0,0.8
2026-03-03 01:00:00,2026,3,3,1,Thanh Hóa,Xã Xuân Chinh,19.7941161,105.2068756,98,Moderate,1,24.4,97,0.0,0.9,307,999.2,7,63.3,64.5,443.0,8.7,96.0,0.5
2026-03-03 02:00:00,2026,3,3,2,Thanh Hóa,Xã Xuân Chinh,19.7941161,105.2068756,102,Unhealthy for Sensitive Groups,2,23.6,100,0.0,2.6,344,998.7,100,62.9,64.0,393.0,8.7,90.0,0.3
2026-03-03 03:00:00,2026,3,3,3,Thanh Hóa,Xã Xuân Chinh,19.7941161,105.2068756,105,Unhealthy for Sensitive Groups,2,23.6,100,0.0,3.6,3,999.1,100,60.1,61.0,326.0,8.6,84.0,0.2
2026-03-03 04:00:00,2026,3,3,4,Thanh Hóa,Xã Xuân Chinh,19.7941161,105.2068756,108,Unhealthy for Sensitive Groups,2,23.9,100,0.0,4.8,25,999.5,100,53.8,54.6,284.0,8.8,77.0,0.8
2026-03-03 05:00:00,2026,3,3,5,Thanh Hóa,Xã Xuân Chinh,19.7941161,105.2068756,111,Unhealthy for Sensitive Groups,2,24.2,100,0.1,7.8,29,1000.3,100,42.0,42.7,289.0,9.4,67.0,2.1
2026-03-03 06:00:00,2026,3,3,6,Thanh Hóa,Xã Xuân Chinh,19.7941161,105.2068756,113,Unhealthy for Sensitive Groups,2,22.6,99,1.8,14.6,40,1002.0,100,28.7,29.2,319.0,10.2,57.0,4.0
2026-03-03 07:00:00,2026,3,3,7,Thanh Hóa,Xã Xuân Chinh,19.7941161,105.2068756,113,Unhealthy for Sensitive Groups,2,22.5,98,1.5,13.6,49,1002.1,100,30.5,30.7,348.0,9.9,57.0,6.7
2026-03-03 08:00:00,2026,3,3,8,Thanh Hóa,Xã Xuân Chinh,19.7941161,105.2068756,113,Unhealthy for Sensitive Groups,2,21.4,98,0.6,10.7,30,1003.2,94,13.3,13.4,367.0,11.5,57.0,10.6
2026-03-03 09:00:00,2026,3,3,9,Thanh Hóa,Xã Xuân Chinh,19.7941161,105.2068756,112,Unhealthy for Sensitive Groups,2,22.0,93,0.2,10.5,41,1004.3,98,9.5,9.5,385.0,13.5,57.0,15.9
2026-03-03 10:00:00,2026,3,3,10,Thanh Hóa,Xã Xuân Chinh,19.7941161,105.2068756,110,Unhealthy for Sensitive Groups,2,22.5,87,0.1,10.9,33,1005.1,100,9.5,9.5,403.0,14.6,60.0,19.8
2026-03-03 11:00:00,2026,3,3,11,Thanh Hóa,Xã Xuân Chinh,19.7941161,105.2068756,108,Unhealthy for Sensitive Groups,2,22.9,81,0.1,12.5,23,1005.0,100,10.5,10.5,423.0,13.6,67.0,20.8
2026-03-03 12:00:00,2026,3,3,12,Thanh Hóa,Xã Xuân Chinh,19.7941161,105.2068756,107,Unhealthy for Sensitive Groups,2,24.0,73,0.1,14.6,32,1004.2,100,12.5,12.5,443.0,11.6,77.0,20.3
2026-03-03 13:00:00,2026,3,3,13,Thanh Hóa,Xã Xuân Chinh,19.7941161,105.2068756,105,Unhealthy for Sensitive Groups,2,24.5,69,0.0,11.5,44,1003.4,100,16.2,16.2,462.0,10.3,85.0,20.0
2026-03-03 14:00:00,2026,3,3,14,Thanh Hóa,Xã Xuân Chinh,19.7941161,105.2068756,104,Unhealthy for Sensitive Groups,2,23.7,72,0.0,11.3,59,1002.7,100,20.7,20.7,477.0,10.2,90.0,20.2
2026-03-03 15:00:00,2026,3,3,15,Thanh Hóa,Xã Xuân Chinh,19.7941161,105.2068756,103,Unhealthy for Sensitive Groups,2,23.6,72,0.0,8.8,55,1002.3,100,25.7,25.8,490.0,10.7,92.0,20.5
2026-03-03 16:00:00,2026,3,3,16,Thanh Hóa,Xã Xuân Chinh,19.7941161,105.2068756,103,Unhealthy for Sensitive Groups,2,22.6,81,0.2,8.5,84,1002.5,100,30.3,30.3,504.0,11.8,91.0,21.3
2026-03-03 17:00:00,2026,3,3,17,Thanh Hóa,Xã Xuân Chinh,19.7941161,105.2068756,104,Unhealthy for Sensitive Groups,2,21.6,91,0.3,6.9,99,1003.0,100,33.1,33.2,523.0,13.9,85.0,22.9
2026-03-03 18:00:00,2026,3,3,18,Thanh Hóa,Xã Xuân Chinh,19.7941161,105.2068756,104,Unhealthy for Sensitive Groups,2,20.8,97,0.8,4.2,115,1004.1,100,35.3,35.4,541.0,16.7,76.0,25.0
2026-03-03 19:00:00,2026,3,3,19,Thanh Hóa,Xã Xuân Chinh,19.7941161,105.2068756,104,Unhealthy for Sensitive Groups,2,21.1,95,0.5,3.9,66,1004.2,100,51.7,51.8,549.0,16.7,81.0,27.4
2026-03-03 20:00:00,2026,3,3,20,Thanh Hóa,Xã Xuân Chinh,19.7941161,105.2068756,104,Unhealthy for Sensitive Groups,2,20.6,98,0.3,4.2,31,1005.5,100,51.7,51.8,537.0,17.6,74.0,27.7
2026-03-03 21:00:00,2026,3,3,21,Thanh Hóa,Xã Xuân Chinh,19.7941161,105.2068756,105,Unhealthy for Sensitive Groups,2,20.2,98,1.1,4.8,31,1006.3,100,52.3,52.5,513.0,18.8,64.0,28.2
2026-03-03 22:00:00,2026,3,3,22,Thanh Hóa,Xã Xuân Chinh,19.7941161,105.2068756,104,Unhealthy for Sensitive Groups,2,20.2,96,1.1,3.2,344,1007.2,100,52.3,52.5,492.0,19.4,56.0,28.4
2026-03-03 23:00:00,2026,3,3,23,Thanh Hóa,Xã Xuân Chinh,19.7941161,105.2068756,104,Unhealthy for Sensitive Groups,2,19.7,96,0.7,4.8,20,1007.4,100,51.3,51.5,478.0,19.3,50.0,28.7
2026-03-04 00:00:00,2026,3,4,0,Thanh Hóa,Xã Xuân Chinh,19.7941161,105.2068756,103,Unhealthy for Sensitive Groups,2,19.3,97,0.5,5.2,31,1007.5,100,50.5,50.6,465.0,18.7,46.0,28.9
2026-03-04 01:00:00,2026,3,4,1,Thanh Hóa,Xã Xuân Chinh,19.7941161,105.2068756,102,Unhealthy for Sensitive Groups,2,19.2,98,0.3,5.9,38,1007.4,100,48.1,48.2,457.0,17.3,45.0,27.6
2026-03-04 02:00:00,2026,3,4,2,Thanh Hóa,Xã Xuân Chinh,19.7941161,105.2068756,100,Moderate,1,19.1,99,0.3,10.2,34,1007.1,100,42.6,42.7,452.0,14.5,48.0,23.8
2026-03-04 03:00:00,2026,3,4,3,Thanh Hóa,Xã Xuân Chinh,19.7941161,105.2068756,98,Moderate,1,18.1,97,0.0,9.1,32,1007.2,100,36.4,36.6,450.0,11.0,54.0,18.5
2026-03-04 04:00:00,2026,3,4,4,Thanh Hóa,Xã Xuân Chinh,19.7941161,105.2068756,96,Moderate,1,17.7,95,0.0,9.8,26,1007.1,100,31.4,31.5,454.0,8.3,58.0,14.4
2026-03-04 05:00:00,2026,3,4,5,Thanh Hóa,Xã Xuân Chinh,19.7941161,105.2068756,94,Moderate,1,17.6,92,0.0,8.7,21,1007.7,100,28.8,28.8,470.0,7.5,59.0,12.5
2026-03-04 06:00:00,2026,3,4,6,Thanh Hóa,Xã Xuân Chinh,19.7941161,105.2068756,93,Moderate,1,17.7,88,0.0,7.6,25,1007.9,100,27.2,27.4,492.0,7.5,59.0,11.7
2026-03-04 07:00:00,2026,3,4,7,Thanh Hóa,Xã Xuân Chinh,19.7941161,105.2068756,93,Moderate,1,18.2,90,0.0,6.6,35,1007.9,100,39.8,40.0,504.0,10.9,52.0,17.0
2026-03-04 08:00:00,2026,3,4,8,Thanh Hóa,Xã Xuân Chinh,19.7941161,105.2068756,94,Moderate,1,18.4,86,0.0,6.2,46,1008.7,100,36.3,36.6,497.0,9.9,56.0,16.0
2026-03-04 09:00:00,2026,3,4,9,Thanh Hóa,Xã Xuân Chinh,19.7941161,105.2068756,96,Moderate,1,19.1,79,0.0,7.7,37,1009.2,100,32.8,33.2,481.0,8.5,61.0,14.6
2026-03-04 10:00:00,2026,3,4,10,Thanh Hóa,Xã Xuân Chinh,19.7941161,105.2068756,98,Moderate,1,19.9,71,0.0,9.5,33,1009.4,100,28.3,28.7,464.0,7.2,67.0,13.3
2026-03-04 11:00:00,2026,3,4,11,Thanh Hóa,Xã Xuân Chinh,19.7941161,105.2068756,99,Moderate,1,20.8,65,0.0,10.7,30,1009.0,100,24.9,25.3,447.0,6.0,75.0,12.1
2026-03-04 12:00:00,2026,3,4,12,Thanh Hóa,Xã Xuân Chinh,19.7941161,105.2068756,101,Unhealthy for Sensitive Groups,2,21.3,62,0.0,9.1,38,1008.3,100,21.8,22.2,430.0,4.9,84.0,11.0
2026-03-04 13:00:00,2026,3,4,13,Thanh Hóa,Xã Xuân Chinh,19.7941161,105.2068756,102,Unhealthy for Sensitive Groups,2,21.0,63,0.0,8.4,48,1007.2,100,19.8,20.2,422.0,4.3,92.0,10.5
2026-03-04 14:00:00,2026,3,4,14,Thanh Hóa,Xã Xuân Chinh,19.7941161,105.2068756,102,Unhealthy for Sensitive Groups,2,21.3,63,0.0,7.6,54,1005.8,78,20.2,20.5,426.0,4.2,98.0,10.9
2026-03-04 15:00:00,2026,3,4,15,Thanh Hóa,Xã Xuân Chinh,19.7941161,105.2068756,102,Unhealthy for Sensitive Groups,2,21.6,63,0.0,6.9,67,1004.6,40,20.7,21.0,439.0,4.5,102.0,11.9
2026-03-04 16:00:00,2026,3,4,16,Thanh Hóa,Xã Xuân Chinh,19.7941161,105.2068756,102,Unhealthy for Sensitive Groups,2,21.6,64,0.0,7.4,72,1004.2,38,21.9,22.2,457.0,5.4,102.0,13.0
2026-03-04 17:00:00,2026,3,4,17,Thanh Hóa,Xã Xuân Chinh,19.7941161,105.2068756,101,Unhealthy for Sensitive Groups,2,21.0,66,0.0,5.4,60,1004.5,37,23.3,23.6,482.0,7.2,96.0,14.1
2026-03-04 18:00:00,2026,3,4,18,Thanh Hóa,Xã Xuân Chinh,19.7941161,105.2068756,100,Moderate,1,19.8,77,0.0,2.1,20,1004.4,9,25.5,25.8,512.0,9.5,85.0,15.3
2026-03-04 19:00:00,2026,3,4,19,Thanh Hóa,Xã Xuân Chinh,19.7941161,105.2068756,99,Moderate,1,18.5,83,0.0,1.7,32,1004.4,10,35.2,35.6,538.0,10.5,85.0,19.1
2026-03-04 20:00:00,2026,3,4,20,Thanh Hóa,Xã Xuân Chinh,19.7941161,105.2068756,97,Moderate,1,18.4,84,0.0,1.3,16,1005.3,15,35.9,36.2,559.0,11.9,78.0,19.6
2026-03-04 21:00:00,2026,3,4,21,Thanh Hóa,Xã Xuân Chinh,19.7941161,105.2068756,96,Moderate,1,17.8,87,0.0,2.5,98,1006.2,9,36.9,37.3,576.0,13.8,69.0,20.2
2026-03-04 22:00:00,2026,3,4,22,Thanh Hóa,Xã Xuân Chinh,19.7941161,105.2068756,95,Moderate,1,17.3,90,0.0,2.2,132,1006.8,23,38.0,38.3,581.0,15.2,61.0,20.8
2026-03-04 23:00:00,2026,3,4,23,Thanh Hóa,Xã Xuân Chinh,19.7941161,105.2068756,93,Moderate,1,17.1,91,0.0,0.9,217,1006.6,32,39.2,39.7,565.0,15.6,58.0,21.3
2026-03-05 00:00:00,2026,3,5,0,Thanh Hóa,Xã Xuân Chinh,19.7941161,105.2068756,92,Moderate,1,17.0,91,0.0,1.2,219,1006.5,38,41.2,41.7,537.0,15.4,56.0,21.7
2026-03-05 01:00:00,2026,3,5,1,Thanh Hóa,Xã Xuân Chinh,19.7941161,105.2068756,92,Moderate,1,16.8,96,0.0,1.5,187,1006.3,37,42.3,42.7,512.0,15.2,55.0,21.9
2026-03-05 02:00:00,2026,3,5,2,Thanh Hóa,Xã Xuân Chinh,19.7941161,105.2068756,91,Moderate,1,17.2,95,0.0,0.9,217,1005.6,14,42.7,43.1,494.0,14.9,52.0,21.8
2026-03-05 03:00:00,2026,3,5,3,Thanh Hóa,Xã Xuân Chinh,19.7941161,105.2068756,91,Moderate,1,17.2,95,0.0,1.2,333,1005.4,16,43.3,43.8,479.0,14.6,49.0,21.6
2026-03-05 04:00:00,2026,3,5,4,Thanh Hóa,Xã Xuân Chinh,19.7941161,105.2068756,92,Moderate,1,17.2,95,0.0,1.8,349,1005.3,45,45.2,45.5,476.0,14.3,47.0,21.7
2026-03-05 05:00:00,2026,3,5,5,Thanh Hóa,Xã Xuân Chinh,19.7941161,105.2068756,93,Moderate,1,17.3,95,0.0,2.5,4,1005.2,62,46.8,47.1,500.0,14.4,44.0,22.3
2026-03-05 06:00:00,2026,3,5,6,Thanh Hóa,Xã Xuân Chinh,19.7941161,105.2068756,94,Moderate,1,17.5,95,0.0,2.9,7,1006.0,98,48.1,48.4,535.0,14.6,41.0,23.2
2026-03-05 07:00:00,2026,3,5,7,Thanh Hóa,Xã Xuân Chinh,19.7941161,105.2068756,96,Moderate,1,18.0,92,0.0,3.1,21,1006.5,96,56.2,57.0,542.0,13.2,55.0,23.6
2026-03-05 08:00:00,2026,3,5,8,Thanh Hóa,Xã Xuân Chinh,19.7941161,105.2068756,98,Moderate,1,19.5,84,0.0,4.0,32,1007.2,100,43.3,44.2,493.0,11.9,61.0,24.0
2026-03-05 09:00:00,2026,3,5,9,Thanh Hóa,Xã Xuân Chinh,19.7941161,105.2068756,98,Moderate,1,20.5,77,0.0,3.7,35,1007.7,100,39.0,39.9,415.0,10.0,71.0,24.4
2026-03-05 10:00:00,2026,3,5,10,Thanh Hóa,Xã Xuân Chinh,19.7941161,105.2068756,99,Moderate,1,21.3,73,0.0,3.5,51,1007.9,100,36.6,37.5,355.0,8.6,78.0,24.2
2026-03-05 11:00:00,2026,3,5,11,Thanh Hóa,Xã Xuân Chinh,19.7941161,105.2068756,100,Moderate,1,21.9,72,0.0,4.0,72,1007.7,100,32.2,32.9,329.0,8.0,82.0,22.9
2026-03-05 12:00:00,2026,3,5,12,Thanh Hóa,Xã Xuân Chinh,19.7941161,105.2068756,100,Moderate,1,22.5,71,0.0,3.3,84,1006.8,100,29.6,30.3,321.0,7.9,85.0,21.0
2026-03-05 13:00:00,2026,3,5,13,Thanh Hóa,Xã Xuân Chinh,19.7941161,105.2068756,101,Unhealthy for Sensitive Groups,2,19.7,91,0.0,3.5,51,1006.5,97,29.7,30.4,324.0,8.0,87.0,19.3
2026-03-05 14:00:00,2026,3,5,14,Thanh Hóa,Xã Xuân Chinh,19.7941161,105.2068756,102,Unhealthy for Sensitive Groups,2,20.6,86,0.2,2.8,79,1005.6,100,27.8,28.3,339.0,8.1,89.0,18.0
2026-03-05 15:00:00,2026,3,5,15,Thanh Hóa,Xã Xuân Chinh,19.7941161,105.2068756,103,Unhealthy for Sensitive Groups,2,21.1,81,0.0,3.8,65,1004.5,100,25.1,25.6,365.0,8.4,90.0,16.9
2026-03-05 16:00:00,2026,3,5,16,Thanh Hóa,Xã Xuân Chinh,19.7941161,105.2068756,103,Unhealthy for Sensitive Groups,2,21.7,77,0.0,5.9,70,1004.3,100,25.0,25.4,391.0,9.2,87.0,16.0
2026-03-05 17:00:00,2026,3,5,17,Thanh Hóa,Xã Xuân Chinh,19.7941161,105.2068756,104,Unhealthy for Sensitive Groups,2,21.1,81,0.0,5.3,52,1004.9,100,26.9,27.2,413.0,10.9,79.0,15.4
2026-03-05 18:00:00,2026,3,5,18,Thanh Hóa,Xã Xuân Chinh,19.7941161,105.2068756,104,Unhealthy for Sensitive Groups,2,20.3,85,0.0,2.8,11,1005.2,100,30.9,31.2,436.0,13.2,67.0,15.0
2026-03-05 19:00:00,2026,3,5,19,Thanh Hóa,Xã Xuân Chinh,19.7941161,105.2068756,105,Unhealthy for Sensitive Groups,2,19.7,91,0.1,4.0,27,1005.8,100,32.0,32.4,456.0,15.0,59.0,20.5
2026-03-05 20:00:00,2026,3,5,20,Thanh Hóa,Xã Xuân Chinh,19.7941161,105.2068756,104,Unhealthy for Sensitive Groups,2,19.8,90,0.0,2.5,356,1006.6,100,35.4,35.7,477.0,16.1,55.0,20.8
2026-03-05 21:00:00,2026,3,5,21,Thanh Hóa,Xã Xuân Chinh,19.7941161,105.2068756,104,Unhealthy for Sensitive Groups,2,19.6,93,0.0,1.5,30,1007.1,100,39.1,39.5,496.0,17.7,48.0,21.4
2026-03-05 22:00:00,2026,3,5,22,Thanh Hóa,Xã Xuân Chinh,19.7941161,105.2068756,105,Unhealthy for Sensitive Groups,2,19.5,93,0.0,3.3,36,1007.6,100,42.1,42.5,503.0,19.0,43.0,22.3
2026-03-05 23:00:00,2026,3,5,23,Thanh Hóa,Xã Xuân Chinh,19.7941161,105.2068756,105,Unhealthy for Sensitive Groups,2,19.5,93,0.0,3.8,41,1007.9,100,44.9,45.4,488.0,19.7,39.0,23.8
2026-03-06 00:00:00,2026,3,6,0,Thanh Hóa,Xã Xuân Chinh,19.7941161,105.2068756,106,Unhealthy for Sensitive Groups,2,19.4,94,0.1,2.9,47,1008.0,100,47.1,47.5,460.0,20.1,36.0,25.7
2026-03-06 01:00:00,2026,3,6,1,Thanh Hóa,Xã Xuân Chinh,19.7941161,105.2068756,106,Unhealthy for Sensitive Groups,2,19.4,98,0.3,4.2,20,1008.2,100,49.6,49.9,440.0,20.3,33.0,27.3
2026-03-06 02:00:00,2026,3,6,2,Thanh Hóa,Xã Xuân Chinh,19.7941161,105.2068756,107,Unhealthy for Sensitive Groups,2,19.3,99,0.7,5.1,39,1007.9,100,45.4,45.8,438.0,20.2,31.0,28.5
2026-03-06 03:00:00,2026,3,6,3,Thanh Hóa,Xã Xuân Chinh,19.7941161,105.2068756,107,Unhealthy for Sensitive Groups,2,19.1,99,0.5,4.0,39,1007.5,100,36.3,36.6,443.0,19.9,29.0,29.3
2026-03-06 04:00:00,2026,3,6,4,Thanh Hóa,Xã Xuân Chinh,19.7941161,105.2068756,106,Unhealthy for Sensitive Groups,2,19.1,99,0.1,3.1,3,1007.3,100,39.8,40.0,446.0,19.4,27.0,29.3
2026-03-06 05:00:00,2026,3,6,5,Thanh Hóa,Xã Xuân Chinh,19.7941161,105.2068756,106,Unhealthy for Sensitive Groups,2,19.2,98,0.0,3.2,341,1007.0,100,39.8,40.2,444.0,18.9,24.0,27.9
2026-03-06 06:00:00,2026,3,6,6,Thanh Hóa,Xã Xuân Chinh,19.7941161,105.2068756,105,Unhealthy for Sensitive Groups,2,19.3,97,0.0,3.5,336,1007.3,100,39.9,40.2,440.0,18.2,21.0,25.7
2026-03-06 07:00:00,2026,3,6,7,Thanh Hóa,Xã Xuân Chinh,19.7941161,105.2068756,104,Unhealthy for Sensitive Groups,2,19.2,95,0.0,4.5,358,1008.3,100,51.8,52.3,433.0,17.3,31.0,29.1
2026-03-06 08:00:00,2026,3,6,8,Thanh Hóa,Xã Xuân Chinh,19.7941161,105.2068756,104,Unhealthy for Sensitive Groups,2,19.8,94,0.0,6.6,9,1009.5,100,49.1,49.6,420.0,15.3,39.0,27.9
2026-03-06 09:00:00,2026,3,6,9,Thanh Hóa,Xã Xuân Chinh,19.7941161,105.2068756,104,Unhealthy for Sensitive Groups,2,20.4,87,0.0,8.4,7,1010.5,100,45.6,46.2,404.0,12.5,51.0,26.0
2026-03-06 10:00:00,2026,3,6,10,Thanh Hóa,Xã Xuân Chinh,19.7941161,105.2068756,105,Unhealthy for Sensitive Groups,2,20.7,82,0.0,7.2,1,1010.6,100,41.2,42.0,392.0,10.0,64.0,23.6
2026-03-06 11:00:00,2026,3,6,11,Thanh Hóa,Xã Xuân Chinh,19.7941161,105.2068756,106,Unhealthy for Sensitive Groups,2,21.9,74,0.0,7.4,39,1010.1,100,36.6,37.5,386.0,8.1,79.0,20.1
2026-03-06 12:00:00,2026,3,6,12,Thanh Hóa,Xã Xuân Chinh,19.7941161,105.2068756,106,Unhealthy for Sensitive Groups,2,22.5,73,0.0,5.5,63,1008.8,100,33.6,34.6,383.0,6.6,95.0,16.0
2026-03-06 13:00:00,2026,3,6,13,Thanh Hóa,Xã Xuân Chinh,19.7941161,105.2068756,107,Unhealthy for Sensitive Groups,2,24.1,66,0.1,4.8,103,1007.4,100,38.8,39.6,384.0,5.4,109.0,12.7
2026-03-06 14:00:00,2026,3,6,14,Thanh Hóa,Xã Xuân Chinh,19.7941161,105.2068756,107,Unhealthy for Sensitive Groups,2,23.8,69,0.1,5.8,90,1006.1,100,41.4,42.4,389.0,4.7,119.0,11.1
2026-03-06 15:00:00,2026,3,6,15,Thanh Hóa,Xã Xuân Chinh,19.7941161,105.2068756,109,Unhealthy for Sensitive Groups,2,23.6,72,0.1,6.5,109,1005.3,100,42.8,43.8,396.0,4.4,126.0,10.3
2026-03-06 16:00:00,2026,3,6,16,Thanh Hóa,Xã Xuân Chinh,19.7941161,105.2068756,111,Unhealthy for Sensitive Groups,2,23.2,74,0.1,7.7,123,1005.0,100,44.6,45.6,403.0,4.5,129.0,9.6
2026-03-06 17:00:00,2026,3,6,17,Thanh Hóa,Xã Xuân Chinh,19.7941161,105.2068756,113,Unhealthy for Sensitive Groups,2,22.6,77,0.1,5.9,101,1004.9,100,43.9,44.9,408.0,5.1,126.0,8.4
2026-03-06 18:00:00,2026,3,6,18,Thanh Hóa,Xã Xuân Chinh,19.7941161,105.2068756,115,Unhealthy for Sensitive Groups,2,21.9,82,0.0,3.5,78,1005.3,100,46.6,47.8,412.0,6.0,119.0,7.2
2026-03-06 19:00:00,2026,3,6,19,Thanh Hóa,Xã Xuân Chinh,19.7941161,105.2068756,116,Unhealthy for Sensitive Groups,2,20.9,92,0.0,2.8,63,1005.8,75,43.0,44.1,417.0,6.9,115.0,5.6
2026-03-06 20:00:00,2026,3,6,20,Thanh Hóa,Xã Xuân Chinh,19.7941161,105.2068756,117,Unhealthy for Sensitive Groups,2,20.6,94,0.0,3.4,90,1006.4,42,41.3,42.6,423.0,7.2,111.0,5.6
2026-03-06 21:00:00,2026,3,6,21,Thanh Hóa,Xã Xuân Chinh,19.7941161,105.2068756,118,Unhealthy for Sensitive Groups,2,20.1,95,0.0,2.1,128,1007.2,37,40.6,42.1,430.0,7.7,105.0,5.5
2026-03-06 22:00:00,2026,3,6,22,Thanh Hóa,Xã Xuân Chinh,19.7941161,105.2068756,118,Unhealthy for Sensitive Groups,2,19.5,96,0.0,0.4,243,1007.9,46,39.8,41.4,434.0,8.1,99.0,5.4
2026-03-06 23:00:00,2026,3,6,23,Thanh Hóa,Xã Xuân Chinh,19.7941161,105.2068756,118,Unhealthy for Sensitive Groups,2,19.4,98,0.0,1.7,198,1007.6,63,38.5,40.4,433.0,8.5,95.0,5.2
2026-03-07 00:00:00,2026,3,7,0,Thanh Hóa,Xã Xuân Chinh,19.7941161,105.2068756,117,Unhealthy for Sensitive Groups,2,19.6,97,0.0,1.0,225,1007.8,80,39.2,41.3,430.0,9.0,91.0,5.0
2026-03-07 01:00:00,2026,3,7,1,Thanh Hóa,Xã Xuân Chinh,19.7941161,105.2068756,116,Unhealthy for Sensitive Groups,2,19.9,97,0.0,0.6,214,1007.6,76,41.3,43.4,425.0,9.3,88.0,4.9
2026-03-07 02:00:00,2026,3,7,2,Thanh Hóa,Xã Xuân Chinh,19.7941161,105.2068756,116,Unhealthy for Sensitive Groups,2,20.2,96,0.0,0.2,180,1007.5,100,40.9,43.2,415.0,9.3,85.0,4.9
2026-03-07 03:00:00,2026,3,7,3,Thanh Hóa,Xã Xuân Chinh,19.7941161,105.2068756,115,Unhealthy for Sensitive Groups,2,20.1,97,0.0,1.3,360,1007.3,100,43.1,45.4,404.0,9.1,82.0,5.0
2026-03-07 04:00:00,2026,3,7,4,Thanh Hóa,Xã Xuân Chinh,19.7941161,105.2068756,116,Unhealthy for Sensitive Groups,2,20.0,98,0.0,1.4,40,1007.2,100,44.4,46.6,403.0,9.2,79.0,5.1
2026-03-07 05:00:00,2026,3,7,5,Thanh Hóa,Xã Xuân Chinh,19.7941161,105.2068756,116,Unhealthy for Sensitive Groups,2,19.9,99,0.0,2.6,129,1007.4,100,44.7,46.7,426.0,10.2,73.0,5.3
2026-03-07 06:00:00,2026,3,7,6,Thanh Hóa,Xã Xuân Chinh,19.7941161,105.2068756,117,Unhealthy for Sensitive Groups,2,20.0,98,0.0,2.3,141,1007.9,81,46.4,48.4,459.0,11.5,67.0,5.6
2026-03-07 07:00:00,2026,3,7,7,Thanh Hóa,Xã Xuân Chinh,19.7941161,105.2068756,117,Unhealthy for Sensitive Groups,2,20.3,99,0.0,1.9,56,1008.8,55,29.4,31.3,477.0,7.3,92.0,4.2
2026-03-07 08:00:00,2026,3,7,8,Thanh Hóa,Xã Xuân Chinh,19.7941161,105.2068756,115,Unhealthy for Sensitive Groups,2,21.0,95,0.0,2.7,62,1009.4,17,27.8,29.7,464.0,6.3,100.0,4.1
2026-03-07 09:00:00,2026,3,7,9,Thanh Hóa,Xã Xuân Chinh,19.7941161,105.2068756,113,Unhealthy for Sensitive Groups,2,22.1,83,0.0,4.8,65,1010.0,23,27.8,29.8,435.0,4.9,112.0,4.0
2026-03-07 10:00:00,2026,3,7,10,Thanh Hóa,Xã Xuân Chinh,19.7941161,105.2068756,111,Unhealthy for Sensitive Groups,2,23.0,75,0.0,5.2,74,1009.9,100,27.0,29.2,415.0,3.7,121.0,3.8
2026-03-07 11:00:00,2026,3,7,11,Thanh Hóa,Xã Xuân Chinh,19.7941161,105.2068756,110,Unhealthy for Sensitive Groups,2,23.7,74,0.2,5.7,99,1009.1,100,27.8,29.9,417.0,2.9,126.0,3.5
2026-03-07 12:00:00,2026,3,7,12,Thanh Hóa,Xã Xuân Chinh,19.7941161,105.2068756,109,Unhealthy for Sensitive Groups,2,23.2,78,0.1,7.4,112,1008.0,100,28.6,30.6,428.0,2.4,130.0,3.2
2026-03-07 13:00:00,2026,3,7,13,Thanh Hóa,Xã Xuân Chinh,19.7941161,105.2068756,108,Unhealthy for Sensitive Groups,2,23.2,80,0.3,7.6,97,1007.3,100,31.1,33.3,431.0,2.0,132.0,3.0
2026-03-07 14:00:00,2026,3,7,14,Thanh Hóa,Xã Xuân Chinh,19.7941161,105.2068756,107,Unhealthy for Sensitive Groups,2,23.0,83,0.5,5.4,96,1006.3,100,28.9,30.9,415.0,1.7,134.0,2.8
2026-03-07 15:00:00,2026,3,7,15,Thanh Hóa,Xã Xuân Chinh,19.7941161,105.2068756,106,Unhealthy for Sensitive Groups,2,23.0,81,0.2,6.7,93,1005.4,100,28.9,30.7,390.0,1.5,135.0,2.7
2026-03-07 16:00:00,2026,3,7,16,Thanh Hóa,Xã Xuân Chinh,19.7941161,105.2068756,105,Unhealthy for Sensitive Groups,2,22.6,80,0.3,8.0,96,1005.4,100,27.6,29.5,373.0,1.9,133.0,2.8
2026-03-07 17:00:00,2026,3,7,17,Thanh Hóa,Xã Xuân Chinh,19.7941161,105.2068756,103,Unhealthy for Sensitive Groups,2,22.7,78,0.0,6.3,93,1005.4,48,27.5,29.5,370.0,3.0,127.0,3.2
2026-03-07 18:00:00,2026,3,7,18,Thanh Hóa,Xã Xuân Chinh,19.7941161,105.2068756,101,Unhealthy for Sensitive Groups,2,21.6,84,0.0,5.4,104,1005.6,55,30.6,32.6,373.0,4.6,118.0,3.8
2026-03-07 19:00:00,2026,3,7,19,Thanh Hóa,Xã Xuân Chinh,19.7941161,105.2068756,99,Moderate,1,20.7,91,0.0,3.5,78,1006.3,26,38.0,40.4,378.0,6.3,113.0,5.0
2026-03-07 20:00:00,2026,3,7,20,Thanh Hóa,Xã Xuân Chinh,19.7941161,105.2068756,99,Moderate,1,19.9,94,0.0,2.9,94,1007.2,98,37.4,39.8,383.0,7.2,107.0,5.5
2026-03-07 21:00:00,2026,3,7,21,Thanh Hóa,Xã Xuân Chinh,19.7941161,105.2068756,99,Moderate,1,19.7,95,0.1,0.5,315,1008.2,100,38.2,40.7,389.0,8.6,99.0,6.2
2026-03-07 22:00:00,2026,3,7,22,Thanh Hóa,Xã Xuân Chinh,19.7941161,105.2068756,98,Moderate,1,20.2,96,0.0,1.1,9,1008.7,100,40.3,43.1,394.0,9.7,92.0,6.6
2026-03-07 23:00:00,2026,3,7,23,Thanh Hóa,Xã Xuân Chinh,19.7941161,105.2068756,99,Moderate,1,20.4,96,0.0,0.6,252,1008.8,100,42.0,44.8,395.0,10.6,86.0,6.6
2026-03-08 00:00:00,2026,3,8,0,Thanh Hóa,Xã Xuân Chinh,19.7941161,105.2068756,99,Moderate,1,20.4,98,0.0,1.2,243,1008.7,100,44.0,46.9,395.0,11.3,81.0,6.4
2026-03-08 01:00:00,2026,3,8,1,Thanh Hóa,Xã Xuân Chinh,19.7941161,105.2068756,99,Moderate,1,20.0,100,0.0,0.8,117,1008.3,100,44.9,47.7,394.0,11.5,77.0,6.2
2026-03-08 02:00:00,2026,3,8,2,Thanh Hóa,Xã Xuân Chinh,19.7941161,105.2068756,100,Moderate,1,20.5,100,0.0,0.6,342,1007.6,100,45.9,48.5,393.0,10.9,76.0,6.1
2026-03-08 03:00:00,2026,3,8,3,Thanh Hóa,Xã Xuân Chinh,19.7941161,105.2068756,100,Moderate,1,20.6,99,0.3,1.0,315,1007.2,100,44.7,47.5,392.0,9.8,78.0,6.0
2026-03-08 04:00:00,2026,3,8,4,Thanh Hóa,Xã Xuân Chinh,19.7941161,105.2068756,100,Moderate,1,20.6,100,0.4,3.1,140,1006.9,100,44.1,47.0,395.0,8.9,79.0,6.0
2026-03-08 05:00:00,2026,3,8,5,Thanh Hóa,Xã Xuân Chinh,19.7941161,105.2068756,100,Moderate,1,20.5,100,0.1,3.1,118,1007.2,100,43.5,46.4,409.0,8.5,78.0,6.2
2026-03-08 06:00:00,2026,3,8,6,Thanh Hóa,Xã Xuân Chinh,19.7941161,105.2068756,100,Moderate,1,20.5,100,0.1,4.2,149,1007.7,100,42.5,45.3,426.0,8.2,77.0,6.4
2026-03-08 07:00:00,2026,3,8,7,Thanh Hóa,Xã Xuân Chinh,19.7941161,105.2068756,100,Moderate,1,20.9,99,0.0,3.8,175,1008.1,100,50.5,54.7,425.0,10.0,72.0,5.6
2026-03-08 08:00:00,2026,3,8,8,Thanh Hóa,Xã Xuân Chinh,19.7941161,105.2068756,102,Unhealthy for Sensitive Groups,2,21.4,98,0.0,5.1,174,1008.8,45,35.9,40.7,389.0,7.6,82.0,4.8
2026-03-08 09:00:00,2026,3,8,9,Thanh Hóa,Xã Xuân Chinh,19.7941161,105.2068756,103,Unhealthy for Sensitive Groups,2,22.9,86,0.0,6.9,157,1009.1,59,27.6,32.6,334.0,4.4,97.0,3.7
2026-03-08 10:00:00,2026,3,8,10,Thanh Hóa,Xã Xuân Chinh,19.7941161,105.2068756,103,Unhealthy for Sensitive Groups,2,24.5,75,0.1,8.5,155,1009.1,67,24.8,29.6,290.0,1.9,108.0,2.8
2026-03-08 11:00:00,2026,3,8,11,Thanh Hóa,Xã Xuân Chinh,19.7941161,105.2068756,102,Unhealthy for Sensitive Groups,2,25.3,70,0.1,9.0,147,1008.5,100,23.6,28.1,269.0,1.1,112.0,2.4
2026-03-08 12:00:00,2026,3,8,12,Thanh Hóa,Xã Xuân Chinh,19.7941161,105.2068756,102,Unhealthy for Sensitive Groups,2,24.9,73,0.0,9.0,149,1007.5,100,23.8,28.1,258.0,1.1,113.0,2.3
2026-03-08 13:00:00,2026,3,8,13,Thanh Hóa,Xã Xuân Chinh,19.7941161,105.2068756,101,Unhealthy for Sensitive Groups,2,25.6,69,0.0,9.2,149,1006.3,100,23.1,26.9,252.0,1.2,114.0,2.2
2026-03-08 14:00:00,2026,3,8,14,Thanh Hóa,Xã Xuân Chinh,19.7941161,105.2068756,101,Unhealthy for Sensitive Groups,2,25.1,72,0.0,7.7,144,1005.6,100,21.5,24.7,248.0,1.0,116.0,2.0
2026-03-08 15:00:00,2026,3,8,15,Thanh Hóa,Xã Xuân Chinh,19.7941161,105.2068756,100,Moderate,1,25.3,72,0.1,7.8,146,1004.8,98,19.6,22.4,248.0,0.9,118.0,1.8
2026-03-08 16:00:00,2026,3,8,16,Thanh Hóa,Xã Xuân Chinh,19.7941161,105.2068756,99,Moderate,1,25.5,69,0.0,7.5,134,1004.3,100,17.9,20.7,251.0,1.3,117.0,1.8
2026-03-08 17:00:00,2026,3,8,17,Thanh Hóa,Xã Xuân Chinh,19.7941161,105.2068756,98,Moderate,1,25.2,67,0.0,7.9,133,1004.5,92,16.7,19.7,256.0,2.4,111.0,2.1
2026-03-08 18:00:00,2026,3,8,18,Thanh Hóa,Xã Xuân Chinh,19.7941161,105.2068756,97,Moderate,1,23.2,75,0.0,6.2,136,1005.0,23,15.7,18.3,263.0,3.9,102.0,2.5
2026-03-08 19:00:00,2026,3,8,19,Thanh Hóa,Xã Xuân Chinh,19.7941161,105.2068756,96,Moderate,1,21.8,84,0.0,3.8,139,1006.2,16,20.7,23.9,271.0,5.6,94.0,3.1
2026-03-08 20:00:00,2026,3,8,20,Thanh Hóa,Xã Xuân Chinh,19.7941161,105.2068756,94,Moderate,1,21.1,88,0.0,3.5,152,1007.4,53,21.5,25.1,280.0,6.5,89.0,3.3
2026-03-08 21:00:00,2026,3,8,21,Thanh Hóa,Xã Xuân Chinh,19.7941161,105.2068756,93,Moderate,1,20.6,93,0.1,3.3,189,1008.0,44,22.3,26.0,290.0,7.7,81.0,3.7
2026-03-08 22:00:00,2026,3,8,22,Thanh Hóa,Xã Xuân Chinh,19.7941161,105.2068756,92,Moderate,1,20.3,95,0.1,1.5,216,1008.9,58,23.5,27.4,297.0,8.8,74.0,3.9
2026-03-08 23:00:00,2026,3,8,23,Thanh Hóa,Xã Xuân Chinh,19.7941161,105.2068756,90,Moderate,1,20.6,95,0.1,1.3,225,1009.4,100,25.1,29.5,300.0,9.6,69.0,4.0
2026-03-09 00:00:00,2026,3,9,0,Thanh Hóa,Xã Xuân Chinh,19.7941161,105.2068756,89,Moderate,1,20.5,97,0.1,2.0,175,1009.5,100,26.7,31.3,300.0,10.1,65.0,3.9
2026-03-09 01:00:00,2026,3,9,1,Thanh Hóa,Xã Xuân Chinh,19.7941161,105.2068756,87,Moderate,1,20.7,99,0.0,2.0,175,1008.7,60,27.9,32.2,300.0,10.3,62.0,3.8
2026-03-09 02:00:00,2026,3,9,2,Thanh Hóa,Xã Xuân Chinh,19.7941161,105.2068756,86,Moderate,1,20.7,100,0.0,0.3,315,1008.6,98,28.7,31.7,298.0,9.8,61.0,3.5
2026-03-09 03:00:00,2026,3,9,3,Thanh Hóa,Xã Xuân Chinh,19.7941161,105.2068756,84,Moderate,1,20.6,99,0.0,0.3,45,1008.1,70,32.1,35.4,296.0,8.9,62.0,3.1
2026-03-09 04:00:00,2026,3,9,4,Thanh Hóa,Xã Xuân Chinh,19.7941161,105.2068756,83,Moderate,1,20.4,100,0.0,1.5,69,1007.9,100,34.0,37.3,298.0,8.0,64.0,3.0
2026-03-09 05:00:00,2026,3,9,5,Thanh Hóa,Xã Xuân Chinh,19.7941161,105.2068756,82,Moderate,1,20.3,100,0.0,0.5,360,1008.6,100,35.0,38.4,310.0,7.1,69.0,3.5
2026-03-09 06:00:00,2026,3,9,6,Thanh Hóa,Xã Xuân Chinh,19.7941161,105.2068756,81,Moderate,1,20.1,100,0.2,1.9,56,1009.0,100,37.0,40.2,326.0,6.2,75.0,4.3
2026-03-09 07:00:00,2026,3,9,7,Thanh Hóa,Xã Xuân Chinh,19.7941161,105.2068756,81,Moderate,1,20.7,99,0.3,4.0,69,1009.7,99,41.1,44.9,332.0,8.6,65.0,2.1
2026-03-09 08:00:00,2026,3,9,8,Thanh Hóa,Xã Xuân Chinh,19.7941161,105.2068756,80,Moderate,1,21.0,97,0.1,3.7,67,1010.5,72,29.8,33.3,318.0,6.9,75.0,2.2
2026-03-09 09:00:00,2026,3,9,9,Thanh Hóa,Xã Xuân Chinh,19.7941161,105.2068756,79,Moderate,1,22.1,89,0.1,4.6,59,1011.2,98,24.5,27.8,294.0,4.6,89.0,2.4
2026-03-09 10:00:00,2026,3,9,10,Thanh Hóa,Xã Xuân Chinh,19.7941161,105.2068756,79,Moderate,1,23.3,82,0.1,7.0,55,1011.8,100,19.2,22.1,275.0,2.9,100.0,3.4
2026-03-09 11:00:00,2026,3,9,11,Thanh Hóa,Xã Xuân Chinh,19.7941161,105.2068756,79,Moderate,1,24.1,77,0.1,7.5,57,1011.4,100,17.5,20.0,269.0,2.6,106.0,5.9
2026-03-09 12:00:00,2026,3,9,12,Thanh Hóa,Xã Xuân Chinh,19.7941161,105.2068756,78,Moderate,1,24.1,77,0.2,8.2,57,1010.7,100,16.7,18.7,269.0,2.9,109.0,9.1
2026-03-09 13:00:00,2026,3,9,13,Thanh Hóa,Xã Xuân Chinh,19.7941161,105.2068756,77,Moderate,1,24.4,76,1.0,8.8,47,1009.8,100,17.1,18.7,268.0,3.4,111.0,11.3
2026-03-09 14:00:00,2026,3,9,14,Thanh Hóa,Xã Xuân Chinh,19.7941161,105.2068756,77,Moderate,1,23.0,90,1.0,9.5,53,1009.3,100,17.1,18.5,252.0,3.6,112.0,11.2
2026-03-09 15:00:00,2026,3,9,15,Thanh Hóa,Xã Xuân Chinh,19.7941161,105.2068756,77,Moderate,1,21.6,98,1.9,11.1,56,1009.4,100,15.1,16.2,235.0,4.0,111.0,10.2
2026-03-09 16:00:00,2026,3,9,16,Thanh Hóa,Xã Xuân Chinh,19.7941161,105.2068756,76,Moderate,1,20.9,98,3.0,14.3,44,1009.9,100,14.2,15.1,255.0,5.3,106.0,10.4
2026-03-09 17:00:00,2026,3,9,17,Thanh Hóa,Xã Xuân Chinh,19.7941161,105.2068756,76,Moderate,1,18.4,99,4.5,13.0,19,1011.1,100,15.9,16.6,351.0,8.6,95.0,13.7
2026-03-09 18:00:00,2026,3,9,18,Thanh Hóa,Xã Xuân Chinh,19.7941161,105.2068756,76,Moderate,1,17.4,98,1.6,14.4,20,1011.7,100,17.8,18.1,483.0,12.7,80.0,18.3
2026-03-09 19:00:00,2026,3,9,19,Thanh Hóa,Xã Xuân Chinh,19.7941161,105.2068756,76,Moderate,1,18.0,95,0.9,12.1,7,1012.0,100,17.2,17.3,569.0,15.8,64.0,22.9
2026-03-09 20:00:00,2026,3,9,20,Thanh Hóa,Xã Xuân Chinh,19.7941161,105.2068756,76,Moderate,1,17.7,97,0.2,11.4,16,1013.0,100,14.5,14.6,562.0,14.2,66.0,21.0
2026-03-09 21:00:00,2026,3,9,21,Thanh Hóa,Xã Xuân Chinh,19.7941161,105.2068756,75,Moderate,1,17.5,96,0.2,11.7,23,1013.7,100,12.9,13.0,508.0,12.0,68.0,18.4
2026-03-09 22:00:00,2026,3,9,22,Thanh Hóa,Xã Xuân Chinh,19.7941161,105.2068756,74,Moderate,1,17.1,94,0.2,11.1,20,1014.5,100,12.7,12.7,465.0,10.3,69.0,16.1
2026-03-09 23:00:00,2026,3,9,23,Thanh Hóa,Xã Xuân Chinh,19.7941161,105.2068756,73,Moderate,1,17.3,89,0.2,10.3,19,1014.8,100,13.3,13.4,452.0,9.5,69.0,14.5
2026-03-10 00:00:00,2026,3,10,0,Thanh Hóa,Xã Xuân Chinh,19.7941161,105.2068756,72,Moderate,1,16.7,94,0.2,10.9,20,1014.9,100,13.9,13.9,450.0,9.2,68.0,13.2
2026-03-10 01:00:00,2026,3,10,1,Thanh Hóa,Xã Xuân Chinh,19.7941161,105.2068756,71,Moderate,1,17.0,91,0.2,11.2,26,1014.2,100,14.2,14.3,452.0,8.9,68.0,12.1
2026-03-10 02:00:00,2026,3,10,2,Thanh Hóa,Xã Xuân Chinh,19.7941161,105.2068756,70,Moderate,1,16.8,89,0.0,11.2,22,1014.1,100,14.3,14.4,457.0,8.4,68.0,11.1
2026-03-10 03:00:00,2026,3,10,3,Thanh Hóa,Xã Xuân Chinh,19.7941161,105.2068756,69,Moderate,1,16.7,87,0.0,10.1,22,1013.7,100,14.5,14.6,468.0,7.8,69.0,10.4
2026-03-10 04:00:00,2026,3,10,4,Thanh Hóa,Xã Xuân Chinh,19.7941161,105.2068756,67,Moderate,1,16.6,86,0.0,7.3,23,1013.3,95,13.9,14.1,480.0,7.4,69.0,9.7
2026-03-10 05:00:00,2026,3,10,5,Thanh Hóa,Xã Xuân Chinh,19.7941161,105.2068756,65,Moderate,1,16.7,86,0.0,6.4,18,1013.6,88,13.9,14.1,499.0,7.3,66.0,9.1
2026-03-10 06:00:00,2026,3,10,6,Thanh Hóa,Xã Xuân Chinh,19.7941161,105.2068756,63,Moderate,1,16.7,85,0.0,8.1,29,1013.7,36,13.9,14.1,520.0,7.4,63.0,8.6
2026-03-10 07:00:00,2026,3,10,7,Thanh Hóa,Xã Xuân Chinh,19.7941161,105.2068756,61,Moderate,1,16.7,92,0.0,6.8,48,1014.6,100,0.6,0.6,530.0,9.1,70.0,11.5
2026-03-10 08:00:00,2026,3,10,8,Thanh Hóa,Xã Xuân Chinh,19.7941161,105.2068756,58,Moderate,1,17.3,80,0.0,8.7,40,1015.5,98,0.8,0.9,520.0,8.0,75.0,11.1
2026-03-10 09:00:00,2026,3,10,9,Thanh Hóa,Xã Xuân Chinh,19.7941161,105.2068756,55,Moderate,1,18.5,65,0.0,11.9,29,1015.7,53,1.0,1.0,498.0,6.5,83.0,10.5
2026-03-10 10:00:00,2026,3,10,10,Thanh Hóa,Xã Xuân Chinh,19.7941161,105.2068756,53,Moderate,1,20.1,54,0.0,14.3,24,1015.6,63,1.5,1.5,477.0,5.1,92.0,9.9
2026-03-10 11:00:00,2026,3,10,11,Thanh Hóa,Xã Xuân Chinh,19.7941161,105.2068756,51,Moderate,1,21.2,50,0.0,14.2,26,1014.6,65,2.4,2.4,459.0,3.8,105.0,9.0
2026-03-10 12:00:00,2026,3,10,12,Thanh Hóa,Xã Xuân Chinh,19.7941161,105.2068756,50,Good,0,22.1,48,0.0,12.7,31,1013.0,98,3.6,3.7,442.0,2.5,119.0,8.1
2026-03-10 13:00:00,2026,3,10,13,Thanh Hóa,Xã Xuân Chinh,19.7941161,105.2068756,48,Good,0,21.9,49,0.0,11.6,37,1012.2,20,4.9,4.9,433.0,1.6,132.0,7.8
2026-03-10 14:00:00,2026,3,10,14,Thanh Hóa,Xã Xuân Chinh,19.7941161,105.2068756,46,Good,0,22.1,50,0.0,9.6,43,1011.1,40,6.2,6.2,439.0,1.3,142.0,8.6
2026-03-10 15:00:00,2026,3,10,15,Thanh Hóa,Xã Xuân Chinh,19.7941161,105.2068756,47,Good,0,22.4,50,0.0,9.3,50,1010.1,48,7.8,7.8,453.0,1.4,149.0,10.0
2026-03-10 16:00:00,2026,3,10,16,Thanh Hóa,Xã Xuân Chinh,19.7941161,105.2068756,57,Moderate,1,22.1,52,0.0,8.8,62,1009.8,3,9.8,9.8,467.0,2.0,152.0,11.5
2026-03-10 17:00:00,2026,3,10,17,Thanh Hóa,Xã Xuân Chinh,19.7941161,105.2068756,74,Moderate,1,21.1,56,0.0,7.3,83,1009.6,1,12.0,12.0,477.0,3.5,147.0,13.1
2026-03-10 18:00:00,2026,3,10,18,Thanh Hóa,Xã Xuân Chinh,19.7941161,105.2068756,87,Moderate,1,19.0,71,0.0,2.9,90,1009.6,1,14.4,14.4,486.0,5.5,137.0,14.9
2026-03-10 19:00:00,2026,3,10,19,Thanh Hóa,Xã Xuân Chinh,19.7941161,105.2068756,97,Moderate,1,17.8,76,0.0,1.9,73,1010.6,0,21.0,21.2,496.0,7.3,125.0,19.9
2026-03-10 20:00:00,2026,3,10,20,Thanh Hóa,Xã Xuân Chinh,19.7941161,105.2068756,101,Unhealthy for Sensitive Groups,2,16.8,82,0.0,3.3,135,1011.1,1,23.1,23.3,508.0,8.3,121.0,20.6
2026-03-10 21:00:00,2026,3,10,21,Thanh Hóa,Xã Xuân Chinh,19.7941161,105.2068756,102,Unhealthy for Sensitive Groups,2,16.4,86,0.0,1.6,174,1011.7,2,25.1,25.3,521.0,9.8,114.0,21.5
2026-03-10 22:00:00,2026,3,10,22,Thanh Hóa,Xã Xuân Chinh,19.7941161,105.2068756,98,Moderate,1,16.1,87,0.0,1.5,210,1012.1,15,27.3,27.5,529.0,11.1,107.0,21.9
2026-03-10 23:00:00,2026,3,10,23,Thanh Hóa,Xã Xuân Chinh,19.7941161,105.2068756,90,Moderate,1,15.7,89,0.0,2.0,225,1011.9,17,29.6,29.9,527.0,12.2,99.0,21.6
2026-03-11 00:00:00,2026,3,11,0,Thanh Hóa,Xã Xuân Chinh,19.7941161,105.2068756,80,Moderate,1,15.4,90,0.0,2.3,238,1011.4,15,31.9,32.1,521.0,13.2,91.0,20.9
2026-03-11 01:00:00,2026,3,11,1,Thanh Hóa,Xã Xuân Chinh,19.7941161,105.2068756,67,Moderate,1,15.1,93,0.0,2.3,225,1011.0,20,33.3,33.4,516.0,13.7,82.0,19.7
2026-03-11 02:00:00,2026,3,11,2,Thanh Hóa,Xã Xuân Chinh,19.7941161,105.2068756,53,Moderate,1,15.6,93,0.0,2.3,252,1010.6,48,33.6,33.9,513.0,13.6,73.0,17.8
2026-03-11 03:00:00,2026,3,11,3,Thanh Hóa,Xã Xuân Chinh,19.7941161,105.2068756,55,Moderate,1,15.7,93,0.0,1.5,256,1010.3,21,34.8,34.9,512.0,13.0,64.0,15.4
2026-03-11 04:00:00,2026,3,11,4,Thanh Hóa,Xã Xuân Chinh,19.7941161,105.2068756,57,Moderate,1,15.6,93,0.0,0.9,270,1009.9,22,35.6,35.7,519.0,12.3,57.0,13.4
2026-03-11 05:00:00,2026,3,11,5,Thanh Hóa,Xã Xuân Chinh,19.7941161,105.2068756,59,Moderate,1,15.6,92,0.0,0.9,281,1010.0,16,35.4,35.4,548.0,11.6,49.0,11.9
2026-03-11 06:00:00,2026,3,11,6,Thanh Hóa,Xã Xuân Chinh,19.7941161,105.2068756,61,Moderate,1,15.7,91,0.0,1.4,293,1010.1,27,35.2,35.2,585.0,10.8,43.0,10.7
2026-03-11 07:00:00,2026,3,11,7,Thanh Hóa,Xã Xuân Chinh,19.7941161,105.2068756,63,Moderate,1,16.5,91,0.0,3.3,292,1010.6,26,38.1,38.2,594.0,7.6,61.0,12.7
2026-03-11 08:00:00,2026,3,11,8,Thanh Hóa,Xã Xuân Chinh,19.7941161,105.2068756,66,Moderate,1,18.7,80,0.0,2.9,7,1011.0,7,34.0,34.1,549.0,5.9,78.0,12.9
2026-03-11 09:00:00,2026,3,11,9,Thanh Hóa,Xã Xuân Chinh,19.7941161,105.2068756,69,Moderate,1,20.2,71,0.0,3.2,63,1011.4,99,21.2,21.5,477.0,3.7,101.0,13.2
2026-03-11 10:00:00,2026,3,11,10,Thanh Hóa,Xã Xuân Chinh,19.7941161,105.2068756,71,Moderate,1,21.0,69,0.1,3.8,79,1011.3,100,16.9,17.4,422.0,2.1,118.0,12.9
2026-03-11 11:00:00,2026,3,11,11,Thanh Hóa,Xã Xuân Chinh,19.7941161,105.2068756,72,Moderate,1,21.5,68,0.0,4.0,87,1010.4,100,16.3,16.8,401.0,1.9,121.0,11.7
2026-03-11 12:00:00,2026,3,11,12,Thanh Hóa,Xã Xuân Chinh,19.7941161,105.2068756,73,Moderate,1,21.9,68,0.1,4.9,80,1009.1,100,17.9,18.6,398.0,2.3,118.0,10.0
2026-03-11 13:00:00,2026,3,11,13,Thanh Hóa,Xã Xuân Chinh,19.7941161,105.2068756,75,Moderate,1,21.7,69,0.0,6.5,84,1008.4,100,21.9,22.8,399.0,2.8,116.0,8.7
2026-03-11 14:00:00,2026,3,11,14,Thanh Hóa,Xã Xuân Chinh,19.7941161,105.2068756,76,Moderate,1,22.1,68,0.1,4.7,92,1007.2,100,25.0,25.9,403.0,3.0,118.0,8.3
2026-03-11 15:00:00,2026,3,11,15,Thanh Hóa,Xã Xuân Chinh,19.7941161,105.2068756,78,Moderate,1,22.1,68,0.0,7.8,95,1006.4,100,27.8,28.7,412.0,3.1,120.0,8.2
2026-03-11 16:00:00,2026,3,11,16,Thanh Hóa,Xã Xuân Chinh,19.7941161,105.2068756,80,Moderate,1,21.7,70,0.0,8.5,85,1006.1,100,28.9,29.7,425.0,3.7,120.0,8.5
2026-03-11 17:00:00,2026,3,11,17,Thanh Hóa,Xã Xuân Chinh,19.7941161,105.2068756,81,Moderate,1,20.9,73,0.0,7.2,76,1006.2,100,29.8,30.6,446.0,4.9,116.0,9.0
2026-03-11 18:00:00,2026,3,11,18,Thanh Hóa,Xã Xuân Chinh,19.7941161,105.2068756,83,Moderate,1,20.2,80,0.0,5.9,70,1006.4,100,30.4,31.1,471.0,6.5,109.0,9.9
2026-03-11 19:00:00,2026,3,11,19,Thanh Hóa,Xã Xuân Chinh,19.7941161,105.2068756,84,Moderate,1,19.8,86,0.0,6.2,80,1007.3,100,35.2,35.9,489.0,9.5,100.0,12.8
2026-03-11 20:00:00,2026,3,11,20,Thanh Hóa,Xã Xuân Chinh,19.7941161,105.2068756,85,Moderate,1,19.0,92,0.0,2.3,51,1008.4,98,37.3,38.0,494.0,10.9,94.0,13.9
2026-03-11 21:00:00,2026,3,11,21,Thanh Hóa,Xã Xuân Chinh,19.7941161,105.2068756,87,Moderate,1,18.6,95,0.0,1.5,120,1009.0,98,40.0,40.7,492.0,12.9,85.0,15.4
2026-03-11 22:00:00,2026,3,11,22,Thanh Hóa,Xã Xuân Chinh,19.7941161,105.2068756,88,Moderate,1,18.4,95,0.0,0.6,72,1009.5,93,45.2,45.9,488.0,14.7,77.0,16.7
2026-03-11 23:00:00,2026,3,11,23,Thanh Hóa,Xã Xuân Chinh,19.7941161,105.2068756,90,Moderate,1,17.9,96,0.0,0.7,346,1009.0,48,49.0,49.7,481.0,16.2,70.0,17.6
2026-03-12 00:00:00,2026,3,12,0,Thanh Hóa,Xã Xuân Chinh,19.7941161,105.2068756,91,Moderate,1,17.7,97,0.0,1.2,297,1009.1,98,51.0,51.7,473.0,17.4,64.0,18.4
2026-03-12 01:00:00,2026,3,12,1,Thanh Hóa,Xã Xuân Chinh,19.7941161,105.2068756,93,Moderate,1,18.4,97,0.0,1.3,326,1008.9,100,52.7,53.4,465.0,18.3,58.0,18.9
2026-03-12 02:00:00,2026,3,12,2,Thanh Hóa,Xã Xuân Chinh,19.7941161,105.2068756,95,Moderate,1,18.8,94,0.0,1.5,353,1008.1,100,53.8,54.4,457.0,18.7,53.0,19.1
2026-03-12 03:00:00,2026,3,12,3,Thanh Hóa,Xã Xuân Chinh,19.7941161,105.2068756,97,Moderate,1,18.9,91,0.0,1.7,342,1008.0,100,54.5,55.1,451.0,18.7,50.0,19.1
2026-03-12 04:00:00,2026,3,12,4,Thanh Hóa,Xã Xuân Chinh,19.7941161,105.2068756,98,Moderate,1,18.9,90,0.0,2.9,353,1008.1,100,54.8,55.4,455.0,18.2,47.0,19.3
2026-03-12 05:00:00,2026,3,12,5,Thanh Hóa,Xã Xuân Chinh,19.7941161,105.2068756,100,Moderate,1,18.9,90,0.0,3.7,51,1008.6,100,54.8,55.3,479.0,17.1,44.0,19.5
2026-03-12 06:00:00,2026,3,12,6,Thanh Hóa,Xã Xuân Chinh,19.7941161,105.2068756,102,Unhealthy for Sensitive Groups,2,18.7,91,0.0,4.1,38,1009.3,100,55.8,56.2,514.0,15.5,42.0,20.0
2026-03-12 07:00:00,2026,3,12,7,Thanh Hóa,Xã Xuân Chinh,19.7941161,105.2068756,104,Unhealthy for Sensitive Groups,2,19.0,90,0.0,4.1,23,1010.0,100,57.4,58.0,535.0,12.7,44.0,26.4
2026-03-12 08:00:00,2026,3,12,8,Thanh Hóa,Xã Xuân Chinh,19.7941161,105.2068756,106,Unhealthy for Sensitive Groups,2,19.7,84,0.0,4.9,6,1010.9,100,51.6,52.2,529.0,12.9,56.0,34.4
2026-03-12 09:00:00,2026,3,12,9,Thanh Hóa,Xã Xuân Chinh,19.7941161,105.2068756,108,Unhealthy for Sensitive Groups,2,20.6,75,0.0,6.6,26,1011.2,100,45.8,46.3,509.0,13.1,73.0,45.1
2026-03-12 10:00:00,2026,3,12,10,Thanh Hóa,Xã Xuân Chinh,19.7941161,105.2068756,111,Unhealthy for Sensitive Groups,2,21.6,68,0.0,9.2,35,1011.2,97,42.5,43.1,494.0,12.6,91.0,50.7
2026-03-12 11:00:00,2026,3,12,11,Thanh Hóa,Xã Xuân Chinh,19.7941161,105.2068756,113,Unhealthy for Sensitive Groups,2,22.9,63,0.0,12.5,46,1010.6,100,40.2,40.7,492.0,10.9,109.0,46.3
2026-03-12 12:00:00,2026,3,12,12,Thanh Hóa,Xã Xuân Chinh,19.7941161,105.2068756,116,Unhealthy for Sensitive Groups,2,22.4,65,0.0,11.9,49,1009.5,100,40.5,41.2,496.0,8.5,127.0,36.7
2026-03-12 13:00:00,2026,3,12,13,Thanh Hóa,Xã Xuân Chinh,19.7941161,105.2068756,118,Unhealthy for Sensitive Groups,2,22.4,63,0.0,9.9,52,1008.8,98,42.7,43.4,501.0,6.9,141.0,29.1
2026-03-12 14:00:00,2026,3,12,14,Thanh Hóa,Xã Xuân Chinh,19.7941161,105.2068756,120,Unhealthy for Sensitive Groups,2,22.2,63,0.0,9.5,53,1007.9,94,45.3,46.0,509.0,6.5,149.0,26.4
2026-03-12 15:00:00,2026,3,12,15,Thanh Hóa,Xã Xuân Chinh,19.7941161,105.2068756,122,Unhealthy for Sensitive Groups,2,22.4,63,0.0,9.4,54,1007.1,57,46.8,47.5,519.0,6.8,152.0,25.7
2026-03-12 16:00:00,2026,3,12,16,Thanh Hóa,Xã Xuân Chinh,19.7941161,105.2068756,124,Unhealthy for Sensitive Groups,2,22.6,62,0.0,10.2,53,1006.7,77,47.6,48.3,525.0,7.4,150.0,24.9
2026-03-12 17:00:00,2026,3,12,17,Thanh Hóa,Xã Xuân Chinh,19.7941161,105.2068756,126,Unhealthy for Sensitive Groups,2,21.9,64,0.0,8.7,47,1006.7,98,47.3,47.8,524.0,8.4,142.0,23.2
2026-03-12 18:00:00,2026,3,12,18,Thanh Hóa,Xã Xuân Chinh,19.7941161,105.2068756,128,Unhealthy for Sensitive Groups,2,21.0,71,0.0,5.0,41,1007.3,100,45.8,46.2,519.0,9.6,129.0,21.4
2026-03-12 19:00:00,2026,3,12,19,Thanh Hóa,Xã Xuân Chinh,19.7941161,105.2068756,130,Unhealthy for Sensitive Groups,2,20.4,76,0.0,5.7,28,1007.9,99,52.0,52.6,514.0,11.6,114.0,22.3
2026-03-12 20:00:00,2026,3,12,20,Thanh Hóa,Xã Xuân Chinh,19.7941161,105.2068756,132,Unhealthy for Sensitive Groups,2,19.7,81,0.1,3.8,87,1008.9,89,48.2,48.9,512.0,11.8,110.0,20.8
2026-03-12 21:00:00,2026,3,12,21,Thanh Hóa,Xã Xuân Chinh,19.7941161,105.2068756,133,Unhealthy for Sensitive Groups,2,19.0,84,0.0,0.8,63,1009.1,19,46.2,47.0,511.0,12.1,104.0,18.8
2026-03-12 22:00:00,2026,3,12,22,Thanh Hóa,Xã Xuân Chinh,19.7941161,105.2068756,133,Unhealthy for Sensitive Groups,2,18.0,87,0.0,1.3,214,1009.9,5,47.8,48.8,508.0,12.7,97.0,17.5
2026-03-12 23:00:00,2026,3,12,23,Thanh Hóa,Xã Xuân Chinh,19.7941161,105.2068756,134,Unhealthy for Sensitive Groups,2,17.8,86,0.0,0.4,270,1010.2,31,51.3,52.4,504.0,13.8,89.0,17.5
2026-03-13 00:00:00,2026,3,13,0,Thanh Hóa,Xã Xuân Chinh,19.7941161,105.2068756,134,Unhealthy for Sensitive Groups,2,17.8,86,0.0,2.1,301,1010.1,50,55.6,56.5,499.0,15.2,81.0,18.0
2026-03-13 01:00:00,2026,3,13,1,Thanh Hóa,Xã Xuân Chinh,19.7941161,105.2068756,134,Unhealthy for Sensitive Groups,2,18.4,85,0.0,2.7,298,1010.1,95,58.8,59.6,490.0,15.9,74.0,18.5
2026-03-13 02:00:00,2026,3,13,2,Thanh Hóa,Xã Xuân Chinh,19.7941161,105.2068756,135,Unhealthy for Sensitive Groups,2,18.9,82,0.0,3.5,305,1009.4,97,60.5,61.2,473.0,15.5,69.0,18.4
2026-03-13 03:00:00,2026,3,13,3,Thanh Hóa,Xã Xuân Chinh,19.7941161,105.2068756,136,Unhealthy for Sensitive Groups,2,18.7,82,0.0,3.7,331,1009.2,98,61.5,62.2,454.0,14.5,65.0,18.1
2026-03-13 04:00:00,2026,3,13,4,Thanh Hóa,Xã Xuân Chinh,19.7941161,105.2068756,136,Unhealthy for Sensitive Groups,2,18.9,78,0.0,3.8,352,1009.2,95,61.9,62.6,444.0,13.5,62.0,18.2
2026-03-13 05:00:00,2026,3,13,5,Thanh Hóa,Xã Xuân Chinh,19.7941161,105.2068756,137,Unhealthy for Sensitive Groups,2,19.0,73,0.0,5.0,358,1009.7,98,62.4,62.9,456.0,13.0,58.0,19.0
2026-03-13 06:00:00,2026,3,13,6,Thanh Hóa,Xã Xuân Chinh,19.7941161,105.2068756,138,Unhealthy for Sensitive Groups,2,19.1,71,0.0,5.4,358,1010.5,99,63.1,63.8,479.0,12.5,54.0,20.0
2026-03-13 07:00:00,2026,3,13,7,Thanh Hóa,Xã Xuân Chinh,19.7941161,105.2068756,139,Unhealthy for Sensitive Groups,2,19.3,77,0.0,5.7,349,1010.8,99,62.4,63.1,487.0,11.1,58.0,18.3
2026-03-13 08:00:00,2026,3,13,8,Thanh Hóa,Xã Xuân Chinh,19.7941161,105.2068756,139,Unhealthy for Sensitive Groups,2,20.1,72,0.0,6.6,29,1011.7,86,45.6,46.7,467.0,9.6,79.0,19.5
2026-03-13 09:00:00,2026,3,13,9,Thanh Hóa,Xã Xuân Chinh,19.7941161,105.2068756,139,Unhealthy for Sensitive Groups,2,20.8,68,0.0,10.1,27,1012.5,82,31.1,32.5,433.0,7.4,109.0,21.1
2026-03-13 10:00:00,2026,3,13,10,Thanh Hóa,Xã Xuân Chinh,19.7941161,105.2068756,137,Unhealthy for Sensitive Groups,2,21.3,68,0.0,9.7,24,1012.5,59,29.4,30.9,404.0,5.5,133.0,21.4
2026-03-13 11:00:00,2026,3,13,11,Thanh Hóa,Xã Xuân Chinh,19.7941161,105.2068756,136,Unhealthy for Sensitive Groups,2,22.5,60,0.0,10.1,33,1011.9,38,27.0,28.3,389.0,4.1,146.0,19.1
2026-03-13 12:00:00,2026,3,13,12,Thanh Hóa,Xã Xuân Chinh,19.7941161,105.2068756,134,Unhealthy for Sensitive Groups,2,23.3,54,0.0,9.7,51,1010.8,27,24.8,26.1,379.0,3.0,153.0,15.6
2026-03-13 13:00:00,2026,3,13,13,Thanh Hóa,Xã Xuân Chinh,19.7941161,105.2068756,133,Unhealthy for Sensitive Groups,2,23.7,51,0.0,10.8,62,1010.0,50,23.7,25.1,368.0,2.3,157.0,12.6
2026-03-13 14:00:00,2026,3,13,14,Thanh Hóa,Xã Xuân Chinh,19.7941161,105.2068756,131,Unhealthy for Sensitive Groups,2,23.8,50,0.0,9.9,71,1008.6,52,24.6,26.1,350.0,2.2,158.0,11.0
2026-03-13 15:00:00,2026,3,13,15,Thanh Hóa,Xã Xuân Chinh,19.7941161,105.2068756,128,Unhealthy for Sensitive Groups,2,23.3,51,0.0,9.9,80,1007.9,95,26.1,27.9,331.0,2.5,155.0,10.1
2026-03-13 16:00:00,2026,3,13,16,Thanh Hóa,Xã Xuân Chinh,19.7941161,105.2068756,126,Unhealthy for Sensitive Groups,2,23.2,53,0.0,9.0,74,1007.9,59,26.0,28.3,320.0,3.0,150.0,9.2
2026-03-13 17:00:00,2026,3,13,17,Thanh Hóa,Xã Xuân Chinh,19.7941161,105.2068756,124,Unhealthy for Sensitive Groups,2,21.9,65,0.0,8.3,86,1007.8,11,24.0,26.4,324.0,3.7,143.0,8.1
2026-03-13 18:00:00,2026,3,13,18,Thanh Hóa,Xã Xuân Chinh,19.7941161,105.2068756,122,Unhealthy for Sensitive Groups,2,20.3,79,0.0,6.3,70,1008.4,35,21.8,24.1,336.0,4.6,133.0,7.1
2026-03-13 19:00:00,2026,3,13,19,Thanh Hóa,Xã Xuân Chinh,19.7941161,105.2068756,121,Unhealthy for Sensitive Groups,2,18.9,90,0.0,3.6,45,1009.4,61,27.0,29.7,346.0,6.4,120.0,10.2
2026-03-13 20:00:00,2026,3,13,20,Thanh Hóa,Xã Xuân Chinh,19.7941161,105.2068756,117,Unhealthy for Sensitive Groups,2,18.2,94,0.0,2.6,348,1010.0,16,27.4,30.0,350.0,7.2,112.0,10.5
2026-03-13 21:00:00,2026,3,13,21,Thanh Hóa,Xã Xuân Chinh,19.7941161,105.2068756,114,Unhealthy for Sensitive Groups,2,18.0,95,0.0,3.5,332,1010.8,36,26.6,29.2,352.0,8.3,101.0,11.0
2026-03-13 22:00:00,2026,3,13,22,Thanh Hóa,Xã Xuân Chinh,19.7941161,105.2068756,112,Unhealthy for Sensitive Groups,2,18.1,94,0.1,3.5,332,1011.2,62,27.9,30.4,352.0,9.3,92.0,11.8
2026-03-13 23:00:00,2026,3,13,23,Thanh Hóa,Xã Xuân Chinh,19.7941161,105.2068756,110,Unhealthy for Sensitive Groups,2,18.6,93,0.0,4.2,340,1011.2,82,29.4,31.9,348.0,10.0,86.0,13.0
2026-03-14 00:00:00,2026,3,14,0,Thanh Hóa,Xã Xuân Chinh,19.7941161,105.2068756,108,Unhealthy for Sensitive Groups,2,18.9,91,0.0,4.3,343,1010.7,83,31.7,34.2,341.0,10.5,82.0,14.5
2026-03-14 01:00:00,2026,3,14,1,Thanh Hóa,Xã Xuân Chinh,19.7941161,105.2068756,105,Unhealthy for Sensitive Groups,2,18.9,92,0.0,4.4,7,1010.5,87,33.6,36.3,336.0,10.9,78.0,15.7
2026-03-14 02:00:00,2026,3,14,2,Thanh Hóa,Xã Xuân Chinh,19.7941161,105.2068756,103,Unhealthy for Sensitive Groups,2,18.9,93,0.0,3.6,18,1009.9,91,35.4,38.2,332.0,11.4,75.0,16.6
2026-03-14 03:00:00,2026,3,14,3,Thanh Hóa,Xã Xuân Chinh,19.7941161,105.2068756,100,Moderate,1,18.7,95,0.0,2.5,4,1009.6,100,36.9,39.6,328.0,11.8,73.0,17.2
2026-03-14 04:00:00,2026,3,14,4,Thanh Hóa,Xã Xuân Chinh,19.7941161,105.2068756,98,Moderate,1,18.7,95,0.0,2.9,30,1009.6,100,41.0,43.3,331.0,11.8,71.0,17.7
2026-03-14 05:00:00,2026,3,14,5,Thanh Hóa,Xã Xuân Chinh,19.7941161,105.2068756,96,Moderate,1,18.8,96,0.0,1.6,360,1009.8,100,42.7,44.9,347.0,11.2,67.0,18.0
2026-03-14 06:00:00,2026,3,14,6,Thanh Hóa,Xã Xuân Chinh,19.7941161,105.2068756,94,Moderate,1,18.9,95,0.0,3.8,5,1010.5,100,41.9,43.9,369.0,10.1,63.0,18.2
2026-03-14 07:00:00,2026,3,14,7,Thanh Hóa,Xã Xuân Chinh,19.7941161,105.2068756,93,Moderate,1,19.4,92,0.0,5.8,22,1010.9,100,35.7,37.6,377.0,8.2,82.0,21.9
2026-03-14 08:00:00,2026,3,14,8,Thanh Hóa,Xã Xuân Chinh,19.7941161,105.2068756,90,Moderate,1,19.6,92,0.2,7.4,32,1011.8,100,22.8,24.9,357.0,7.1,90.0,21.1
2026-03-14 09:00:00,2026,3,14,9,Thanh Hóa,Xã Xuân Chinh,19.7941161,105.2068756,88,Moderate,1,19.6,94,0.2,7.5,37,1012.5,97,22.3,24.2,322.0,5.5,101.0,20.0
2026-03-14 10:00:00,2026,3,14,10,Thanh Hóa,Xã Xuân Chinh,19.7941161,105.2068756,87,Moderate,1,20.1,93,0.8,6.4,58,1012.6,99,20.2,21.7,295.0,4.2,111.0,18.4
2026-03-14 11:00:00,2026,3,14,11,Thanh Hóa,Xã Xuân Chinh,19.7941161,105.2068756,87,Moderate,1,21.1,91,0.5,6.5,62,1012.0,100,20.3,21.7,286.0,3.5,120.0,16.4
2026-03-14 12:00:00,2026,3,14,12,Thanh Hóa,Xã Xuân Chinh,19.7941161,105.2068756,86,Moderate,1,21.8,87,0.3,7.0,58,1010.9,98,19.0,20.3,284.0,3.0,128.0,13.9
2026-03-14 13:00:00,2026,3,14,13,Thanh Hóa,Xã Xuân Chinh,19.7941161,105.2068756,85,Moderate,1,21.9,84,0.6,8.4,56,1010.5,100,17.6,18.9,281.0,2.7,133.0,11.4
2026-03-14 14:00:00,2026,3,14,14,Thanh Hóa,Xã Xuân Chinh,19.7941161,105.2068756,85,Moderate,1,21.4,86,0.5,8.2,64,1009.6,100,15.7,16.8,271.0,2.3,136.0,8.6
2026-03-14 15:00:00,2026,3,14,15,Thanh Hóa,Xã Xuân Chinh,19.7941161,105.2068756,84,Moderate,1,20.8,91,0.6,7.4,67,1008.9,100,14.5,15.5,259.0,2.0,136.0,5.7
2026-03-14 16:00:00,2026,3,14,16,Thanh Hóa,Xã Xuân Chinh,19.7941161,105.2068756,83,Moderate,1,20.8,89,0.1,5.4,70,1008.4,99,13.9,14.9,251.0,2.4,132.0,3.7
2026-03-14 17:00:00,2026,3,14,17,Thanh Hóa,Xã Xuân Chinh,19.7941161,105.2068756,82,Moderate,1,21.0,86,0.1,6.1,76,1008.3,100,14.3,15.4,251.0,3.9,122.0,3.3
2026-03-14 18:00:00,2026,3,14,18,Thanh Hóa,Xã Xuân Chinh,19.7941161,105.2068756,83,Moderate,1,20.3,90,0.1,2.7,67,1008.9,100,15.5,16.5,256.0,6.0,109.0,3.8
2026-03-14 19:00:00,2026,3,14,19,Thanh Hóa,Xã Xuân Chinh,19.7941161,105.2068756,83,Moderate,1,19.6,94,0.2,2.8,50,1009.7,100,20.1,21.9,261.0,7.6,103.0,5.4
2026-03-14 20:00:00,2026,3,14,20,Thanh Hóa,Xã Xuân Chinh,19.7941161,105.2068756,80,Moderate,1,20.0,94,0.0,2.9,30,1010.4,100,19.7,21.9,264.0,7.9,100.0,5.2
2026-03-14 21:00:00,2026,3,14,21,Thanh Hóa,Xã Xuân Chinh,19.7941161,105.2068756,79,Moderate,1,19.8,95,0.0,3.2,16,1010.9,100,18.0,19.8,267.0,8.3,96.0,4.8
2026-03-14 22:00:00,2026,3,14,22,Thanh Hóa,Xã Xuân Chinh,19.7941161,105.2068756,79,Moderate,1,19.8,95,0.0,3.8,349,1011.6,100,17.8,19.7,268.0,8.9,91.0,4.6
2026-03-14 23:00:00,2026,3,14,23,Thanh Hóa,Xã Xuân Chinh,19.7941161,105.2068756,78,Moderate,1,19.6,96,0.0,2.7,360,1011.3,80,18.8,21.0,266.0,9.8,83.0,4.5
2026-03-15 00:00:00,2026,3,15,0,Thanh Hóa,Xã Xuân Chinh,19.7941161,105.2068756,77,Moderate,1,19.5,98,0.0,1.1,351,1010.7,100,18.9,21.1,262.0,10.9,74.0,4.4
2026-03-15 01:00:00,2026,3,15,1,Thanh Hóa,Xã Xuân Chinh,19.7941161,105.2068756,76,Moderate,1,19.2,99,0.0,0.3,315,1010.0,42,20.6,22.9,257.0,11.4,68.0,4.5
2026-03-15 02:00:00,2026,3,15,2,Thanh Hóa,Xã Xuân Chinh,19.7941161,105.2068756,74,Moderate,1,19.1,99,0.1,1.5,346,1009.6,99,22.8,25.5,249.0,10.9,69.0,4.7
2026-03-15 03:00:00,2026,3,15,3,Thanh Hóa,Xã Xuân Chinh,19.7941161,105.2068756,73,Moderate,1,19.3,99,0.3,2.0,355,1009.4,97,24.7,27.9,240.0,9.9,73.0,4.9
2026-03-15 04:00:00,2026,3,15,4,Thanh Hóa,Xã Xuân Chinh,19.7941161,105.2068756,72,Moderate,1,19.4,99,0.4,2.6,34,1009.5,100,25.7,29.2,236.0,9.1,77.0,5.2
2026-03-15 05:00:00,2026,3,15,5,Thanh Hóa,Xã Xuân Chinh,19.7941161,105.2068756,71,Moderate,1,19.4,100,0.1,0.5,45,1009.8,95,26.4,29.6,244.0,8.9,77.0,5.4
2026-03-15 06:00:00,2026,3,15,6,Thanh Hóa,Xã Xuân Chinh,19.7941161,105.2068756,69,Moderate,1,19.4,100,0.0,1.5,277,1010.1,100,27.3,30.5,257.0,8.8,76.0,5.6
2026-03-15 07:00:00,2026,3,15,7,Thanh Hóa,Xã Xuân Chinh,19.7941161,105.2068756,68,Moderate,1,19.7,99,0.0,1.9,343,1010.3,25,35.7,38.6,261.0,7.6,71.0,2.9
2026-03-15 08:00:00,2026,3,15,8,Thanh Hóa,Xã Xuân Chinh,19.7941161,105.2068756,68,Moderate,1,20.7,94,0.0,2.7,86,1011.1,61,28.4,31.1,246.0,5.9,82.0,2.6
2026-03-15 09:00:00,2026,3,15,9,Thanh Hóa,Xã Xuân Chinh,19.7941161,105.2068756,69,Moderate,1,21.6,89,0.3,2.1,128,1012.0,98,18.7,21.5,222.0,3.5,98.0,2.2
2026-03-15 10:00:00,2026,3,15,10,Thanh Hóa,Xã Xuân Chinh,19.7941161,105.2068756,68,Moderate,1,22.7,82,0.3,2.2,166,1012.1,90,12.4,15.7,205.0,1.8,109.0,1.9
2026-03-15 11:00:00,2026,3,15,11,Thanh Hóa,Xã Xuân Chinh,19.7941161,105.2068756,68,Moderate,1,24.2,73,0.4,4.8,153,1011.1,78,10.1,12.7,201.0,1.5,113.0,1.9
2026-03-15 12:00:00,2026,3,15,12,Thanh Hóa,Xã Xuân Chinh,19.7941161,105.2068756,67,Moderate,1,24.0,72,0.1,7.6,152,1009.9,84,9.3,11.4,204.0,1.9,112.0,2.1
2026-03-15 13:00:00,2026,3,15,13,Thanh Hóa,Xã Xuân Chinh,19.7941161,105.2068756,66,Moderate,1,23.9,78,0.2,4.8,110,1009.2,100,8.7,10.2,207.0,2.3,112.0,2.2
2026-03-15 14:00:00,2026,3,15,14,Thanh Hóa,Xã Xuân Chinh,19.7941161,105.2068756,65,Moderate,1,25.1,71,0.2,5.7,114,1007.8,97,7.8,8.6,208.0,2.2,114.0,2.2
2026-03-15 15:00:00,2026,3,15,15,Thanh Hóa,Xã Xuân Chinh,19.7941161,105.2068756,64,Moderate,1,23.9,74,0.2,9.8,116,1007.1,86,8.0,9.0,210.0,2.1,116.0,2.2
2026-03-15 16:00:00,2026,3,15,16,Thanh Hóa,Xã Xuân Chinh,19.7941161,105.2068756,64,Moderate,1,23.5,78,0.1,4.8,112,1006.7,99,8.7,9.8,210.0,2.5,114.0,2.3
2026-03-15 17:00:00,2026,3,15,17,Thanh Hóa,Xã Xuân Chinh,19.7941161,105.2068756,63,Moderate,1,22.8,88,0.9,3.7,137,1006.7,100,9.3,10.7,208.0,3.8,105.0,2.7
2026-03-15 18:00:00,2026,3,15,18,Thanh Hóa,Xã Xuân Chinh,19.7941161,105.2068756,63,Moderate,1,20.9,100,1.1,3.2,38,1007.4,100,10.6,12.1,205.0,5.7,93.0,3.2
2026-03-15 19:00:00,2026,3,15,19,Thanh Hóa,Xã Xuân Chinh,19.7941161,105.2068756,62,Moderate,1,20.8,98,0.1,0.7,256,1007.9,99,16.8,18.8,203.0,8.5,82.0,3.9
2026-03-15 20:00:00,2026,3,15,20,Thanh Hóa,Xã Xuân Chinh,19.7941161,105.2068756,62,Moderate,1,21.1,98,0.2,4.3,197,1008.5,67,18.0,20.8,205.0,9.5,77.0,4.4
2026-03-15 21:00:00,2026,3,15,21,Thanh Hóa,Xã Xuân Chinh,19.7941161,105.2068756,62,Moderate,1,20.6,98,0.0,4.1,221,1009.1,25,20.3,23.6,209.0,10.9,70.0,5.0
2026-03-15 22:00:00,2026,3,15,22,Thanh Hóa,Xã Xuân Chinh,19.7941161,105.2068756,62,Moderate,1,20.2,98,0.0,3.6,229,1009.2,25,22.4,26.0,211.0,12.2,64.0,5.5
2026-03-15 23:00:00,2026,3,15,23,Thanh Hóa,Xã Xuân Chinh,19.7941161,105.2068756,63,Moderate,1,19.9,98,0.0,3.9,248,1009.3,34,24.3,28.0,209.0,13.5,59.0,5.8
2026-03-16 00:00:00,2026,3,16,0,Thanh Hóa,Xã Xuân Chinh,19.7941161,105.2068756,63,Moderate,1,19.6,98,0.0,4.2,239,1008.8,11,25.4,29.5,205.0,14.7,55.0,5.9
2026-03-16 01:00:00,2026,3,16,1,Thanh Hóa,Xã Xuân Chinh,19.7941161,105.2068756,64,Moderate,1,19.5,98,0.0,4.2,245,1007.8,16,26.2,30.5,202.0,15.5,52.0,5.8
2026-03-16 02:00:00,2026,3,16,2,Thanh Hóa,Xã Xuân Chinh,19.7941161,105.2068756,64,Moderate,1,19.6,98,0.0,4.1,241,1007.1,16,26.7,31.3,199.0,15.6,49.0,5.5
2026-03-16 03:00:00,2026,3,16,3,Thanh Hóa,Xã Xuân Chinh,19.7941161,105.2068756,65,Moderate,1,19.2,98,0.0,4.0,240,1006.5,10,26.4,31.2,196.0,15.1,47.0,5.0
2026-03-16 04:00:00,2026,3,16,4,Thanh Hóa,Xã Xuân Chinh,19.7941161,105.2068756,65,Moderate,1,19.0,99,0.0,4.8,241,1006.3,14,25.5,30.5,198.0,14.4,47.0,4.6
2026-03-16 05:00:00,2026,3,16,5,Thanh Hóa,Xã Xuân Chinh,19.7941161,105.2068756,65,Moderate,1,18.9,99,0.0,5.4,244,1006.1,6,25.2,30.3,211.0,13.5,49.0,4.5
2026-03-16 06:00:00,2026,3,16,6,Thanh Hóa,Xã Xuân Chinh,19.7941161,105.2068756,65,Moderate,1,18.8,99,0.0,5.4,233,1006.7,25,25.0,30.2,230.0,12.3,52.0,4.4
2026-03-16 07:00:00,2026,3,16,7,Thanh Hóa,Xã Xuân Chinh,19.7941161,105.2068756,64,Moderate,1,19.8,97,0.0,4.6,222,1007.6,2,19.7,24.2,239.0,7.2,73.0,4.7
2026-03-16 08:00:00,2026,3,16,8,Thanh Hóa,Xã Xuân Chinh,19.7941161,105.2068756,63,Moderate,1,21.9,88,0.0,4.7,208,1008.5,5,13.6,17.5,229.0,5.6,81.0,4.0
2026-03-16 09:00:00,2026,3,16,9,Thanh Hóa,Xã Xuân Chinh,19.7941161,105.2068756,62,Moderate,1,23.2,75,0.0,7.0,192,1009.2,13,10.5,14.5,209.0,3.5,93.0,3.0
2026-03-16 10:00:00,2026,3,16,10,Thanh Hóa,Xã Xuân Chinh,19.7941161,105.2068756,61,Moderate,1,25.0,62,0.0,11.7,182,1008.9,99,9.1,12.4,195.0,1.8,102.0,2.3
2026-03-16 11:00:00,2026,3,16,11,Thanh Hóa,Xã Xuân Chinh,19.7941161,105.2068756,61,Moderate,1,25.6,61,0.0,10.1,175,1008.2,100,9.6,13.1,193.0,1.2,107.0,2.1
2026-03-16 12:00:00,2026,3,16,12,Thanh Hóa,Xã Xuân Chinh,19.7941161,105.2068756,61,Moderate,1,25.3,65,0.0,9.2,163,1007.1,100,10.6,14.3,196.0,1.1,111.0,2.1
2026-03-16 13:00:00,2026,3,16,13,Thanh Hóa,Xã Xuân Chinh,19.7941161,105.2068756,61,Moderate,1,26.3,59,0.0,7.7,168,1006.2,69,9.9,13.2,199.0,1.1,113.0,2.1
2026-03-16 14:00:00,2026,3,16,14,Thanh Hóa,Xã Xuân Chinh,19.7941161,105.2068756,61,Moderate,1,26.1,62,0.2,9.3,152,1005.2,33,9.7,12.9,201.0,1.0,116.0,2.0
2026-03-16 15:00:00,2026,3,16,15,Thanh Hóa,Xã Xuân Chinh,19.7941161,105.2068756,61,Moderate,1,26.1,62,0.0,9.7,158,1004.0,100,9.9,13.3,203.0,1.0,117.0,2.0
2026-03-16 16:00:00,2026,3,16,16,Thanh Hóa,Xã Xuân Chinh,19.7941161,105.2068756,61,Moderate,1,25.5,65,0.0,11.0,162,1003.6,84,9.5,12.7,203.0,1.4,116.0,2.1
2026-03-16 17:00:00,2026,3,16,17,Thanh Hóa,Xã Xuân Chinh,19.7941161,105.2068756,61,Moderate,1,24.5,69,0.0,9.4,154,1003.3,11,9.5,12.6,199.0,2.4,110.0,2.4
2026-03-16 18:00:00,2026,3,16,18,Thanh Hóa,Xã Xuân Chinh,19.7941161,105.2068756,61,Moderate,1,22.7,77,0.0,7.8,171,1003.6,24,9.7,12.7,193.0,3.7,101.0,2.8
2026-03-16 19:00:00,2026,3,16,19,Thanh Hóa,Xã Xuân Chinh,19.7941161,105.2068756,61,Moderate,1,21.6,84,0.0,7.3,173,1003.9,16,12.6,16.3,188.0,5.4,96.0,3.3
2026-03-16 20:00:00,2026,3,16,20,Thanh Hóa,Xã Xuân Chinh,19.7941161,105.2068756,61,Moderate,1,21.1,87,0.0,6.2,192,1004.9,13,12.9,16.6,187.0,6.3,91.0,3.7
2026-03-16 21:00:00,2026,3,16,21,Thanh Hóa,Xã Xuân Chinh,19.7941161,105.2068756,60,Moderate,1,20.8,89,0.0,6.5,203,1005.9,12,13.8,17.7,187.0,7.6,84.0,4.3
2026-03-16 22:00:00,2026,3,16,22,Thanh Hóa,Xã Xuân Chinh,19.7941161,105.2068756,60,Moderate,1,20.4,92,0.0,5.5,224,1006.3,14,14.1,17.9,186.0,8.8,78.0,4.7
2026-03-16 23:00:00,2026,3,16,23,Thanh Hóa,Xã Xuân Chinh,19.7941161,105.2068756,59,Moderate,1,20.2,94,0.0,5.8,231,1006.3,8,16.1,20.4,182.0,9.7,73.0,4.8
2026-03-17 00:00:00,2026,3,17,0,Thanh Hóa,Xã Xuân Chinh,19.7941161,105.2068756,58,Moderate,1,19.9,95,0.0,6.2,232,1005.7,26,17.2,21.8,178.0,10.5,69.0,4.7
2026-03-17 01:00:00,2026,3,17,1,Thanh Hóa,Xã Xuân Chinh,19.7941161,105.2068756,58,Moderate,1,20.0,96,0.0,5.4,233,1005.1,79,18.1,22.8,175.0,11.0,65.0,4.6
2026-03-17 02:00:00,2026,3,17,2,Thanh Hóa,Xã Xuân Chinh,19.7941161,105.2068756,57,Moderate,1,20.0,97,0.0,6.0,226,1004.5,82,18.7,23.4,174.0,11.0,62.0,4.4
2026-03-17 03:00:00,2026,3,17,3,Thanh Hóa,Xã Xuân Chinh,19.7941161,105.2068756,56,Moderate,1,20.0,97,0.0,5.5,226,1003.9,66,18.4,23.0,174.0,10.7,59.0,4.2
2026-03-17 04:00:00,2026,3,17,4,Thanh Hóa,Xã Xuân Chinh,19.7941161,105.2068756,55,Moderate,1,20.1,95,0.0,6.5,219,1003.9,62,17.8,22.2,180.0,10.3,57.0,4.1
2026-03-17 05:00:00,2026,3,17,5,Thanh Hóa,Xã Xuân Chinh,19.7941161,105.2068756,55,Moderate,1,19.9,96,0.0,7.0,224,1004.1,58,17.3,21.8,199.0,10.0,56.0,4.2
2026-03-17 06:00:00,2026,3,17,6,Thanh Hóa,Xã Xuân Chinh,19.7941161,105.2068756,54,Moderate,1,19.5,98,0.0,6.1,236,1004.7,45,17.3,21.7,223.0,9.6,56.0,4.4
2026-03-17 07:00:00,2026,3,17,7,Thanh Hóa,Xã Xuân Chinh,19.7941161,105.2068756,53,Moderate,1,20.2,94,0.0,6.5,224,1005.3,5,19.6,24.5,235.0,8.2,64.0,4.4
2026-03-17 08:00:00,2026,3,17,8,Thanh Hóa,Xã Xuân Chinh,19.7941161,105.2068756,53,Moderate,1,22.7,81,0.0,8.6,195,1006.1,35,13.1,18.2,223.0,6.2,74.0,3.7
2026-03-17 09:00:00,2026,3,17,9,Thanh Hóa,Xã Xuân Chinh,19.7941161,105.2068756,53,Moderate,1,24.2,71,0.0,12.9,187,1006.8,100,11.7,16.5,199.0,3.4,89.0,2.7
2026-03-17 10:00:00,2026,3,17,10,Thanh Hóa,Xã Xuân Chinh,19.7941161,105.2068756,53,Moderate,1,25.4,67,0.0,12.1,185,1006.5,100,11.9,16.6,185.0,1.4,100.0,1.9
2026-03-17 11:00:00,2026,3,17,11,Thanh Hóa,Xã Xuân Chinh,19.7941161,105.2068756,54,Moderate,1,26.1,64,0.0,9.8,185,1005.8,100,12.5,17.1,193.0,0.8,104.0,1.6
2026-03-17 12:00:00,2026,3,17,12,Thanh Hóa,Xã Xuân Chinh,19.7941161,105.2068756,54,Moderate,1,27.1,60,0.0,9.2,178,1004.7,97,13.5,17.9,211.0,1.0,104.0,1.6
2026-03-17 13:00:00,2026,3,17,13,Thanh Hóa,Xã Xuân Chinh,19.7941161,105.2068756,54,Moderate,1,28.1,57,0.0,9.0,149,1003.7,100,14.4,18.8,223.0,1.3,105.0,1.7
2026-03-17 14:00:00,2026,3,17,14,Thanh Hóa,Xã Xuân Chinh,19.7941161,105.2068756,55,Moderate,1,27.7,59,0.0,10.1,139,1002.7,54,14.7,18.9,221.0,1.3,108.0,1.8
2026-03-17 15:00:00,2026,3,17,15,Thanh Hóa,Xã Xuân Chinh,19.7941161,105.2068756,55,Moderate,1,26.9,64,0.0,14.7,140,1001.7,48,14.3,17.9,213.0,1.3,112.0,2.0
2026-03-17 16:00:00,2026,3,17,16,Thanh Hóa,Xã Xuân Chinh,19.7941161,105.2068756,55,Moderate,1,25.9,71,0.0,13.3,155,1001.4,100,13.9,17.4,204.0,1.8,112.0,2.3
2026-03-17 17:00:00,2026,3,17,17,Thanh Hóa,Xã Xuân Chinh,19.7941161,105.2068756,56,Moderate,1,24.7,77,0.0,9.1,153,1002.0,68,12.5,15.7,194.0,3.0,106.0,2.7
2026-03-17 18:00:00,2026,3,17,18,Thanh Hóa,Xã Xuân Chinh,19.7941161,105.2068756,56,Moderate,1,23.3,83,0.0,6.1,166,1002.5,28,10.6,13.2,183.0,4.6,95.0,3.2
2026-03-17 19:00:00,2026,3,17,19,Thanh Hóa,Xã Xuân Chinh,19.7941161,105.2068756,56,Moderate,1,22.2,90,0.0,4.3,185,1002.9,23,14.2,17.8,174.0,6.3,84.0,3.4
2026-03-17 20:00:00,2026,3,17,20,Thanh Hóa,Xã Xuân Chinh,19.7941161,105.2068756,56,Moderate,1,21.8,91,0.0,4.1,209,1003.9,18,14.1,17.8,169.0,7.2,80.0,4.0
2026-03-17 21:00:00,2026,3,17,21,Thanh Hóa,Xã Xuân Chinh,19.7941161,105.2068756,56,Moderate,1,21.7,91,0.0,6.0,219,1004.9,16,14.6,18.5,167.0,8.5,75.0,4.7
2026-03-17 22:00:00,2026,3,17,22,Thanh Hóa,Xã Xuân Chinh,19.7941161,105.2068756,56,Moderate,1,21.6,90,0.0,7.2,219,1005.2,2,15.8,19.8,165.0,9.7,69.0,4.9
2026-03-17 23:00:00,2026,3,17,23,Thanh Hóa,Xã Xuân Chinh,19.7941161,105.2068756,57,Moderate,1,21.1,92,0.0,7.0,235,1005.1,5,18.6,23.0,163.0,10.9,63.0,4.1
2026-03-18 00:00:00,2026,3,18,0,Thanh Hóa,Xã Xuân Chinh,19.7941161,105.2068756,57,Moderate,1,20.6,94,0.0,5.6,241,1004.6,1,23.3,28.3,162.0,11.9,58.0,2.8
2026-03-18 01:00:00,2026,3,18,1,Thanh Hóa,Xã Xuân Chinh,19.7941161,105.2068756,57,Moderate,1,20.4,97,0.0,4.3,246,1003.8,0,26.8,31.7,162.0,12.2,53.0,1.7
2026-03-18 02:00:00,2026,3,18,2,Thanh Hóa,Xã Xuân Chinh,19.7941161,105.2068756,58,Moderate,1,20.3,98,0.0,4.4,249,1003.1,3,27.1,31.9,160.0,11.2,50.0,1.2
2026-03-18 03:00:00,2026,3,18,3,Thanh Hóa,Xã Xuân Chinh,19.7941161,105.2068756,59,Moderate,1,19.9,98,0.0,4.2,250,1002.8,5,27.2,31.1,158.0,9.4,48.0,1.1
2026-03-18 04:00:00,2026,3,18,4,Thanh Hóa,Xã Xuân Chinh,19.7941161,105.2068756,60,Moderate,1,19.8,97,0.0,4.2,250,1003.0,9,27.9,31.0,163.0,7.8,48.0,1.0
2026-03-18 05:00:00,2026,3,18,5,Thanh Hóa,Xã Xuân Chinh,19.7941161,105.2068756,61,Moderate,1,19.7,97,0.0,4.4,251,1003.1,1,28.3,31.2,183.0,6.9,48.0,1.0
2026-03-18 06:00:00,2026,3,18,6,Thanh Hóa,Xã Xuân Chinh,19.7941161,105.2068756,62,Moderate,1,19.6,98,0.0,3.8,251,1003.6,9,29.0,31.2,209.0,6.2,49.0,1.1
2026-03-18 07:00:00,2026,3,18,7,Thanh Hóa,Xã Xuân Chinh,19.7941161,105.2068756,63,Moderate,1,21.1,95,0.0,3.8,265,1004.8,51,26.5,29.5,227.0,4.8,64.0,1.4
2026-03-18 08:00:00,2026,3,18,8,Thanh Hóa,Xã Xuân Chinh,19.7941161,105.2068756,63,Moderate,1,23.2,87,0.0,0.4,297,1005.7,2,18.0,21.5,225.0,4.0,73.0,1.5
2026-03-18 09:00:00,2026,3,18,9,Thanh Hóa,Xã Xuân Chinh,19.7941161,105.2068756,64,Moderate,1,25.2,76,0.0,3.1,118,1006.4,44,16.4,21.1,213.0,2.9,85.0,1.5
2026-03-18 10:00:00,2026,3,18,10,Thanh Hóa,Xã Xuân Chinh,19.7941161,105.2068756,64,Moderate,1,26.9,70,0.0,4.7,118,1006.6,93,16.7,21.7,208.0,2.1,96.0,1.6
2026-03-18 11:00:00,2026,3,18,11,Thanh Hóa,Xã Xuân Chinh,19.7941161,105.2068756,64,Moderate,1,28.2,65,0.0,6.7,93,1005.7,96,17.3,22.1,218.0,1.8,102.0,1.6
2026-03-18 12:00:00,2026,3,18,12,Thanh Hóa,Xã Xuân Chinh,19.7941161,105.2068756,65,Moderate,1,28.6,64,0.0,9.2,90,1004.5,42,17.9,21.8,235.0,1.8,107.0,1.6
2026-03-18 13:00:00,2026,3,18,13,Thanh Hóa,Xã Xuân Chinh,19.7941161,105.2068756,65,Moderate,1,28.7,62,0.0,8.3,104,1003.7,73,18.6,21.9,247.0,1.9,110.0,1.7
2026-03-18 14:00:00,2026,3,18,14,Thanh Hóa,Xã Xuân Chinh,19.7941161,105.2068756,66,Moderate,1,28.7,62,0.0,7.5,98,1002.6,86,18.9,21.9,250.0,1.9,113.0,1.8
2026-03-18 15:00:00,2026,3,18,15,Thanh Hóa,Xã Xuân Chinh,19.7941161,105.2068756,66,Moderate,1,27.0,74,0.9,6.6,99,1002.2,68,18.7,21.6,249.0,1.9,115.0,1.9
2026-03-18 16:00:00,2026,3,18,16,Thanh Hóa,Xã Xuân Chinh,19.7941161,105.2068756,66,Moderate,1,26.6,76,0.1,8.7,117,1002.3,66,17.6,20.5,246.0,2.4,113.0,2.1
2026-03-18 17:00:00,2026,3,18,17,Thanh Hóa,Xã Xuân Chinh,19.7941161,105.2068756,67,Moderate,1,25.3,82,0.2,7.4,89,1002.6,100,16.7,19.7,242.0,3.6,105.0,2.5
2026-03-18 18:00:00,2026,3,18,18,Thanh Hóa,Xã Xuân Chinh,19.7941161,105.2068756,67,Moderate,1,24.2,89,0.1,5.1,96,1003.1,100,15.8,18.4,236.0,5.2,94.0,3.0
2026-03-18 19:00:00,2026,3,18,19,Thanh Hóa,Xã Xuân Chinh,19.7941161,105.2068756,68,Moderate,1,22.7,100,0.0,0.2,270,1003.7,100,17.7,21.2,230.0,6.6,82.0,3.4
2026-03-18 20:00:00,2026,3,18,20,Thanh Hóa,Xã Xuân Chinh,19.7941161,105.2068756,68,Moderate,1,23.2,100,0.1,4.5,173,1004.5,100,17.9,22.4,226.0,7.7,77.0,4.0
2026-03-18 21:00:00,2026,3,18,21,Thanh Hóa,Xã Xuân Chinh,19.7941161,105.2068756,68,Moderate,1,22.9,99,0.0,4.0,190,1005.5,100,18.7,23.3,223.0,9.2,70.0,4.8
2026-03-18 22:00:00,2026,3,18,22,Thanh Hóa,Xã Xuân Chinh,19.7941161,105.2068756,69,Moderate,1,22.7,99,0.0,4.5,209,1005.8,100,19.3,24.0,219.0,10.5,63.0,5.1
2026-03-18 23:00:00,2026,3,18,23,Thanh Hóa,Xã Xuân Chinh,19.7941161,105.2068756,69,Moderate,1,22.5,100,0.0,5.4,195,1005.2,100,20.6,25.4,212.0,11.4,57.0,4.4
2026-03-19 00:00:00,2026,3,19,0,Thanh Hóa,Xã Xuân Chinh,19.7941161,105.2068756,69,Moderate,1,22.2,100,0.0,5.5,199,1004.7,100,25.4,30.4,203.0,12.0,52.0,3.3
2026-03-19 01:00:00,2026,3,19,1,Thanh Hóa,Xã Xuân Chinh,19.7941161,105.2068756,69,Moderate,1,22.7,100,0.0,5.6,201,1003.5,89,31.8,35.9,197.0,12.1,49.0,2.3
2026-03-19 02:00:00,2026,3,19,2,Thanh Hóa,Xã Xuân Chinh,19.7941161,105.2068756,70,Moderate,1,22.7,99,0.0,3.6,186,1003.0,72,35.4,39.7,194.0,11.3,48.0,1.7
2026-03-19 03:00:00,2026,3,19,3,Thanh Hóa,Xã Xuân Chinh,19.7941161,105.2068756,70,Moderate,1,22.6,99,0.0,3.8,177,1002.5,92,36.8,41.4,192.0,10.0,49.0,1.2
2026-03-19 04:00:00,2026,3,19,4,Thanh Hóa,Xã Xuân Chinh,19.7941161,105.2068756,71,Moderate,1,22.4,100,0.0,3.1,180,1002.5,100,38.4,42.6,196.0,8.7,51.0,0.9
2026-03-19 05:00:00,2026,3,19,5,Thanh Hóa,Xã Xuân Chinh,19.7941161,105.2068756,72,Moderate,1,22.5,99,0.0,2.9,169,1003.0,37,38.9,42.4,210.0,7.6,52.0,0.8
2026-03-19 06:00:00,2026,3,19,6,Thanh Hóa,Xã Xuân Chinh,19.7941161,105.2068756,73,Moderate,1,22.4,100,0.0,3.7,166,1003.7,46,38.5,41.7,228.0,6.5,53.0,1.0
2026-03-19 07:00:00,2026,3,19,7,Thanh Hóa,Xã Xuân Chinh,19.7941161,105.2068756,74,Moderate,1,22.2,99,0.0,3.7,157,1004.7,100,35.6,39.5,238.0,7.9,60.0,0.9
2026-03-19 08:00:00,2026,3,19,8,Thanh Hóa,Xã Xuân Chinh,19.7941161,105.2068756,75,Moderate,1,22.8,99,0.2,4.7,137,1005.4,100,23.7,27.0,227.0,6.2,71.0,1.0
2026-03-19 09:00:00,2026,3,19,9,Thanh Hóa,Xã Xuân Chinh,19.7941161,105.2068756,75,Moderate,1,23.9,93,0.2,5.9,137,1006.1,100,17.6,20.7,208.0,3.8,86.0,1.0
2026-03-19 10:00:00,2026,3,19,10,Thanh Hóa,Xã Xuân Chinh,19.7941161,105.2068756,75,Moderate,1,24.8,88,0.2,6.2,150,1006.0,98,17.6,20.7,201.0,2.0,98.0,1.1
2026-03-19 11:00:00,2026,3,19,11,Thanh Hóa,Xã Xuân Chinh,19.7941161,105.2068756,75,Moderate,1,27.4,73,0.1,5.9,166,1005.2,97,17.6,20.4,220.0,1.4,105.0,1.1
2026-03-19 12:00:00,2026,3,19,12,Thanh Hóa,Xã Xuân Chinh,19.7941161,105.2068756,76,Moderate,1,29.0,64,0.0,6.6,158,1003.6,100,19.0,21.7,252.0,1.3,110.0,1.1
2026-03-19 13:00:00,2026,3,19,13,Thanh Hóa,Xã Xuân Chinh,19.7941161,105.2068756,76,Moderate,1,29.9,60,0.0,6.8,151,1002.1,63,19.7,22.4,277.0,1.4,113.0,1.2
2026-03-19 14:00:00,2026,3,19,14,Thanh Hóa,Xã Xuân Chinh,19.7941161,105.2068756,76,Moderate,1,30.6,59,0.0,8.1,159,1001.1,35,20.0,22.6,289.0,1.4,117.0,1.4
2026-03-19 15:00:00,2026,3,19,15,Thanh Hóa,Xã Xuân Chinh,19.7941161,105.2068756,76,Moderate,1,30.8,57,0.0,9.6,163,1000.0,67,19.5,22.1,294.0,1.5,120.0,1.7
2026-03-19 16:00:00,2026,3,19,16,Thanh Hóa,Xã Xuân Chinh,19.7941161,105.2068756,76,Moderate,1,28.9,65,0.6,7.6,162,999.7,55,18.7,21.4,291.0,2.0,118.0,2.1
2026-03-19 17:00:00,2026,3,19,17,Thanh Hóa,Xã Xuân Chinh,19.7941161,105.2068756,76,Moderate,1,27.0,77,0.0,8.1,152,999.9,27,16.5,18.9,274.0,3.2,109.0,2.7
2026-03-19 18:00:00,2026,3,19,18,Thanh Hóa,Xã Xuân Chinh,19.7941161,105.2068756,76,Moderate,1,25.0,86,0.0,7.4,162,1000.0,16,13.7,15.5,249.0,4.7,95.0,3.4
2026-03-19 19:00:00,2026,3,19,19,Thanh Hóa,Xã Xuân Chinh,19.7941161,105.2068756,76,Moderate,1,23.7,92,0.0,5.4,154,1000.9,27,13.4,15.3,228.0,6.5,82.0,3.9
2026-03-19 20:00:00,2026,3,19,20,Thanh Hóa,Xã Xuân Chinh,19.7941161,105.2068756,75,Moderate,1,23.2,93,0.0,6.5,185,1002.1,96,14.1,16.6,218.0,7.7,78.0,4.5
2026-03-19 21:00:00,2026,3,19,21,Thanh Hóa,Xã Xuân Chinh,19.7941161,105.2068756,75,Moderate,1,22.8,94,0.0,4.7,208,1002.5,26,15.1,18.1,212.0,9.3,72.0,5.2
2026-03-19 22:00:00,2026,3,19,22,Thanh Hóa,Xã Xuân Chinh,19.7941161,105.2068756,75,Moderate,1,22.3,97,0.0,4.4,201,1002.7,67,17.2,20.2,209.0,10.6,66.0,5.3
2026-03-19 23:00:00,2026,3,19,23,Thanh Hóa,Xã Xuân Chinh,19.7941161,105.2068756,75,Moderate,1,21.8,98,0.0,5.2,209,1002.8,95,24.5,26.9,208.0,11.6,61.0,4.3
2026-03-20 00:00:00,2026,3,20,0,Thanh Hóa,Xã Xuân Chinh,19.7941161,105.2068756,75,Moderate,1,21.8,98,0.0,4.5,217,1002.7,34,28.6,31.1,209.0,12.3,57.0,2.8
2026-03-20 01:00:00,2026,3,20,1,Thanh Hóa,Xã Xuân Chinh,19.7941161,105.2068756,75,Moderate,1,21.9,98,0.0,3.5,215,1001.9,60,31.0,33.5,210.0,12.3,54.0,1.6
2026-03-20 02:00:00,2026,3,20,2,Thanh Hóa,Xã Xuân Chinh,19.7941161,105.2068756,75,Moderate,1,21.9,98,0.0,4.5,223,1001.2,16,31.5,34.1,209.0,11.2,52.0,1.2
2026-03-20 03:00:00,2026,3,20,3,Thanh Hóa,Xã Xuân Chinh,19.7941161,105.2068756,75,Moderate,1,21.9,98,0.0,4.2,223,1000.7,16,31.4,34.0,209.0,9.4,52.0,1.1
2026-03-20 04:00:00,2026,3,20,4,Thanh Hóa,Xã Xuân Chinh,19.7941161,105.2068756,74,Moderate,1,21.9,98,0.0,2.5,225,1001.0,9,29.9,32.1,216.0,7.6,55.0,1.1
2026-03-20 05:00:00,2026,3,20,5,Thanh Hóa,Xã Xuân Chinh,19.7941161,105.2068756,74,Moderate,1,21.9,99,0.0,2.3,198,1001.3,12,28.9,30.6,238.0,6.0,62.0,1.1
2026-03-20 06:00:00,2026,3,20,6,Thanh Hóa,Xã Xuân Chinh,19.7941161,105.2068756,73,Moderate,1,22.0,99,0.0,2.8,207,1002.0,13,27.6,29.1,268.0,4.5,71.0,1.2
2026-03-20 07:00:00,2026,3,20,7,Thanh Hóa,Xã Xuân Chinh,19.7941161,105.2068756,72,Moderate,1,22.3,97,0.0,1.5,234,1003.0,100,39.2,41.3,285.0,6.3,57.0,1.3
2026-03-20 08:00:00,2026,3,20,8,Thanh Hóa,Xã Xuân Chinh,19.7941161,105.2068756,72,Moderate,1,23.1,94,0.0,1.3,98,1004.1,100,30.4,33.1,278.0,5.2,71.0,1.3
2026-03-20 09:00:00,2026,3,20,9,Thanh Hóa,Xã Xuân Chinh,19.7941161,105.2068756,73,Moderate,1,24.1,90,0.0,4.3,62,1005.0,100,28.2,31.0,259.0,3.6,90.0,1.4
2026-03-20 10:00:00,2026,3,20,10,Thanh Hóa,Xã Xuân Chinh,19.7941161,105.2068756,74,Moderate,1,25.1,86,0.0,5.8,64,1005.0,100,28.9,31.7,248.0,2.5,105.0,1.4
2026-03-20 11:00:00,2026,3,20,11,Thanh Hóa,Xã Xuân Chinh,19.7941161,105.2068756,75,Moderate,1,26.2,82,0.0,6.4,68,1004.6,100,29.9,32.5,257.0,2.1,114.0,1.4
2026-03-20 12:00:00,2026,3,20,12,Thanh Hóa,Xã Xuân Chinh,19.7941161,105.2068756,76,Moderate,1,27.4,77,0.0,6.3,85,1003.8,99,29.8,32.2,274.0,2.1,118.0,1.4
2026-03-20 13:00:00,2026,3,20,13,Thanh Hóa,Xã Xuân Chinh,19.7941161,105.2068756,77,Moderate,1,27.8,74,0.0,8.8,110,1002.9,95,29.6,32.0,285.0,2.2,121.0,1.4
2026-03-20 14:00:00,2026,3,20,14,Thanh Hóa,Xã Xuân Chinh,19.7941161,105.2068756,77,Moderate,1,27.8,74,0.0,4.8,112,1002.0,96,29.3,31.8,286.0,2.3,122.0,1.4
2026-03-20 15:00:00,2026,3,20,15,Thanh Hóa,Xã Xuân Chinh,19.7941161,105.2068756,78,Moderate,1,26.6,84,0.9,6.4,135,1001.4,66,27.1,29.6,281.0,2.5,120.0,1.4
2026-03-20 16:00:00,2026,3,20,16,Thanh Hóa,Xã Xuân Chinh,19.7941161,105.2068756,79,Moderate,1,26.3,86,0.4,4.4,99,1001.1,37,27.1,29.8,272.0,3.0,115.0,1.6
2026-03-20 17:00:00,2026,3,20,17,Thanh Hóa,Xã Xuân Chinh,19.7941161,105.2068756,80,Moderate,1,25.7,87,0.2,5.9,113,1001.3,100,23.3,26.2,256.0,4.1,106.0,2.0
2026-03-20 18:00:00,2026,3,20,18,Thanh Hóa,Xã Xuân Chinh,19.7941161,105.2068756,80,Moderate,1,24.8,90,0.1,4.8,115,1001.8,100,21.1,23.8,236.0,5.6,94.0,2.6
2026-03-20 19:00:00,2026,3,20,19,Thanh Hóa,Xã Xuân Chinh,19.7941161,105.2068756,81,Moderate,1,24.4,94,0.1,4.2,130,1002.5,99,17.8,21.1,222.0,6.7,84.0,3.4
2026-03-20 20:00:00,2026,3,20,20,Thanh Hóa,Xã Xuân Chinh,19.7941161,105.2068756,81,Moderate,1,23.9,96,0.0,3.7,137,1003.8,100,18.0,22.1,219.0,7.6,77.0,3.7
2026-03-20 21:00:00,2026,3,20,21,Thanh Hóa,Xã Xuân Chinh,19.7941161,105.2068756,82,Moderate,1,23.6,97,0.0,4.6,138,1004.9,100,18.1,22.6,221.0,8.8,66.0,4.1
2026-03-20 22:00:00,2026,3,20,22,Thanh Hóa,Xã Xuân Chinh,19.7941161,105.2068756,82,Moderate,1,23.5,97,0.1,4.4,150,1005.5,100,18.3,22.5,220.0,9.8,57.0,4.3
2026-03-20 23:00:00,2026,3,20,23,Thanh Hóa,Xã Xuân Chinh,19.7941161,105.2068756,82,Moderate,1,23.4,98,0.1,4.5,137,1005.5,100,18.0,22.4,211.0,10.5,51.0,4.2
2026-03-21 00:00:00,2026,3,21,0,Thanh Hóa,Xã Xuân Chinh,19.7941161,105.2068756,81,Moderate,1,23.2,99,0.2,4.3,132,1005.2,100,18.0,22.0,200.0,11.1,46.0,4.0
2026-03-21 01:00:00,2026,3,21,1,Thanh Hóa,Xã Xuân Chinh,19.7941161,105.2068756,81,Moderate,1,23.1,100,0.2,4.2,121,1004.4,100,16.9,20.9,190.0,11.3,43.0,3.8
2026-03-21 02:00:00,2026,3,21,2,Thanh Hóa,Xã Xuân Chinh,19.7941161,105.2068756,79,Moderate,1,23.1,99,0.1,4.6,121,1003.8,100,15.6,19.3,183.0,11.1,43.0,3.7
2026-03-21 03:00:00,2026,3,21,3,Thanh Hóa,Xã Xuân Chinh,19.7941161,105.2068756,78,Moderate,1,23.0,100,0.2,4.4,122,1003.4,100,13.2,16.4,179.0,10.5,45.0,3.7
2026-03-21 04:00:00,2026,3,21,4,Thanh Hóa,Xã Xuân Chinh,19.7941161,105.2068756,76,Moderate,1,22.9,99,0.3,4.6,126,1003.6,100,12.9,16.3,180.0,10.0,47.0,3.6
2026-03-21 05:00:00,2026,3,21,5,Thanh Hóa,Xã Xuân Chinh,19.7941161,105.2068756,75,Moderate,1,22.8,100,0.2,5.0,128,1003.9,100,13.6,17.0,193.0,9.8,48.0,3.4
2026-03-21 06:00:00,2026,3,21,6,Thanh Hóa,Xã Xuân Chinh,19.7941161,105.2068756,73,Moderate,1,22.7,99,0.2,5.0,125,1004.6,100,13.2,16.2,212.0,9.6,49.0,3.2
2026-03-21 07:00:00,2026,3,21,7,Thanh Hóa,Xã Xuân Chinh,19.7941161,105.2068756,72,Moderate,1,22.8,99,0.2,6.6,127,1005.6,100,14.9,18.9,221.0,11.4,41.0,3.4
2026-03-21 08:00:00,2026,3,21,8,Thanh Hóa,Xã Xuân Chinh,19.7941161,105.2068756,70,Moderate,1,22.9,98,0.2,6.9,137,1006.4,100,11.7,15.5,210.0,10.0,48.0,3.2
2026-03-21 09:00:00,2026,3,21,9,Thanh Hóa,Xã Xuân Chinh,19.7941161,105.2068756,68,Moderate,1,23.2,99,0.4,7.3,136,1007.0,100,12.2,15.8,191.0,7.9,57.0,3.0
2026-03-21 10:00:00,2026,3,21,10,Thanh Hóa,Xã Xuân Chinh,19.7941161,105.2068756,67,Moderate,1,23.7,96,0.3,7.8,140,1007.3,100,12.6,16.4,178.0,6.1,67.0,2.7
2026-03-21 11:00:00,2026,3,21,11,Thanh Hóa,Xã Xuân Chinh,19.7941161,105.2068756,65,Moderate,1,24.2,94,0.3,6.7,134,1007.2,100,15.5,20.7,182.0,4.6,77.0,2.4
2026-03-21 12:00:00,2026,3,21,12,Thanh Hóa,Xã Xuân Chinh,19.7941161,105.2068756,64,Moderate,1,25.4,85,0.4,8.6,150,1006.2,100,14.5,19.1,194.0,3.3,86.0,2.0
2026-03-21 13:00:00,2026,3,21,13,Thanh Hóa,Xã Xuân Chinh,19.7941161,105.2068756,63,Moderate,1,25.8,83,0.3,10.4,141,1005.4,100,14.4,18.8,200.0,2.4,94.0,1.8
2026-03-21 14:00:00,2026,3,21,14,Thanh Hóa,Xã Xuân Chinh,19.7941161,105.2068756,61,Moderate,1,25.0,87,0.5,8.5,151,1004.4,100,13.9,17.1,192.0,2.0,99.0,1.7
2026-03-21 15:00:00,2026,3,21,15,Thanh Hóa,Xã Xuân Chinh,19.7941161,105.2068756,60,Moderate,1,24.6,91,0.7,9.4,132,1003.4,100,13.5,16.2,178.0,2.0,102.0,1.8
2026-03-21 16:00:00,2026,3,21,16,Thanh Hóa,Xã Xuân Chinh,19.7941161,105.2068756,59,Moderate,1,24.4,92,0.8,7.9,125,1003.2,100,13.4,16.2,169.0,2.4,101.0,2.0
2026-03-21 17:00:00,2026,3,21,17,Thanh Hóa,Xã Xuân Chinh,19.7941161,105.2068756,58,Moderate,1,23.7,98,0.4,4.9,114,1003.0,100,14.0,17.4,171.0,3.4,94.0,2.4
2026-03-21 18:00:00,2026,3,21,18,Thanh Hóa,Xã Xuân Chinh,19.7941161,105.2068756,57,Moderate,1,23.4,98,0.2,3.9,133,1003.0,100,13.9,17.1,178.0,4.8,84.0,2.9
2026-03-21 19:00:00,2026,3,21,19,Thanh Hóa,Xã Xuân Chinh,19.7941161,105.2068756,56,Moderate,1,23.6,94,0.2,5.0,131,1003.3,100,14.2,17.5,182.0,6.6,69.0,3.3
2026-03-21 20:00:00,2026,3,21,20,Thanh Hóa,Xã Xuân Chinh,19.7941161,105.2068756,56,Moderate,1,23.4,95,0.0,4.3,147,1004.3,99,13.6,16.9,180.0,7.2,63.0,3.6
2026-03-21 21:00:00,2026,3,21,21,Thanh Hóa,Xã Xuân Chinh,19.7941161,105.2068756,56,Moderate,1,23.1,96,0.0,4.3,180,1005.0,37,13.2,16.1,174.0,8.0,55.0,4.0
2026-03-21 22:00:00,2026,3,21,22,Thanh Hóa,Xã Xuân Chinh,19.7941161,105.2068756,55,Moderate,1,23.0,97,0.0,4.7,198,1005.1,89,13.4,16.3,170.0,9.0,48.0,4.1
2026-03-21 23:00:00,2026,3,21,23,Thanh Hóa,Xã Xuân Chinh,19.7941161,105.2068756,55,Moderate,1,22.8,98,0.0,4.5,223,1004.9,94,13.9,16.7,167.0,10.4,42.0,3.8
2026-03-22 00:00:00,2026,3,22,0,Thanh Hóa,Xã Xuân Chinh,19.7941161,105.2068756,54,Moderate,1,22.8,98,0.0,3.9,214,1004.3,100,16.9,19.8,166.0,12.0,37.0,3.3
2026-03-22 01:00:00,2026,3,22,1,Thanh Hóa,Xã Xuân Chinh,19.7941161,105.2068756,54,Moderate,1,22.9,99,0.0,1.7,212,1003.5,100,21.8,24.2,164.0,12.7,34.0,2.8
2026-03-22 02:00:00,2026,3,22,2,Thanh Hóa,Xã Xuân Chinh,19.7941161,105.2068756,55,Moderate,1,23.1,99,0.1,3.2,142,1002.8,100,27.4,29.5,161.0,12.0,34.0,2.2
2026-03-22 03:00:00,2026,3,22,3,Thanh Hóa,Xã Xuân Chinh,19.7941161,105.2068756,56,Moderate,1,23.0,100,0.2,4.4,142,1002.4,100,29.1,31.3,158.0,10.4,37.0,1.6
2026-03-22 04:00:00,2026,3,22,4,Thanh Hóa,Xã Xuân Chinh,19.7941161,105.2068756,57,Moderate,1,22.9,99,0.2,6.3,149,1002.3,100,27.9,30.2,161.0,8.8,42.0,1.1
2026-03-22 05:00:00,2026,3,22,5,Thanh Hóa,Xã Xuân Chinh,19.7941161,105.2068756,58,Moderate,1,22.8,100,0.2,6.9,155,1002.7,100,27.5,29.6,175.0,7.4,49.0,1.0
2026-03-22 06:00:00,2026,3,22,6,Thanh Hóa,Xã Xuân Chinh,19.7941161,105.2068756,60,Moderate,1,22.5,100,0.0,6.7,156,1003.3,97,23.9,25.7,196.0,5.9,58.0,1.0
2026-03-22 07:00:00,2026,3,22,7,Thanh Hóa,Xã Xuân Chinh,19.7941161,105.2068756,61,Moderate,1,23.0,100,0.0,7.1,150,1004.2,100,15.1,17.4,212.0,7.0,53.0,1.2
2026-03-22 08:00:00,2026,3,22,8,Thanh Hóa,Xã Xuân Chinh,19.7941161,105.2068756,61,Moderate,1,23.5,98,0.1,6.4,158,1005.3,91,15.4,18.0,218.0,5.9,58.0,1.4
2026-03-22 09:00:00,2026,3,22,9,Thanh Hóa,Xã Xuân Chinh,19.7941161,105.2068756,61,Moderate,1,25.1,86,0.1,7.3,157,1005.7,34,13.4,15.8,219.0,4.4,66.0,1.6
2026-03-22 10:00:00,2026,3,22,10,Thanh Hóa,Xã Xuân Chinh,19.7941161,105.2068756,61,Moderate,1,27.1,72,0.0,7.4,157,1005.5,53,15.8,18.8,223.0,3.1,75.0,1.8
2026-03-22 11:00:00,2026,3,22,11,Thanh Hóa,Xã Xuân Chinh,19.7941161,105.2068756,61,Moderate,1,28.0,67,0.0,7.7,152,1004.9,100,14.3,16.8,236.0,2.3,85.0,1.9
2026-03-22 12:00:00,2026,3,22,12,Thanh Hóa,Xã Xuân Chinh,19.7941161,105.2068756,61,Moderate,1,28.5,66,0.0,8.9,153,1004.1,100,15.7,18.2,251.0,1.8,96.0,1.8
2026-03-22 13:00:00,2026,3,22,13,Thanh Hóa,Xã Xuân Chinh,19.7941161,105.2068756,61,Moderate,1,28.5,65,0.0,8.3,136,1003.3,98,13.9,15.9,257.0,1.5,104.0,1.8
2026-03-22 14:00:00,2026,3,22,14,Thanh Hóa,Xã Xuân Chinh,19.7941161,105.2068756,61,Moderate,1,28.5,66,0.0,8.5,145,1002.5,95,13.4,15.3,247.0,1.4,107.0,1.7
2026-03-22 15:00:00,2026,3,22,15,Thanh Hóa,Xã Xuân Chinh,19.7941161,105.2068756,61,Moderate,1,27.6,71,0.1,8.3,138,1002.2,99,12.5,14.3,227.0,1.4,107.0,1.6
2026-03-22 16:00:00,2026,3,22,16,Thanh Hóa,Xã Xuân Chinh,19.7941161,105.2068756,61,Moderate,1,26.6,77,0.2,9.3,133,1001.7,100,12.0,13.9,210.0,1.9,104.0,1.6
2026-03-22 17:00:00,2026,3,22,17,Thanh Hóa,Xã Xuân Chinh,19.7941161,105.2068756,61,Moderate,1,26.0,79,0.1,8.1,135,1001.9,100,11.3,13.2,198.0,3.0,96.0,1.9
2026-03-22 18:00:00,2026,3,22,18,Thanh Hóa,Xã Xuân Chinh,19.7941161,105.2068756,61,Moderate,1,24.8,85,0.1,6.3,143,1002.1,100,10.9,12.9,188.0,4.5,84.0,2.4
2026-03-22 19:00:00,2026,3,22,19,Thanh Hóa,Xã Xuân Chinh,19.7941161,105.2068756,61,Moderate,1,24.3,92,0.0,2.6,168,1003.2,100,11.2,14.0,181.0,6.5,68.0,3.1
2026-03-22 20:00:00,2026,3,22,20,Thanh Hóa,Xã Xuân Chinh,19.7941161,105.2068756,60,Moderate,1,24.0,94,0.0,4.2,137,1003.6,97,10.6,13.5,177.0,7.2,64.0,3.4
2026-03-22 21:00:00,2026,3,22,21,Thanh Hóa,Xã Xuân Chinh,19.7941161,105.2068756,60,Moderate,1,23.4,96,0.0,4.5,175,1004.4,100,10.6,13.5,175.0,8.1,58.0,3.7
2026-03-22 22:00:00,2026,3,22,22,Thanh Hóa,Xã Xuân Chinh,19.7941161,105.2068756,60,Moderate,1,23.3,96,0.0,4.0,170,1004.9,100,11.2,14.0,174.0,8.9,53.0,3.9
2026-03-22 23:00:00,2026,3,22,23,Thanh Hóa,Xã Xuân Chinh,19.7941161,105.2068756,60,Moderate,1,23.2,96,0.0,3.2,177,1004.8,100,11.1,13.7,172.0,9.4,48.0,3.7
2026-03-23 00:00:00,2026,3,23,0,Thanh Hóa,Xã Xuân Chinh,19.7941161,105.2068756,59,Moderate,1,23.2,96,0.0,4.0,170,1004.4,100,12.7,15.7,171.0,9.7,44.0,3.3
2026-03-23 01:00:00,2026,3,23,1,Thanh Hóa,Xã Xuân Chinh,19.7941161,105.2068756,59,Moderate,1,23.2,98,0.0,5.6,186,1003.7,100,14.7,18.0,170.0,10.0,40.0,2.9
2026-03-23 02:00:00,2026,3,23,2,Thanh Hóa,Xã Xuân Chinh,19.7941161,105.2068756,58,Moderate,1,23.2,98,0.0,6.6,169,1002.7,99,17.2,20.1,168.0,10.4,36.0,2.6
2026-03-23 03:00:00,2026,3,23,3,Thanh Hóa,Xã Xuân Chinh,19.7941161,105.2068756,57,Moderate,1,23.0,98,0.0,5.4,159,1002.3,100,19.8,22.1,167.0,10.8,34.0,2.2
2026-03-23 04:00:00,2026,3,23,4,Thanh Hóa,Xã Xuân Chinh,19.7941161,105.2068756,57,Moderate,1,23.0,98,0.0,4.7,162,1002.2,100,21.5,23.7,171.0,10.6,34.0,2.0
2026-03-23 05:00:00,2026,3,23,5,Thanh Hóa,Xã Xuân Chinh,19.7941161,105.2068756,56,Moderate,1,22.9,98,0.0,4.8,158,1002.2,100,23.2,25.5,184.0,9.4,39.0,1.9
2026-03-23 06:00:00,2026,3,23,6,Thanh Hóa,Xã Xuân Chinh,19.7941161,105.2068756,56,Moderate,1,22.8,99,0.0,4.7,162,1003.0,100,24.7,27.0,202.0,7.6,48.0,1.9
2026-03-23 07:00:00,2026,3,23,7,Thanh Hóa,Xã Xuân Chinh,19.7941161,105.2068756,56,Moderate,1,23.1,100,0.1,5.5,163,1003.9,100,16.8,18.9,214.0,6.3,56.0,1.8
2026-03-23 08:00:00,2026,3,23,8,Thanh Hóa,Xã Xuân Chinh,19.7941161,105.2068756,56,Moderate,1,23.3,99,0.1,7.0,154,1004.3,100,14.0,15.8,213.0,5.6,62.0,1.8
2026-03-23 09:00:00,2026,3,23,9,Thanh Hóa,Xã Xuân Chinh,19.7941161,105.2068756,56,Moderate,1,23.7,97,0.1,8.6,160,1004.6,100,10.6,12.3,208.0,4.6,70.0,1.8
2026-03-23 10:00:00,2026,3,23,10,Thanh Hóa,Xã Xuân Chinh,19.7941161,105.2068756,55,Moderate,1,24.7,92,0.1,8.8,161,1004.5,100,10.5,12.3,209.0,3.7,79.0,1.7
2026-03-23 11:00:00,2026,3,23,11,Thanh Hóa,Xã Xuân Chinh,19.7941161,105.2068756,55,Moderate,1,26.3,83,0.1,8.2,161,1003.8,100,11.5,13.2,226.0,3.0,88.0,1.6
2026-03-23 12:00:00,2026,3,23,12,Thanh Hóa,Xã Xuân Chinh,19.7941161,105.2068756,55,Moderate,1,28.3,74,0.1,9.6,163,1002.5,100,12.7,14.4,250.0,2.3,97.0,1.4
2026-03-23 13:00:00,2026,3,23,13,Thanh Hóa,Xã Xuân Chinh,19.7941161,105.2068756,54,Moderate,1,29.1,67,0.0,7.5,153,1001.7,51,13.6,15.2,269.0,1.9,104.0,1.3
2026-03-23 14:00:00,2026,3,23,14,Thanh Hóa,Xã Xuân Chinh,19.7941161,105.2068756,54,Moderate,1,29.7,65,0.0,6.8,140,1000.8,100,14.2,16.2,280.0,1.7,107.0,1.3
2026-03-23 15:00:00,2026,3,23,15,Thanh Hóa,Xã Xuân Chinh,19.7941161,105.2068756,55,Moderate,1,29.3,67,0.0,8.1,115,1000.0,36,14.6,17.8,285.0,1.7,108.0,1.4
2026-03-23 16:00:00,2026,3,23,16,Thanh Hóa,Xã Xuân Chinh,19.7941161,105.2068756,55,Moderate,1,28.3,74,0.2,7.3,110,999.9,44,16.1,20.6,283.0,2.2,105.0,1.6
2026-03-23 17:00:00,2026,3,23,17,Thanh Hóa,Xã Xuân Chinh,19.7941161,105.2068756,55,Moderate,1,26.8,82,0.2,6.9,96,999.8,100,14.7,18.2,269.0,3.4,97.0,2.1
2026-03-23 18:00:00,2026,3,23,18,Thanh Hóa,Xã Xuân Chinh,19.7941161,105.2068756,55,Moderate,1,24.8,92,0.1,4.8,105,1000.1,100,13.2,15.8,246.0,5.1,85.0,2.8
2026-03-23 19:00:00,2026,3,23,19,Thanh Hóa,Xã Xuân Chinh,19.7941161,105.2068756,56,Moderate,1,24.5,99,0.0,4.4,159,1000.9,100,15.5,18.7,228.0,6.7,73.0,3.5
2026-03-23 20:00:00,2026,3,23,20,Thanh Hóa,Xã Xuân Chinh,19.7941161,105.2068756,56,Moderate,1,24.4,97,0.0,7.5,169,1001.8,100,15.9,19.3,218.0,7.7,67.0,3.7
2026-03-23 21:00:00,2026,3,23,21,Thanh Hóa,Xã Xuân Chinh,19.7941161,105.2068756,56,Moderate,1,24.0,97,0.0,6.7,175,1002.1,100,16.1,19.7,211.0,9.0,58.0,3.9
2026-03-23 22:00:00,2026,3,23,22,Thanh Hóa,Xã Xuân Chinh,19.7941161,105.2068756,57,Moderate,1,23.8,96,0.0,6.1,166,1002.3,100,16.9,20.0,206.0,10.1,50.0,4.0
2026-03-23 23:00:00,2026,3,23,23,Thanh Hóa,Xã Xuân Chinh,19.7941161,105.2068756,57,Moderate,1,23.7,96,0.0,5.1,172,1002.3,100,19.0,21.1,202.0,10.7,44.0,3.8
2026-03-24 00:00:00,2026,3,24,0,Thanh Hóa,Xã Xuân Chinh,19.7941161,105.2068756,58,Moderate,1,23.6,96,0.0,4.0,198,1002.3,100,18.7,20.7,200.0,11.1,40.0,3.4
2026-03-24 01:00:00,2026,3,24,1,Thanh Hóa,Xã Xuân Chinh,19.7941161,105.2068756,59,Moderate,1,23.6,98,0.0,3.4,164,1001.5,100,18.3,20.2,199.0,11.2,37.0,3.0
2026-03-24 02:00:00,2026,3,24,2,Thanh Hóa,Xã Xuân Chinh,19.7941161,105.2068756,59,Moderate,1,23.5,99,0.0,4.2,170,1000.9,100,18.2,20.0,196.0,11.1,37.0,2.7
2026-03-24 03:00:00,2026,3,24,3,Thanh Hóa,Xã Xuân Chinh,19.7941161,105.2068756,59,Moderate,1,23.4,99,0.0,4.7,173,1000.7,100,18.8,20.7,195.0,10.7,40.0,2.5
2026-03-24 04:00:00,2026,3,24,4,Thanh Hóa,Xã Xuân Chinh,19.7941161,105.2068756,59,Moderate,1,23.3,99,0.0,3.4,180,1000.6,100,20.2,22.2,200.0,10.0,43.0,2.3
2026-03-24 05:00:00,2026,3,24,5,Thanh Hóa,Xã Xuân Chinh,19.7941161,105.2068756,59,Moderate,1,23.3,100,0.0,3.8,172,1000.8,100,21.5,23.5,221.0,8.9,47.0,2.3
2026-03-24 06:00:00,2026,3,24,6,Thanh Hóa,Xã Xuân Chinh,19.7941161,105.2068756,59,Moderate,1,23.4,99,0.0,3.0,163,1001.6,100,23.2,25.3,248.0,7.5,52.0,2.4
2026-03-24 07:00:00,2026,3,24,7,Thanh Hóa,Xã Xuân Chinh,19.7941161,105.2068756,59,Moderate,1,24.0,100,0.0,3.0,123,1001.9,100,24.0,26.5,265.0,5.9,62.0,1.8
2026-03-24 08:00:00,2026,3,24,8,Thanh Hóa,Xã Xuân Chinh,19.7941161,105.2068756,59,Moderate,1,24.5,97,0.1,3.6,120,1002.5,100,23.2,25.7,258.0,5.7,67.0,1.7
2026-03-24 09:00:00,2026,3,24,9,Thanh Hóa,Xã Xuân Chinh,19.7941161,105.2068756,60,Moderate,1,24.8,97,0.5,7.0,134,1003.4,100,19.8,22.2,241.0,5.4,74.0,1.5
2026-03-24 10:00:00,2026,3,24,10,Thanh Hóa,Xã Xuân Chinh,19.7941161,105.2068756,61,Moderate,1,26.3,88,0.6,7.1,135,1003.5,99,17.9,20.5,232.0,5.0,81.0,1.4
2026-03-24 11:00:00,2026,3,24,11,Thanh Hóa,Xã Xuân Chinh,19.7941161,105.2068756,62,Moderate,1,27.7,81,0.2,6.0,129,1002.8,98,15.9,18.4,245.0,4.5,88.0,1.3
2026-03-24 12:00:00,2026,3,24,12,Thanh Hóa,Xã Xuân Chinh,19.7941161,105.2068756,62,Moderate,1,28.7,74,0.1,6.1,124,1001.6,100,14.6,17.0,266.0,3.8,95.0,1.1
2026-03-24 13:00:00,2026,3,24,13,Thanh Hóa,Xã Xuân Chinh,19.7941161,105.2068756,62,Moderate,1,29.6,68,0.1,7.2,96,1000.8,100,14.2,16.6,279.0,3.3,101.0,1.1
2026-03-24 14:00:00,2026,3,24,14,Thanh Hóa,Xã Xuân Chinh,19.7941161,105.2068756,62,Moderate,1,28.1,75,0.1,8.8,110,1000.1,72,13.6,16.9,274.0,2.8,106.0,1.2
2026-03-24 15:00:00,2026,3,24,15,Thanh Hóa,Xã Xuân Chinh,19.7941161,105.2068756,62,Moderate,1,27.6,80,0.4,7.1,126,999.6,100,13.6,17.1,260.0,2.5,110.0,1.5
2026-03-24 16:00:00,2026,3,24,16,Thanh Hóa,Xã Xuân Chinh,19.7941161,105.2068756,62,Moderate,1,28.5,74,0.1,8.4,135,999.2,74,12.7,15.8,248.0,2.7,109.0,1.8
2026-03-24 17:00:00,2026,3,24,17,Thanh Hóa,Xã Xuân Chinh,19.7941161,105.2068756,62,Moderate,1,27.6,77,0.0,7.1,126,999.0,100,11.4,13.9,243.0,3.8,101.0,2.3
2026-03-24 18:00:00,2026,3,24,18,Thanh Hóa,Xã Xuân Chinh,19.7941161,105.2068756,61,Moderate,1,26.1,84,0.0,5.1,126,999.3,79,12.6,14.9,240.0,5.5,90.0,2.8
2026-03-24 19:00:00,2026,3,24,19,Thanh Hóa,Xã Xuân Chinh,19.7941161,105.2068756,61,Moderate,1,24.7,93,0.0,2.7,122,1000.0,94,12.1,14.3,238.0,6.6,80.0,3.1
2026-03-24 20:00:00,2026,3,24,20,Thanh Hóa,Xã Xuân Chinh,19.7941161,105.2068756,61,Moderate,1,24.1,96,0.0,4.4,168,1001.2,99,13.5,16.1,235.0,6.9,77.0,3.4
2026-03-24 21:00:00,2026,3,24,21,Thanh Hóa,Xã Xuân Chinh,19.7941161,105.2068756,61,Moderate,1,24.1,96,0.0,5.0,180,1001.9,100,14.6,17.3,232.0,7.4,74.0,3.8
2026-03-24 22:00:00,2026,3,24,22,Thanh Hóa,Xã Xuân Chinh,19.7941161,105.2068756,61,Moderate,1,24.2,94,0.0,4.3,178,1002.1,100,15.3,17.9,229.0,7.8,70.0,4.1
2026-03-24 23:00:00,2026,3,24,23,Thanh Hóa,Xã Xuân Chinh,19.7941161,105.2068756,61,Moderate,1,24.2,94,0.0,4.1,178,1002.1,100,16.4,18.7,225.0,8.0,67.0,4.1
2026-03-25 00:00:00,2026,3,25,0,Thanh Hóa,Xã Xuân Chinh,19.7941161,105.2068756,60,Moderate,1,24.2,93,0.0,3.9,196,1002.0,100,17.3,19.6,220.0,8.1,63.0,4.0
2026-03-25 01:00:00,2026,3,25,1,Thanh Hóa,Xã Xuân Chinh,19.7941161,105.2068756,60,Moderate,1,24.6,98,0.0,3.9,146,1001.5,52,17.1,19.0,216.0,8.3,59.0,3.9
2026-03-25 02:00:00,2026,3,25,2,Thanh Hóa,Xã Xuân Chinh,19.7941161,105.2068756,60,Moderate,1,24.7,95,0.0,4.7,137,1001.1,45,16.9,18.7,210.0,8.9,52.0,3.9
2026-03-25 03:00:00,2026,3,25,3,Thanh Hóa,Xã Xuân Chinh,19.7941161,105.2068756,60,Moderate,1,24.4,94,0.0,5.5,142,1000.9,95,16.7,18.4,203.0,9.6,45.0,3.8
2026-03-25 04:00:00,2026,3,25,4,Thanh Hóa,Xã Xuân Chinh,19.7941161,105.2068756,60,Moderate,1,24.0,95,0.0,4.9,141,1000.8,83,15.6,17.0,203.0,9.9,41.0,3.9
2026-03-25 05:00:00,2026,3,25,5,Thanh Hóa,Xã Xuân Chinh,19.7941161,105.2068756,59,Moderate,1,23.8,94,0.0,5.4,143,1001.3,99,14.6,15.9,216.0,9.6,42.0,4.2
2026-03-25 06:00:00,2026,3,25,6,Thanh Hóa,Xã Xuân Chinh,19.7941161,105.2068756,59,Moderate,1,23.5,95,0.0,4.3,147,1001.8,100,14.0,15.3,235.0,8.9,47.0,4.6
2026-03-25 07:00:00,2026,3,25,7,Thanh Hóa,Xã Xuân Chinh,19.7941161,105.2068756,58,Moderate,1,23.5,98,0.0,5.4,130,1003.0,100,11.0,12.6,244.0,8.8,55.0,4.1
2026-03-25 08:00:00,2026,3,25,8,Thanh Hóa,Xã Xuân Chinh,19.7941161,105.2068756,57,Moderate,1,23.9,96,0.1,5.2,131,1003.8,100,9.5,11.4,232.0,7.5,65.0,3.6
2026-03-25 09:00:00,2026,3,25,9,Thanh Hóa,Xã Xuân Chinh,19.7941161,105.2068756,56,Moderate,1,24.6,91,0.1,6.9,143,1004.2,100,9.4,11.6,210.0,5.7,80.0,2.9
2026-03-25 10:00:00,2026,3,25,10,Thanh Hóa,Xã Xuân Chinh,19.7941161,105.2068756,55,Moderate,1,25.5,86,0.0,7.2,153,1004.0,100,10.6,13.1,199.0,4.1,92.0,2.3
2026-03-25 11:00:00,2026,3,25,11,Thanh Hóa,Xã Xuân Chinh,19.7941161,105.2068756,54,Moderate,1,27.1,79,0.1,7.2,153,1003.7,100,11.8,14.4,212.0,3.1,101.0,1.9
2026-03-25 12:00:00,2026,3,25,12,Thanh Hóa,Xã Xuân Chinh,19.7941161,105.2068756,54,Moderate,1,28.3,73,0.1,8.0,155,1002.6,100,13.6,16.3,237.0,2.3,108.0,1.6
2026-03-25 13:00:00,2026,3,25,13,Thanh Hóa,Xã Xuân Chinh,19.7941161,105.2068756,54,Moderate,1,28.6,69,0.0,8.0,146,1002.1,100,15.0,17.6,256.0,1.8,112.0,1.5
2026-03-25 14:00:00,2026,3,25,14,Thanh Hóa,Xã Xuân Chinh,19.7941161,105.2068756,54,Moderate,1,29.3,66,0.0,7.6,133,1001.1,100,16.3,19.0,264.0,1.6,113.0,1.5
2026-03-25 15:00:00,2026,3,25,15,Thanh Hóa,Xã Xuân Chinh,19.7941161,105.2068756,54,Moderate,1,29.6,64,0.0,7.2,141,1000.6,94,23.4,26.7,267.0,1.7,112.0,1.6
2026-03-25 16:00:00,2026,3,25,16,Thanh Hóa,Xã Xuân Chinh,19.7941161,105.2068756,55,Moderate,1,29.0,66,0.0,8.4,124,1000.3,90,19.8,23.0,264.0,2.2,108.0,1.9
2026-03-25 17:00:00,2026,3,25,17,Thanh Hóa,Xã Xuân Chinh,19.7941161,105.2068756,55,Moderate,1,27.2,75,0.0,7.8,109,1000.5,100,15.9,19.0,253.0,3.3,99.0,2.3
2026-03-25 18:00:00,2026,3,25,18,Thanh Hóa,Xã Xuân Chinh,19.7941161,105.2068756,56,Moderate,1,25.7,83,0.0,4.8,117,1000.9,100,14.8,17.8,237.0,4.9,87.0,2.9
2026-03-25 19:00:00,2026,3,25,19,Thanh Hóa,Xã Xuân Chinh,19.7941161,105.2068756,56,Moderate,1,25.0,90,0.0,7.1,159,1001.1,98,17.4,21.5,223.0,6.5,74.0,3.3
2026-03-25 20:00:00,2026,3,25,20,Thanh Hóa,Xã Xuân Chinh,19.7941161,105.2068756,56,Moderate,1,24.5,91,0.0,5.6,201,1001.4,26,17.7,22.0,213.0,8.0,68.0,4.0
2026-03-25 21:00:00,2026,3,25,21,Thanh Hóa,Xã Xuân Chinh,19.7941161,105.2068756,57,Moderate,1,23.5,97,0.0,6.3,204,1002.0,4,19.6,24.3,205.0,10.0,61.0,5.0
2026-03-25 22:00:00,2026,3,25,22,Thanh Hóa,Xã Xuân Chinh,19.7941161,105.2068756,57,Moderate,1,23.4,97,0.0,6.6,206,1002.0,8,21.8,26.9,200.0,11.6,54.0,5.3
2026-03-25 23:00:00,2026,3,25,23,Thanh Hóa,Xã Xuân Chinh,19.7941161,105.2068756,58,Moderate,1,23.3,98,0.0,6.3,215,1001.8,15,25.0,29.8,198.0,12.3,49.0,4.5
2026-03-26 00:00:00,2026,3,26,0,Thanh Hóa,Xã Xuân Chinh,19.7941161,105.2068756,59,Moderate,1,23.2,99,0.0,5.8,210,1001.7,43,31.7,35.5,198.0,12.6,46.0,3.2
2026-03-26 01:00:00,2026,3,26,1,Thanh Hóa,Xã Xuân Chinh,19.7941161,105.2068756,60,Moderate,1,24.0,99,0.0,6.0,201,1001.1,100,33.5,37.4,198.0,12.4,43.0,2.0
2026-03-26 02:00:00,2026,3,26,2,Thanh Hóa,Xã Xuân Chinh,19.7941161,105.2068756,61,Moderate,1,23.8,99,0.0,4.8,207,1000.8,96,36.1,39.3,196.0,11.6,41.0,1.3
2026-03-26 03:00:00,2026,3,26,3,Thanh Hóa,Xã Xuân Chinh,19.7941161,105.2068756,63,Moderate,1,23.6,99,0.0,4.3,208,1000.1,91,37.3,39.9,194.0,10.3,40.0,0.9
2026-03-26 04:00:00,2026,3,26,4,Thanh Hóa,Xã Xuân Chinh,19.7941161,105.2068756,65,Moderate,1,23.4,99,0.0,2.7,228,1000.2,36,37.6,40.2,200.0,8.9,41.0,0.6
2026-03-26 05:00:00,2026,3,26,5,Thanh Hóa,Xã Xuân Chinh,19.7941161,105.2068756,67,Moderate,1,23.3,99,0.0,2.5,225,1000.1,50,38.2,40.5,221.0,7.5,45.0,0.6
2026-03-26 06:00:00,2026,3,26,6,Thanh Hóa,Xã Xuân Chinh,19.7941161,105.2068756,69,Moderate,1,23.2,99,0.0,3.1,225,1000.9,99,37.8,39.8,251.0,6.1,50.0,0.7
2026-03-26 07:00:00,2026,3,26,7,Thanh Hóa,Xã Xuân Chinh,19.7941161,105.2068756,71,Moderate,1,24.3,95,0.0,0.7,194,1001.8,38,42.0,44.8,273.0,5.3,56.0,0.8
2026-03-26 08:00:00,2026,3,26,8,Thanh Hóa,Xã Xuân Chinh,19.7941161,105.2068756,74,Moderate,1,25.6,87,0.0,2.0,153,1002.4,45,36.8,39.6,280.0,4.4,68.0,0.9
2026-03-26 09:00:00,2026,3,26,9,Thanh Hóa,Xã Xuân Chinh,19.7941161,105.2068756,76,Moderate,1,27.2,79,0.0,3.3,144,1002.7,47,31.4,34.2,281.0,3.1,86.0,1.1
2026-03-26 10:00:00,2026,3,26,10,Thanh Hóa,Xã Xuân Chinh,19.7941161,105.2068756,78,Moderate,1,29.0,71,0.0,4.6,144,1002.4,41,32.0,34.9,281.0,2.1,101.0,1.2
2026-03-26 11:00:00,2026,3,26,11,Thanh Hóa,Xã Xuân Chinh,19.7941161,105.2068756,80,Moderate,1,31.4,61,0.0,6.5,157,1001.6,22,31.0,33.5,286.0,1.7,111.0,1.3
2026-03-26 12:00:00,2026,3,26,12,Thanh Hóa,Xã Xuân Chinh,19.7941161,105.2068756,82,Moderate,1,33.0,55,0.1,6.5,157,1000.3,23,31.0,33.3,292.0,1.6,120.0,1.4
2026-03-26 13:00:00,2026,3,26,13,Thanh Hóa,Xã Xuân Chinh,19.7941161,105.2068756,83,Moderate,1,33.9,49,0.1,5.3,114,998.9,23,31.2,33.6,292.0,1.6,126.0,1.5
2026-03-26 14:00:00,2026,3,26,14,Thanh Hóa,Xã Xuân Chinh,19.7941161,105.2068756,85,Moderate,1,33.2,53,0.1,9.8,103,997.9,33,30.9,33.4,281.0,1.6,132.0,1.7
2026-03-26 15:00:00,2026,3,26,15,Thanh Hóa,Xã Xuân Chinh,19.7941161,105.2068756,86,Moderate,1,29.6,77,0.2,11.9,80,997.8,53,31.2,34.0,265.0,1.8,136.0,2.0
2026-03-26 16:00:00,2026,3,26,16,Thanh Hóa,Xã Xuân Chinh,19.7941161,105.2068756,87,Moderate,1,28.3,82,0.0,9.7,71,997.8,88,29.1,31.9,251.0,2.4,135.0,2.4
2026-03-26 17:00:00,2026,3,26,17,Thanh Hóa,Xã Xuân Chinh,19.7941161,105.2068756,88,Moderate,1,27.2,85,0.0,7.0,72,997.7,29,27.2,30.3,241.0,3.7,126.0,3.0
2026-03-26 18:00:00,2026,3,26,18,Thanh Hóa,Xã Xuân Chinh,19.7941161,105.2068756,89,Moderate,1,25.4,92,0.0,3.4,74,998.1,13,24.2,27.0,234.0,5.4,112.0,3.7
2026-03-26 19:00:00,2026,3,26,19,Thanh Hóa,Xã Xuân Chinh,19.7941161,105.2068756,89,Moderate,1,24.9,96,0.0,3.3,126,998.8,100,24.9,27.9,231.0,7.0,102.0,4.1
2026-03-26 20:00:00,2026,3,26,20,Thanh Hóa,Xã Xuân Chinh,19.7941161,105.2068756,90,Moderate,1,24.9,96,0.0,3.6,150,999.4,16,25.1,28.3,236.0,8.1,95.0,3.7
2026-03-26 21:00:00,2026,3,26,21,Thanh Hóa,Xã Xuân Chinh,19.7941161,105.2068756,91,Moderate,1,24.4,98,0.0,3.1,167,1000.0,6,30.2,33.8,245.0,9.6,85.0,3.1
2026-03-26 22:00:00,2026,3,26,22,Thanh Hóa,Xã Xuân Chinh,19.7941161,105.2068756,92,Moderate,1,24.2,99,0.0,2.2,194,1000.4,22,34.2,38.2,253.0,10.5,78.0,2.6
2026-03-26 23:00:00,2026,3,26,23,Thanh Hóa,Xã Xuân Chinh,19.7941161,105.2068756,93,Moderate,1,24.1,99,0.0,2.4,228,1000.2,31,37.5,41.6,258.0,10.5,76.0,2.2
2026-03-27 00:00:00,2026,3,27,0,Thanh Hóa,Xã Xuân Chinh,19.7941161,105.2068756,94,Moderate,1,23.9,99,0.0,2.7,242,999.8,8,38.6,42.8,261.0,10.1,76.0,1.7
2026-03-27 01:00:00,2026,3,27,1,Thanh Hóa,Xã Xuân Chinh,19.7941161,105.2068756,94,Moderate,1,24.2,100,0.0,1.7,212,999.5,95,41.7,45.6,264.0,9.3,77.0,1.4
2026-03-27 02:00:00,2026,3,27,2,Thanh Hóa,Xã Xuân Chinh,19.7941161,105.2068756,95,Moderate,1,24.2,100,0.0,1.9,197,999.0,39,44.1,47.6,263.0,8.1,78.0,1.1
2026-03-27 03:00:00,2026,3,27,3,Thanh Hóa,Xã Xuân Chinh,19.7941161,105.2068756,96,Moderate,1,23.9,100,0.0,0.9,169,998.5,100,45.4,48.4,262.0,6.7,79.0,0.9
2026-03-27 04:00:00,2026,3,27,4,Thanh Hóa,Xã Xuân Chinh,19.7941161,105.2068756,97,Moderate,1,24.0,100,0.0,0.6,162,998.6,100,45.5,48.1,270.0,5.7,79.0,0.8
2026-03-27 05:00:00,2026,3,27,5,Thanh Hóa,Xã Xuân Chinh,19.7941161,105.2068756,97,Moderate,1,24.0,100,0.0,1.3,135,998.7,100,46.4,48.7,296.0,5.5,75.0,1.0
2026-03-27 06:00:00,2026,3,27,6,Thanh Hóa,Xã Xuân Chinh,19.7941161,105.2068756,98,Moderate,1,24.0,100,0.0,1.9,139,999.2,100,47.7,49.7,331.0,5.8,69.0,1.4
2026-03-27 07:00:00,2026,3,27,7,Thanh Hóa,Xã Xuân Chinh,19.7941161,105.2068756,99,Moderate,1,23.7,99,0.0,3.6,81,1000.3,100,57.4,60.3,356.0,6.3,62.0,1.6
2026-03-27 08:00:00,2026,3,27,8,Thanh Hóa,Xã Xuân Chinh,19.7941161,105.2068756,100,Moderate,1,24.2,99,0.0,2.6,106,1001.2,100,52.2,54.8,362.0,5.3,78.0,1.9
2026-03-27 09:00:00,2026,3,27,9,Thanh Hóa,Xã Xuân Chinh,19.7941161,105.2068756,102,Unhealthy for Sensitive Groups,2,25.5,93,0.0,3.4,72,1001.7,100,46.8,49.9,358.0,3.8,101.0,2.2
2026-03-27 10:00:00,2026,3,27,10,Thanh Hóa,Xã Xuân Chinh,19.7941161,105.2068756,103,Unhealthy for Sensitive Groups,2,27.4,84,0.0,4.3,88,1001.5,98,46.7,49.8,353.0,2.7,121.0,2.5
2026-03-27 11:00:00,2026,3,27,11,Thanh Hóa,Xã Xuân Chinh,19.7941161,105.2068756,105,Unhealthy for Sensitive Groups,2,29.4,75,0.0,6.7,87,1000.8,39,47.5,50.5,351.0,2.1,135.0,2.6
2026-03-27 12:00:00,2026,3,27,12,Thanh Hóa,Xã Xuân Chinh,19.7941161,105.2068756,107,Unhealthy for Sensitive Groups,2,31.3,68,0.0,7.0,77,999.6,37,48.1,51.1,349.0,1.8,146.0,2.7
2026-03-27 13:00:00,2026,3,27,13,Thanh Hóa,Xã Xuân Chinh,19.7941161,105.2068756,109,Unhealthy for Sensitive Groups,2,30.3,72,0.1,12.3,60,998.6,37,48.0,50.9,347.0,1.7,154.0,2.7
2026-03-27 14:00:00,2026,3,27,14,Thanh Hóa,Xã Xuân Chinh,19.7941161,105.2068756,110,Unhealthy for Sensitive Groups,2,30.0,75,0.0,10.6,56,997.9,42,47.5,50.3,346.0,1.8,161.0,2.7
2026-03-27 15:00:00,2026,3,27,15,Thanh Hóa,Xã Xuân Chinh,19.7941161,105.2068756,112,Unhealthy for Sensitive Groups,2,30.8,72,0.0,6.8,61,997.0,30,45.5,48.2,345.0,2.1,164.0,2.7
2026-03-27 16:00:00,2026,3,27,16,Thanh Hóa,Xã Xuân Chinh,19.7941161,105.2068756,113,Unhealthy for Sensitive Groups,2,30.3,73,0.0,11.2,84,996.7,62,43.5,46.1,338.0,2.8,162.0,2.7
2026-03-27 17:00:00,2026,3,27,17,Thanh Hóa,Xã Xuân Chinh,19.7941161,105.2068756,115,Unhealthy for Sensitive Groups,2,27.6,86,0.0,8.7,84,997.0,100,39.1,41.7,321.0,4.1,150.0,2.9
2026-03-27 18:00:00,2026,3,27,18,Thanh Hóa,Xã Xuân Chinh,19.7941161,105.2068756,120,Unhealthy for Sensitive Groups,2,26.2,92,0.0,4.0,93,997.3,100,34.6,37.1,300.0,5.7,133.0,3.0
2026-03-27 19:00:00,2026,3,27,19,Thanh Hóa,Xã Xuân Chinh,19.7941161,105.2068756,123,Unhealthy for Sensitive Groups,2,25.7,95,0.0,3.8,82,997.8,98,29.7,31.4,283.0,7.8,118.0,2.4
2026-03-27 20:00:00,2026,3,27,20,Thanh Hóa,Xã Xuân Chinh,19.7941161,105.2068756,119,Unhealthy for Sensitive Groups,2,25.3,97,0.0,2.2,99,998.9,100,30.0,31.8,276.0,8.4,104.0,2.2
2026-03-27 21:00:00,2026,3,27,21,Thanh Hóa,Xã Xuân Chinh,19.7941161,105.2068756,118,Unhealthy for Sensitive Groups,2,25.3,97,0.0,2.7,132,999.7,100,29.0,31.1,273.0,9.2,86.0,1.9
2026-03-27 22:00:00,2026,3,27,22,Thanh Hóa,Xã Xuân Chinh,19.7941161,105.2068756,118,Unhealthy for Sensitive Groups,2,25.2,97,0.0,2.8,145,1000.1,100,26.7,28.8,272.0,9.7,72.0,1.7
2026-03-27 23:00:00,2026,3,27,23,Thanh Hóa,Xã Xuân Chinh,19.7941161,105.2068756,117,Unhealthy for Sensitive Groups,2,25.0,98,0.0,0.7,104,1000.0,100,23.7,26.0,271.0,9.5,68.0,1.5
2026-03-28 00:00:00,2026,3,28,0,Thanh Hóa,Xã Xuân Chinh,19.7941161,105.2068756,116,Unhealthy for Sensitive Groups,2,24.8,99,0.0,1.7,58,999.5,100,21.9,24.4,271.0,9.1,69.0,1.4
2026-03-28 01:00:00,2026,3,28,1,Thanh Hóa,Xã Xuân Chinh,19.7941161,105.2068756,114,Unhealthy for Sensitive Groups,2,24.8,99,0.0,3.6,93,999.4,100,22.4,24.6,270.0,8.7,69.0,1.3
2026-03-28 02:00:00,2026,3,28,2,Thanh Hóa,Xã Xuân Chinh,19.7941161,105.2068756,112,Unhealthy for Sensitive Groups,2,24.6,99,0.0,3.6,90,998.9,100,24.1,25.7,263.0,8.7,65.0,1.2
2026-03-28 03:00:00,2026,3,28,3,Thanh Hóa,Xã Xuân Chinh,19.7941161,105.2068756,110,Unhealthy for Sensitive Groups,2,24.4,99,0.0,3.2,106,998.6,100,25.8,27.3,254.0,8.8,61.0,1.1
2026-03-28 04:00:00,2026,3,28,4,Thanh Hóa,Xã Xuân Chinh,19.7941161,105.2068756,108,Unhealthy for Sensitive Groups,2,24.2,99,0.0,3.2,117,998.5,100,27.8,29.3,254.0,8.6,59.0,1.0
2026-03-28 05:00:00,2026,3,28,5,Thanh Hóa,Xã Xuân Chinh,19.7941161,105.2068756,106,Unhealthy for Sensitive Groups,2,24.2,98,0.0,2.9,112,998.9,100,29.7,31.4,272.0,7.9,61.0,0.9
2026-03-28 06:00:00,2026,3,28,6,Thanh Hóa,Xã Xuân Chinh,19.7941161,105.2068756,105,Unhealthy for Sensitive Groups,2,24.1,98,0.0,2.6,115,999.8,100,31.5,33.2,298.0,7.0,67.0,0.9
2026-03-28 07:00:00,2026,3,28,7,Thanh Hóa,Xã Xuân Chinh,19.7941161,105.2068756,103,Unhealthy for Sensitive Groups,2,23.9,99,0.0,3.2,109,1000.8,100,31.0,32.9,317.0,6.8,67.0,1.2
2026-03-28 08:00:00,2026,3,28,8,Thanh Hóa,Xã Xuân Chinh,19.7941161,105.2068756,100,Moderate,1,24.2,98,0.0,2.2,104,1001.6,100,29.0,31.0,320.0,6.1,80.0,1.1
2026-03-28 09:00:00,2026,3,28,9,Thanh Hóa,Xã Xuân Chinh,19.7941161,105.2068756,98,Moderate,1,25.3,93,0.0,2.8,101,1002.0,100,25.7,27.8,316.0,5.1,99.0,0.9
2026-03-28 10:00:00,2026,3,28,10,Thanh Hóa,Xã Xuân Chinh,19.7941161,105.2068756,96,Moderate,1,27.8,82,0.1,3.2,117,1001.7,98,29.0,31.3,312.0,4.2,115.0,0.8
2026-03-28 11:00:00,2026,3,28,11,Thanh Hóa,Xã Xuân Chinh,19.7941161,105.2068756,95,Moderate,1,30.2,70,0.0,4.8,119,1001.1,48,32.1,34.5,313.0,3.4,126.0,0.9
2026-03-28 12:00:00,2026,3,28,12,Thanh Hóa,Xã Xuân Chinh,19.7941161,105.2068756,93,Moderate,1,31.5,63,0.0,7.2,103,999.9,13,35.6,38.1,315.0,2.7,135.0,1.0
2026-03-28 13:00:00,2026,3,28,13,Thanh Hóa,Xã Xuân Chinh,19.7941161,105.2068756,92,Moderate,1,32.2,60,0.0,8.3,108,998.9,52,34.7,37.0,316.0,2.3,142.0,1.2
2026-03-28 14:00:00,2026,3,28,14,Thanh Hóa,Xã Xuân Chinh,19.7941161,105.2068756,91,Moderate,1,31.7,62,0.0,9.9,91,998.0,46,34.3,36.6,317.0,2.1,147.0,1.4
2026-03-28 15:00:00,2026,3,28,15,Thanh Hóa,Xã Xuân Chinh,19.7941161,105.2068756,90,Moderate,1,31.6,63,0.0,8.1,84,997.1,36,35.2,37.4,317.0,2.1,150.0,1.6
2026-03-28 16:00:00,2026,3,28,16,Thanh Hóa,Xã Xuân Chinh,19.7941161,105.2068756,89,Moderate,1,31.1,66,0.0,9.4,97,996.6,36,32.4,34.5,310.0,2.7,147.0,2.0
2026-03-28 17:00:00,2026,3,28,17,Thanh Hóa,Xã Xuân Chinh,19.7941161,105.2068756,92,Moderate,1,28.5,78,0.0,8.3,96,997.2,17,29.9,32.0,289.0,4.3,134.0,2.6
2026-03-28 18:00:00,2026,3,28,18,Thanh Hóa,Xã Xuân Chinh,19.7941161,105.2068756,100,Moderate,1,26.5,88,0.0,4.2,97,997.9,29,28.4,30.2,261.0,6.4,115.0,3.4
2026-03-28 19:00:00,2026,3,28,19,Thanh Hóa,Xã Xuân Chinh,19.7941161,105.2068756,100,Moderate,1,25.9,94,0.0,3.6,123,998.4,99,31.0,33.1,240.0,8.4,106.0,3.7
2026-03-28 20:00:00,2026,3,28,20,Thanh Hóa,Xã Xuân Chinh,19.7941161,105.2068756,95,Moderate,1,25.6,94,0.0,2.4,144,999.1,100,33.2,35.4,233.0,9.0,100.0,4.1
2026-03-28 21:00:00,2026,3,28,21,Thanh Hóa,Xã Xuân Chinh,19.7941161,105.2068756,88,Moderate,1,25.1,98,0.0,2.7,152,999.5,100,34.8,36.9,233.0,9.9,90.0,4.6
2026-03-28 22:00:00,2026,3,28,22,Thanh Hóa,Xã Xuân Chinh,19.7941161,105.2068756,87,Moderate,1,24.8,99,0.0,2.4,163,999.7,15,35.5,37.6,235.0,10.8,82.0,4.7
2026-03-28 23:00:00,2026,3,28,23,Thanh Hóa,Xã Xuân Chinh,19.7941161,105.2068756,88,Moderate,1,24.6,99,0.0,1.3,172,999.5,51,41.6,43.5,238.0,11.8,75.0,4.0
2026-03-29 00:00:00,2026,3,29,0,Thanh Hóa,Xã Xuân Chinh,19.7941161,105.2068756,90,Moderate,1,24.8,98,0.0,0.9,180,999.1,98,44.4,46.4,242.0,12.8,69.0,2.9
2026-03-29 01:00:00,2026,3,29,1,Thanh Hóa,Xã Xuân Chinh,19.7941161,105.2068756,92,Moderate,1,25.0,99,0.0,2.3,141,998.5,100,45.1,47.3,247.0,13.1,65.0,1.9
2026-03-29 02:00:00,2026,3,29,2,Thanh Hóa,Xã Xuân Chinh,19.7941161,105.2068756,94,Moderate,1,25.0,99,0.0,3.2,153,998.2,100,46.6,48.7,250.0,12.3,64.0,1.3
2026-03-29 03:00:00,2026,3,29,3,Thanh Hóa,Xã Xuân Chinh,19.7941161,105.2068756,96,Moderate,1,25.1,99,0.0,3.1,140,997.9,100,47.0,49.1,253.0,10.9,65.0,0.9
2026-03-29 04:00:00,2026,3,29,4,Thanh Hóa,Xã Xuân Chinh,19.7941161,105.2068756,98,Moderate,1,25.0,98,0.0,3.6,131,997.9,100,45.2,47.1,264.0,9.4,67.0,0.6
2026-03-29 05:00:00,2026,3,29,5,Thanh Hóa,Xã Xuân Chinh,19.7941161,105.2068756,99,Moderate,1,24.8,99,0.0,3.4,122,998.1,100,42.7,44.5,292.0,8.2,69.0,0.5
2026-03-29 06:00:00,2026,3,29,6,Thanh Hóa,Xã Xuân Chinh,19.7941161,105.2068756,100,Moderate,1,24.7,99,0.0,3.1,130,998.9,100,41.7,43.3,328.0,6.9,73.0,0.6
2026-03-29 07:00:00,2026,3,29,7,Thanh Hóa,Xã Xuân Chinh,19.7941161,105.2068756,101,Unhealthy for Sensitive Groups,2,25.6,99,0.0,4.9,156,999.8,100,34.1,35.4,350.0,5.3,76.0,0.8
2026-03-29 08:00:00,2026,3,29,8,Thanh Hóa,Xã Xuân Chinh,19.7941161,105.2068756,102,Unhealthy for Sensitive Groups,2,26.5,94,0.0,2.7,148,1000.5,100,34.2,35.3,347.0,4.4,90.0,0.8
2026-03-29 09:00:00,2026,3,29,9,Thanh Hóa,Xã Xuân Chinh,19.7941161,105.2068756,102,Unhealthy for Sensitive Groups,2,28.1,87,0.1,4.1,52,1001.4,100,36.7,37.8,330.0,3.1,110.0,0.7
2026-03-29 10:00:00,2026,3,29,10,Thanh Hóa,Xã Xuân Chinh,19.7941161,105.2068756,103,Unhealthy for Sensitive Groups,2,26.9,86,0.5,10.6,35,1002.4,100,38.9,40.2,315.0,2.1,127.0,0.8
2026-03-29 11:00:00,2026,3,29,11,Thanh Hóa,Xã Xuân Chinh,19.7941161,105.2068756,105,Unhealthy for Sensitive Groups,2,25.2,91,0.3,7.4,39,1002.4,98,39.2,40.5,303.0,1.7,137.0,1.1
2026-03-29 12:00:00,2026,3,29,12,Thanh Hóa,Xã Xuân Chinh,19.7941161,105.2068756,105,Unhealthy for Sensitive Groups,2,28.2,76,0.0,7.1,52,1001.0,70,38.4,39.7,293.0,1.6,144.0,1.4
2026-03-29 13:00:00,2026,3,29,13,Thanh Hóa,Xã Xuân Chinh,19.7941161,105.2068756,106,Unhealthy for Sensitive Groups,2,30.5,65,0.0,4.6,108,999.1,19,38.0,39.1,292.0,1.6,149.0,1.8
2026-03-29 14:00:00,2026,3,29,14,Thanh Hóa,Xã Xuân Chinh,19.7941161,105.2068756,106,Unhealthy for Sensitive Groups,2,32.0,60,0.0,5.4,159,997.7,29,37.4,38.6,309.0,1.7,154.0,2.1
2026-03-29 15:00:00,2026,3,29,15,Thanh Hóa,Xã Xuân Chinh,19.7941161,105.2068756,106,Unhealthy for Sensitive Groups,2,32.9,54,0.0,6.4,162,996.7,23,35.3,36.3,336.0,2.0,158.0,2.4
2026-03-29 16:00:00,2026,3,29,16,Thanh Hóa,Xã Xuân Chinh,19.7941161,105.2068756,106,Unhealthy for Sensitive Groups,2,32.5,57,0.0,5.1,144,996.1,23,42.8,44.4,355.0,2.6,157.0,2.7
2026-03-29 17:00:00,2026,3,29,17,Thanh Hóa,Xã Xuân Chinh,19.7941161,105.2068756,108,Unhealthy for Sensitive Groups,2,30.9,67,0.0,6.8,127,996.4,9,36.7,38.0,358.0,3.9,148.0,3.3
2026-03-29 18:00:00,2026,3,29,18,Thanh Hóa,Xã Xuân Chinh,19.7941161,105.2068756,116,Unhealthy for Sensitive Groups,2,27.9,83,0.0,5.9,102,996.6,1,35.5,36.6,353.0,5.6,134.0,4.0
2026-03-29 19:00:00,2026,3,29,19,Thanh Hóa,Xã Xuân Chinh,19.7941161,105.2068756,118,Unhealthy for Sensitive Groups,2,23.2,98,0.0,6.0,263,998.8,51,32.0,32.9,349.0,7.4,114.0,4.3
2026-03-29 20:00:00,2026,3,29,20,Thanh Hóa,Xã Xuân Chinh,19.7941161,105.2068756,113,Unhealthy for Sensitive Groups,2,23.9,96,0.0,7.5,253,998.7,21,33.5,34.6,349.0,8.4,105.0,4.2
2026-03-29 21:00:00,2026,3,29,21,Thanh Hóa,Xã Xuân Chinh,19.7941161,105.2068756,109,Unhealthy for Sensitive Groups,2,23.6,97,0.0,7.1,234,998.9,53,36.3,37.5,350.0,9.8,91.0,4.1
2026-03-29 22:00:00,2026,3,29,22,Thanh Hóa,Xã Xuân Chinh,19.7941161,105.2068756,109,Unhealthy for Sensitive Groups,2,23.4,96,0.0,8.0,239,998.5,0,40.9,42.0,352.0,11.0,79.0,3.7
2026-03-29 23:00:00,2026,3,29,23,Thanh Hóa,Xã Xuân Chinh,19.7941161,105.2068756,110,Unhealthy for Sensitive Groups,2,23.1,97,0.0,7.4,238,998.4,7,48.7,49.8,354.0,11.9,69.0,2.8
2026-03-30 00:00:00,2026,3,30,0,Thanh Hóa,Xã Xuân Chinh,19.7941161,105.2068756,110,Unhealthy for Sensitive Groups,2,22.9,97,0.0,7.6,236,998.0,0,53.2,54.2,356.0,12.7,61.0,1.7
2026-03-30 01:00:00,2026,3,30,1,Thanh Hóa,Xã Xuân Chinh,19.7941161,105.2068756,111,Unhealthy for Sensitive Groups,2,24.4,99,0.0,8.4,230,997.6,16,55.2,56.1,358.0,13.2,54.0,0.9
2026-03-30 02:00:00,2026,3,30,2,Thanh Hóa,Xã Xuân Chinh,19.7941161,105.2068756,112,Unhealthy for Sensitive Groups,2,23.9,99,0.0,7.3,239,997.2,4,55.5,56.3,357.0,13.3,50.0,0.7
2026-03-30 03:00:00,2026,3,30,3,Thanh Hóa,Xã Xuân Chinh,19.7941161,105.2068756,113,Unhealthy for Sensitive Groups,2,23.7,98,0.0,7.0,238,996.6,9,54.6,55.4,356.0,13.0,48.0,0.9
2026-03-30 04:00:00,2026,3,30,4,Thanh Hóa,Xã Xuân Chinh,19.7941161,105.2068756,114,Unhealthy for Sensitive Groups,2,23.5,98,0.0,6.1,238,996.5,20,53.9,54.6,360.0,12.5,47.0,1.2
2026-03-30 05:00:00,2026,3,30,5,Thanh Hóa,Xã Xuân Chinh,19.7941161,105.2068756,115,Unhealthy for Sensitive Groups,2,23.4,97,0.0,5.2,243,997.1,12,53.0,53.6,378.0,11.7,45.0,1.6
2026-03-30 06:00:00,2026,3,30,6,Thanh Hóa,Xã Xuân Chinh,19.7941161,105.2068756,116,Unhealthy for Sensitive Groups,2,23.4,94,0.0,2.2,279,998.0,13,52.5,53.1,401.0,10.5,45.0,2.0
2026-03-30 07:00:00,2026,3,30,7,Thanh Hóa,Xã Xuân Chinh,19.7941161,105.2068756,117,Unhealthy for Sensitive Groups,2,24.5,91,0.0,3.1,270,998.6,31,58.2,59.1,411.0,7.9,57.0,1.9
2026-03-30 08:00:00,2026,3,30,8,Thanh Hóa,Xã Xuân Chinh,19.7941161,105.2068756,120,Unhealthy for Sensitive Groups,2,26.7,87,0.0,0.9,37,999.8,13,52.7,53.6,395.0,6.1,79.0,2.5
2026-03-30 09:00:00,2026,3,30,9,Thanh Hóa,Xã Xuân Chinh,19.7941161,105.2068756,122,Unhealthy for Sensitive Groups,2,28.5,78,0.0,1.8,79,1000.5,6,51.3,52.7,365.0,3.7,110.0,3.2
2026-03-30 10:00:00,2026,3,30,10,Thanh Hóa,Xã Xuân Chinh,19.7941161,105.2068756,123,Unhealthy for Sensitive Groups,2,31.3,66,0.0,3.2,161,1000.1,3,48.9,51.2,337.0,1.9,134.0,3.7
2026-03-30 11:00:00,2026,3,30,11,Thanh Hóa,Xã Xuân Chinh,19.7941161,105.2068756,124,Unhealthy for Sensitive Groups,2,33.6,51,0.0,4.7,178,999.4,13,44.1,46.4,316.0,1.3,143.0,3.6
2026-03-30 12:00:00,2026,3,30,12,Thanh Hóa,Xã Xuân Chinh,19.7941161,105.2068756,125,Unhealthy for Sensitive Groups,2,35.4,40,0.0,6.5,214,998.1,23,38.8,41.0,298.0,1.2,144.0,3.1
2026-03-30 13:00:00,2026,3,30,13,Thanh Hóa,Xã Xuân Chinh,19.7941161,105.2068756,125,Unhealthy for Sensitive Groups,2,35.8,32,0.0,8.4,242,996.8,23,35.0,37.1,286.0,1.3,144.0,2.8
2026-03-30 14:00:00,2026,3,30,14,Thanh Hóa,Xã Xuân Chinh,19.7941161,105.2068756,124,Unhealthy for Sensitive Groups,2,36.1,31,0.0,12.7,235,995.5,27,32.0,34.1,280.0,1.2,144.0,2.7
2026-03-30 15:00:00,2026,3,30,15,Thanh Hóa,Xã Xuân Chinh,19.7941161,105.2068756,124,Unhealthy for Sensitive Groups,2,35.1,35,0.0,13.5,233,995.0,42,29.8,31.7,279.0,1.2,143.0,2.6
2026-03-30 16:00:00,2026,3,30,16,Thanh Hóa,Xã Xuân Chinh,19.7941161,105.2068756,123,Unhealthy for Sensitive Groups,2,34.6,39,0.0,9.8,229,994.7,13,29.7,31.2,287.0,1.7,139.0,2.7
2026-03-30 17:00:00,2026,3,30,17,Thanh Hóa,Xã Xuân Chinh,19.7941161,105.2068756,122,Unhealthy for Sensitive Groups,2,33.0,51,0.0,5.1,207,994.5,2,31.3,32.9,309.0,3.2,131.0,3.0
2026-03-30 18:00:00,2026,3,30,18,Thanh Hóa,Xã Xuân Chinh,19.7941161,105.2068756,121,Unhealthy for Sensitive Groups,2,29.9,58,0.0,8.6,206,994.7,7,34.0,35.6,340.0,5.3,120.0,3.6
2026-03-30 19:00:00,2026,3,30,19,Thanh Hóa,Xã Xuân Chinh,19.7941161,105.2068756,121,Unhealthy for Sensitive Groups,2,29.3,58,0.0,11.1,230,995.1,2,37.7,38.8,367.0,8.7,124.0,5.3
2026-03-30 20:00:00,2026,3,30,20,Thanh Hóa,Xã Xuân Chinh,19.7941161,105.2068756,122,Unhealthy for Sensitive Groups,2,29.3,59,0.0,9.9,226,996.0,1,36.7,37.6,384.0,9.7,116.0,5.8
2026-03-30 21:00:00,2026,3,30,21,Thanh Hóa,Xã Xuân Chinh,19.7941161,105.2068756,122,Unhealthy for Sensitive Groups,2,28.9,60,0.0,9.8,232,997.0,3,36.0,36.8,397.0,11.0,106.0,6.5
2026-03-30 22:00:00,2026,3,30,22,Thanh Hóa,Xã Xuân Chinh,19.7941161,105.2068756,122,Unhealthy for Sensitive Groups,2,27.9,65,0.0,9.0,237,997.5,2,37.3,38.2,406.0,12.0,96.0,6.9
2026-03-30 23:00:00,2026,3,30,23,Thanh Hóa,Xã Xuân Chinh,19.7941161,105.2068756,122,Unhealthy for Sensitive Groups,2,26.6,71,0.0,7.9,243,997.6,0,39.3,40.4,412.0,12.3,88.0,6.7
2026-03-31 00:00:00,2026,3,31,0,Thanh Hóa,Xã Xuân Chinh,19.7941161,105.2068756,121,Unhealthy for Sensitive Groups,2,25.7,76,0.0,7.3,242,997.4,0,41.6,42.7,414.0,12.2,82.0,6.2
2026-03-31 01:00:00,2026,3,31,1,Thanh Hóa,Xã Xuân Chinh,19.7941161,105.2068756,119,Unhealthy for Sensitive Groups,2,26.1,76,0.0,8.8,242,996.7,14,44.1,45.5,411.0,12.1,75.0,5.6
2026-03-31 02:00:00,2026,3,31,2,Thanh Hóa,Xã Xuân Chinh,19.7941161,105.2068756,118,Unhealthy for Sensitive Groups,2,26.1,74,0.0,7.2,231,996.5,12,47.7,49.2,399.0,12.1,67.0,5.1
2026-03-31 03:00:00,2026,3,31,3,Thanh Hóa,Xã Xuân Chinh,19.7941161,105.2068756,118,Unhealthy for Sensitive Groups,2,25.6,75,0.0,7.0,222,996.1,0,50.8,52.3,383.0,12.0,59.0,4.5
2026-03-31 04:00:00,2026,3,31,4,Thanh Hóa,Xã Xuân Chinh,19.7941161,105.2068756,117,Unhealthy for Sensitive Groups,2,25.2,75,0.0,7.9,229,996.0,0,52.6,54.0,376.0,11.4,55.0,4.0
2026-03-31 05:00:00,2026,3,31,5,Thanh Hóa,Xã Xuân Chinh,19.7941161,105.2068756,117,Unhealthy for Sensitive Groups,2,25.1,74,0.0,8.5,234,996.4,0,54.1,55.5,391.0,10.2,54.0,3.7
2026-03-31 06:00:00,2026,3,31,6,Thanh Hóa,Xã Xuân Chinh,19.7941161,105.2068756,117,Unhealthy for Sensitive Groups,2,24.8,75,0.0,8.5,235,997.1,0,55.4,56.8,414.0,8.5,55.0,3.5
2026-03-31 07:00:00,2026,3,31,7,Thanh Hóa,Xã Xuân Chinh,19.7941161,105.2068756,117,Unhealthy for Sensitive Groups,2,25.7,77,0.0,8.9,242,998.1,0,77.3,78.9,421.0,8.3,58.0,3.2
2026-03-31 08:00:00,2026,3,31,8,Thanh Hóa,Xã Xuân Chinh,19.7941161,105.2068756,119,Unhealthy for Sensitive Groups,2,29.6,68,0.0,6.6,225,998.9,0,77.8,79.6,393.0,6.5,83.0,3.3
2026-03-31 09:00:00,2026,3,31,9,Thanh Hóa,Xã Xuân Chinh,19.7941161,105.2068756,122,Unhealthy for Sensitive Groups,2,32.5,53,0.0,6.1,212,999.6,0,74.3,77.5,349.0,3.9,117.0,3.5
2026-03-31 10:00:00,2026,3,31,10,Thanh Hóa,Xã Xuân Chinh,19.7941161,105.2068756,124,Unhealthy for Sensitive Groups,2,34.4,44,0.0,8.7,220,999.4,0,53.7,57.5,316.0,2.0,142.0,3.6
2026-03-31 11:00:00,2026,3,31,11,Thanh Hóa,Xã Xuân Chinh,19.7941161,105.2068756,125,Unhealthy for Sensitive Groups,2,35.8,39,0.0,10.3,227,998.5,18,41.0,44.8,307.0,1.3,149.0,3.5
2026-03-31 12:00:00,2026,3,31,12,Thanh Hóa,Xã Xuân Chinh,19.7941161,105.2068756,125,Unhealthy for Sensitive Groups,2,36.9,35,0.0,9.5,226,997.5,17,38.2,43.1,310.0,1.3,148.0,3.2
2026-03-31 13:00:00,2026,3,31,13,Thanh Hóa,Xã Xuân Chinh,19.7941161,105.2068756,125,Unhealthy for Sensitive Groups,2,38.0,25,0.0,9.2,244,996.1,16,39.1,45.5,312.0,1.4,146.0,3.1
2026-03-31 14:00:00,2026,3,31,14,Thanh Hóa,Xã Xuân Chinh,19.7941161,105.2068756,125,Unhealthy for Sensitive Groups,2,38.2,26,0.0,10.0,252,995.2,9,40.2,48.1,308.0,1.4,148.0,3.0
2026-03-31 15:00:00,2026,3,31,15,Thanh Hóa,Xã Xuân Chinh,19.7941161,105.2068756,126,Unhealthy for Sensitive Groups,2,37.8,28,0.0,8.2,230,994.6,12,40.7,49.7,302.0,1.5,149.0,3.0
2026-03-31 16:00:00,2026,3,31,16,Thanh Hóa,Xã Xuân Chinh,19.7941161,105.2068756,127,Unhealthy for Sensitive Groups,2,37.2,29,0.0,6.3,200,994.1,16,42.6,52.2,301.0,2.4,146.0,3.3
2026-03-31 17:00:00,2026,3,31,17,Thanh Hóa,Xã Xuân Chinh,19.7941161,105.2068756,128,Unhealthy for Sensitive Groups,2,34.4,46,0.0,5.2,186,994.3,28,46.4,55.1,303.0,4.6,137.0,4.0
2026-03-31 18:00:00,2026,3,31,18,Thanh Hóa,Xã Xuân Chinh,19.7941161,105.2068756,130,Unhealthy for Sensitive Groups,2,30.9,55,0.0,4.8,239,995.0,41,50.2,58.8,309.0,7.6,124.0,5.0
2026-03-31 19:00:00,2026,3,31,19,Thanh Hóa,Xã Xuân Chinh,19.7941161,105.2068756,132,Unhealthy for Sensitive Groups,2,29.5,60,0.0,4.8,283,996.0,5,78.0,90.6,325.0,6.3,118.0,4.6
2026-03-31 20:00:00,2026,3,31,20,Thanh Hóa,Xã Xuân Chinh,19.7941161,105.2068756,136,Unhealthy for Sensitive Groups,2,28.2,64,0.0,2.9,270,996.5,2,79.4,91.7,363.0,7.3,107.0,4.4
2026-03-31 21:00:00,2026,3,31,21,Thanh Hóa,Xã Xuân Chinh,19.7941161,105.2068756,140,Unhealthy for Sensitive Groups,2,27.1,66,0.0,3.0,256,997.0,0,81.3,93.1,412.0,8.8,92.0,4.2
2026-03-31 22:00:00,2026,3,31,22,Thanh Hóa,Xã Xuân Chinh,19.7941161,105.2068756,145,Unhealthy for Sensitive Groups,2,26.5,67,0.0,5.0,249,997.5,0,82.2,93.4,441.0,10.0,81.0,5.2
2026-03-31 23:00:00,2026,3,31,23,Thanh Hóa,Xã Xuân Chinh,19.7941161,105.2068756,150,Unhealthy for Sensitive Groups,2,26.1,71,0.0,2.2,284,998.2,0,82.2,92.0,432.0,10.9,79.0,8.3
2026-04-01 00:00:00,2026,4,1,0,Thanh Hóa,Xã Xuân Chinh,19.7941161,105.2068756,151,Unhealthy,3,25.0,89,0.0,12.0,28,1000.7,68,79.2,85.9,404.0,11.7,81.0,12.6
2026-04-01 01:00:00,2026,4,1,1,Thanh Hóa,Xã Xuân Chinh,19.7941161,105.2068756,152,Unhealthy,3,25.1,93,0.0,11.8,25,1000.5,100,69.4,73.1,381.0,12.0,84.0,16.2
2026-04-01 02:00:00,2026,4,1,2,Thanh Hóa,Xã Xuân Chinh,19.7941161,105.2068756,152,Unhealthy,3,25.2,90,0.1,7.9,24,1000.8,100,56.3,58.0,371.0,11.6,86.0,18.4
2026-04-01 03:00:00,2026,4,1,3,Thanh Hóa,Xã Xuân Chinh,19.7941161,105.2068756,152,Unhealthy,3,24.9,90,0.0,9.6,33,1000.8,73,47.5,48.5,366.0,10.9,88.0,19.9
2026-04-01 04:00:00,2026,4,1,4,Thanh Hóa,Xã Xuân Chinh,19.7941161,105.2068756,152,Unhealthy,3,24.3,92,0.0,7.7,25,1001.3,93,42.7,44.0,372.0,10.4,89.0,20.9
2026-04-01 05:00:00,2026,4,1,5,Thanh Hóa,Xã Xuân Chinh,19.7941161,105.2068756,152,Unhealthy,3,24.2,89,0.0,7.0,29,1002.4,100,41.2,42.7,401.0,10.6,87.0,21.6
2026-04-01 06:00:00,2026,4,1,6,Thanh Hóa,Xã Xuân Chinh,19.7941161,105.2068756,152,Unhealthy,3,24.2,86,0.0,6.4,38,1003.1,93,41.9,44.2,441.0,11.1,84.0,21.8
2026-04-01 07:00:00,2026,4,1,7,Thanh Hóa,Xã Xuân Chinh,19.7941161,105.2068756,152,Unhealthy,3,24.4,91,0.0,2.7,58,1003.5,90,41.2,43.2,462.0,12.4,79.0,22.8
2026-04-01 08:00:00,2026,4,1,8,Thanh Hóa,Xã Xuân Chinh,19.7941161,105.2068756,151,Unhealthy,3,25.6,80,0.0,3.6,81,1004.5,19,43.4,46.3,444.0,12.0,85.0,22.4
2026-04-01 09:00:00,2026,4,1,9,Thanh Hóa,Xã Xuân Chinh,19.7941161,105.2068756,150,Unhealthy for Sensitive Groups,2,26.6,73,0.1,6.0,81,1005.0,100,44.7,48.3,406.0,11.3,93.0,21.9
2026-04-01 10:00:00,2026,4,1,10,Thanh Hóa,Xã Xuân Chinh,19.7941161,105.2068756,147,Unhealthy for Sensitive Groups,2,26.8,73,0.0,6.1,102,1004.9,100,44.6,48.7,382.0,10.5,102.0,20.9
2026-04-01 11:00:00,2026,4,1,11,Thanh Hóa,Xã Xuân Chinh,19.7941161,105.2068756,146,Unhealthy for Sensitive Groups,2,27.2,72,0.0,6.1,113,1004.4,100,50.3,55.6,386.0,9.3,111.0,19.3
2026-04-01 12:00:00,2026,4,1,12,Thanh Hóa,Xã Xuân Chinh,19.7941161,105.2068756,147,Unhealthy for Sensitive Groups,2,27.2,73,0.1,6.2,116,1003.3,100,47.1,51.7,403.0,8.0,120.0,17.2
2026-04-01 13:00:00,2026,4,1,13,Thanh Hóa,Xã Xuân Chinh,19.7941161,105.2068756,148,Unhealthy for Sensitive Groups,2,26.9,72,0.0,6.0,115,1002.6,100,53.3,58.1,417.0,7.0,128.0,15.4
2026-04-01 14:00:00,2026,4,1,14,Thanh Hóa,Xã Xuân Chinh,19.7941161,105.2068756,149,Unhealthy for Sensitive Groups,2,27.1,71,0.0,6.2,120,1001.6,100,51.5,55.5,422.0,6.4,134.0,14.0
2026-04-01 15:00:00,2026,4,1,15,Thanh Hóa,Xã Xuân Chinh,19.7941161,105.2068756,150,Unhealthy for Sensitive Groups,2,26.7,73,0.0,7.8,112,1000.7,100,53.6,57.3,424.0,6.1,139.0,12.8
2026-04-01 16:00:00,2026,4,1,16,Thanh Hóa,Xã Xuân Chinh,19.7941161,105.2068756,150,Unhealthy for Sensitive Groups,2,26.5,74,0.0,6.8,102,1000.1,70,54.1,57.6,420.0,6.3,140.0,12.0
2026-04-01 17:00:00,2026,4,1,17,Thanh Hóa,Xã Xuân Chinh,19.7941161,105.2068756,151,Unhealthy,3,26.0,76,0.0,5.0,105,999.6,91,53.2,56.3,405.0,7.1,135.0,11.6
2026-04-01 18:00:00,2026,4,1,18,Thanh Hóa,Xã Xuân Chinh,19.7941161,105.2068756,151,Unhealthy,3,25.2,80,0.0,5.8,104,999.8,100,51.2,53.8,383.0,8.2,126.0,11.5
2026-04-01 19:00:00,2026,4,1,19,Thanh Hóa,Xã Xuân Chinh,19.7941161,105.2068756,151,Unhealthy,3,24.1,89,0.0,5.2,86,1001.2,98,56.3,59.0,367.0,9.0,118.0,9.8
2026-04-01 20:00:00,2026,4,1,20,Thanh Hóa,Xã Xuân Chinh,19.7941161,105.2068756,150,Unhealthy for Sensitive Groups,2,23.8,90,0.0,4.8,103,1002.0,100,56.5,59.4,361.0,9.7,112.0,9.6
2026-04-01 21:00:00,2026,4,1,21,Thanh Hóa,Xã Xuân Chinh,19.7941161,105.2068756,149,Unhealthy for Sensitive Groups,2,23.5,91,0.0,3.9,124,1002.8,100,56.6,59.6,359.0,10.7,104.0,9.3
2026-04-01 22:00:00,2026,4,1,22,Thanh Hóa,Xã Xuân Chinh,19.7941161,105.2068756,147,Unhealthy for Sensitive Groups,2,22.9,95,0.0,3.4,137,1003.4,100,56.9,60.3,361.0,11.2,98.0,9.0
2026-04-01 23:00:00,2026,4,1,23,Thanh Hóa,Xã Xuân Chinh,19.7941161,105.2068756,144,Unhealthy for Sensitive Groups,2,22.9,95,0.0,3.4,148,1003.3,100,57.0,60.8,367.0,10.9,97.0,8.8
2026-04-02 00:00:00,2026,4,2,0,Thanh Hóa,Xã Xuân Chinh,19.7941161,105.2068756,141,Unhealthy for Sensitive Groups,2,23.0,94,0.0,4.4,159,1002.9,100,57.4,61.5,375.0,10.2,98.0,8.5
2026-04-02 01:00:00,2026,4,2,1,Thanh Hóa,Xã Xuân Chinh,19.7941161,105.2068756,139,Unhealthy for Sensitive Groups,2,23.1,95,0.0,4.8,146,1002.4,100,57.9,61.9,381.0,9.1,100.0,7.9
2026-04-02 02:00:00,2026,4,2,2,Thanh Hóa,Xã Xuân Chinh,19.7941161,105.2068756,138,Unhealthy for Sensitive Groups,2,23.2,94,0.0,4.2,155,1002.2,100,57.7,61.9,380.0,7.6,103.0,6.7
2026-04-02 03:00:00,2026,4,2,3,Thanh Hóa,Xã Xuân Chinh,19.7941161,105.2068756,138,Unhealthy for Sensitive Groups,2,23.3,93,0.0,4.5,164,1001.6,100,57.5,61.9,377.0,5.7,107.0,5.1
2026-04-02 04:00:00,2026,4,2,4,Thanh Hóa,Xã Xuân Chinh,19.7941161,105.2068756,139,Unhealthy for Sensitive Groups,2,23.3,93,0.0,3.8,172,1001.6,99,56.3,60.5,379.0,4.3,109.0,3.8
2026-04-02 05:00:00,2026,4,2,5,Thanh Hóa,Xã Xuân Chinh,19.7941161,105.2068756,141,Unhealthy for Sensitive Groups,2,23.4,93,0.0,3.4,180,1001.7,92,55.4,58.8,394.0,3.6,108.0,3.0
2026-04-02 06:00:00,2026,4,2,6,Thanh Hóa,Xã Xuân Chinh,19.7941161,105.2068756,142,Unhealthy for Sensitive Groups,2,23.2,95,0.0,3.8,183,1002.1,78,53.4,56.6,414.0,3.3,105.0,2.5
2026-04-02 07:00:00,2026,4,2,7,Thanh Hóa,Xã Xuân Chinh,19.7941161,105.2068756,143,Unhealthy for Sensitive Groups,2,24.0,89,0.0,3.1,177,1002.4,100,50.1,53.9,425.0,3.6,109.0,2.6
2026-04-02 08:00:00,2026,4,2,8,Thanh Hóa,Xã Xuân Chinh,19.7941161,105.2068756,144,Unhealthy for Sensitive Groups,2,25.3,85,0.0,5.2,178,1003.1,100,48.1,51.7,416.0,3.2,112.0,2.1
2026-04-02 09:00:00,2026,4,2,9,Thanh Hóa,Xã Xuân Chinh,19.7941161,105.2068756,145,Unhealthy for Sensitive Groups,2,27.0,77,0.0,8.3,185,1003.0,94,43.3,46.6,398.0,2.6,116.0,1.5
2026-04-02 10:00:00,2026,4,2,10,Thanh Hóa,Xã Xuân Chinh,19.7941161,105.2068756,145,Unhealthy for Sensitive Groups,2,28.6,71,0.0,8.5,182,1002.6,73,41.8,45.2,384.0,2.1,121.0,1.1
2026-04-02 11:00:00,2026,4,2,11,Thanh Hóa,Xã Xuân Chinh,19.7941161,105.2068756,144,Unhealthy for Sensitive Groups,2,30.9,61,0.0,9.6,168,1001.5,2,40.4,44.0,378.0,1.8,127.0,1.0
2026-04-02 12:00:00,2026,4,2,12,Thanh Hóa,Xã Xuân Chinh,19.7941161,105.2068756,143,Unhealthy for Sensitive Groups,2,31.9,61,0.0,10.0,159,1000.4,6,40.5,44.5,376.0,1.5,133.0,1.1
2026-04-02 13:00:00,2026,4,2,13,Thanh Hóa,Xã Xuân Chinh,19.7941161,105.2068756,143,Unhealthy for Sensitive Groups,2,32.3,59,0.0,10.4,169,999.4,37,40.4,44.2,378.0,1.4,139.0,1.3
2026-04-02 14:00:00,2026,4,2,14,Thanh Hóa,Xã Xuân Chinh,19.7941161,105.2068756,141,Unhealthy for Sensitive Groups,2,32.7,58,0.0,8.7,162,997.9,41,41.4,45.4,387.0,1.3,146.0,1.6
2026-04-02 15:00:00,2026,4,2,15,Thanh Hóa,Xã Xuân Chinh,19.7941161,105.2068756,140,Unhealthy for Sensitive Groups,2,32.4,64,0.9,9.2,179,997.0,39,43.0,47.3,399.0,1.4,153.0,2.0
2026-04-02 16:00:00,2026,4,2,16,Thanh Hóa,Xã Xuân Chinh,19.7941161,105.2068756,139,Unhealthy for Sensitive Groups,2,31.8,66,0.1,7.3,147,996.4,20,43.8,48.2,405.0,2.0,153.0,2.5
2026-04-02 17:00:00,2026,4,2,17,Thanh Hóa,Xã Xuân Chinh,19.7941161,105.2068756,138,Unhealthy for Sensitive Groups,2,30.2,73,0.0,7.6,128,996.5,75,41.8,44.9,398.0,3.4,143.0,3.2
2026-04-02 18:00:00,2026,4,2,18,Thanh Hóa,Xã Xuân Chinh,19.7941161,105.2068756,137,Unhealthy for Sensitive Groups,2,27.9,86,0.0,4.8,124,997.4,51,37.1,39.2,384.0,5.3,126.0,3.9
2026-04-02 19:00:00,2026,4,2,19,Thanh Hóa,Xã Xuân Chinh,19.7941161,105.2068756,135,Unhealthy for Sensitive Groups,2,26.1,92,0.0,4.1,151,998.3,9,47.0,49.9,369.0,7.3,122.0,4.7
2026-04-02 20:00:00,2026,4,2,20,Thanh Hóa,Xã Xuân Chinh,19.7941161,105.2068756,134,Unhealthy for Sensitive Groups,2,25.4,95,0.0,5.6,178,999.1,11,47.6,50.2,352.0,8.1,114.0,4.1
2026-04-02 21:00:00,2026,4,2,21,Thanh Hóa,Xã Xuân Chinh,19.7941161,105.2068756,133,Unhealthy for Sensitive Groups,2,24.7,97,0.0,4.3,208,999.3,38,49.6,52.0,333.0,9.1,102.0,3.3
2026-04-02 22:00:00,2026,4,2,22,Thanh Hóa,Xã Xuân Chinh,19.7941161,105.2068756,133,Unhealthy for Sensitive Groups,2,24.4,98,0.0,4.6,222,999.6,10,54.9,57.5,320.0,10.1,92.0,2.5
2026-04-02 23:00:00,2026,4,2,23,Thanh Hóa,Xã Xuân Chinh,19.7941161,105.2068756,132,Unhealthy for Sensitive Groups,2,24.3,98,0.0,3.2,232,999.2,35,59.1,61.7,314.0,11.0,84.0,1.9
2026-04-03 00:00:00,2026,4,3,0,Thanh Hóa,Xã Xuân Chinh,19.7941161,105.2068756,133,Unhealthy for Sensitive Groups,2,24.1,98,0.0,2.4,253,998.8,52,62.2,65.0,313.0,11.8,78.0,1.4
2026-04-03 01:00:00,2026,4,3,1,Thanh Hóa,Xã Xuân Chinh,19.7941161,105.2068756,133,Unhealthy for Sensitive Groups,2,24.9,99,0.0,1.9,236,998.7,100,65.4,68.0,319.0,12.1,73.0,1.0
2026-04-03 02:00:00,2026,4,3,2,Thanh Hóa,Xã Xuân Chinh,19.7941161,105.2068756,134,Unhealthy for Sensitive Groups,2,25.0,99,0.0,3.4,227,998.4,100,68.2,71.0,334.0,11.4,70.0,0.7
2026-04-03 03:00:00,2026,4,3,3,Thanh Hóa,Xã Xuân Chinh,19.7941161,105.2068756,135,Unhealthy for Sensitive Groups,2,25.1,98,0.0,4.9,216,997.6,51,68.2,70.8,355.0,10.2,69.0,0.6
2026-04-03 04:00:00,2026,4,3,4,Thanh Hóa,Xã Xuân Chinh,19.7941161,105.2068756,136,Unhealthy for Sensitive Groups,2,25.2,97,0.0,5.8,216,997.1,7,66.8,69.4,381.0,9.0,69.0,0.6
2026-04-03 05:00:00,2026,4,3,5,Thanh Hóa,Xã Xuân Chinh,19.7941161,105.2068756,137,Unhealthy for Sensitive Groups,2,25.0,97,0.0,6.4,225,997.0,27,65.2,67.5,419.0,8.1,66.0,0.9
2026-04-03 06:00:00,2026,4,3,6,Thanh Hóa,Xã Xuân Chinh,19.7941161,105.2068756,138,Unhealthy for Sensitive Groups,2,24.4,98,0.0,5.6,241,997.3,45,63.3,65.9,461.0,7.3,65.0,1.3
2026-04-03 07:00:00,2026,4,3,7,Thanh Hóa,Xã Xuân Chinh,19.7941161,105.2068756,139,Unhealthy for Sensitive Groups,2,25.6,93,0.0,6.9,237,997.5,0,70.1,72.6,483.0,7.6,64.0,1.4
2026-04-03 08:00:00,2026,4,3,8,Thanh Hóa,Xã Xuân Chinh,19.7941161,105.2068756,141,Unhealthy for Sensitive Groups,2,28.2,82,0.0,4.6,225,998.1,3,67.5,70.8,467.0,6.0,86.0,1.7
2026-04-03 09:00:00,2026,4,3,9,Thanh Hóa,Xã Xuân Chinh,19.7941161,105.2068756,143,Unhealthy for Sensitive Groups,2,31.6,67,0.0,4.4,210,998.4,6,66.6,71.9,430.0,3.8,116.0,2.2
2026-04-03 10:00:00,2026,4,3,10,Thanh Hóa,Xã Xuân Chinh,19.7941161,105.2068756,146,Unhealthy for Sensitive Groups,2,34.4,48,0.0,9.0,223,998.2,2,64.0,69.8,397.0,2.1,139.0,2.6
2026-04-03 11:00:00,2026,4,3,11,Thanh Hóa,Xã Xuân Chinh,19.7941161,105.2068756,148,Unhealthy for Sensitive Groups,2,36.1,43,0.0,12.6,233,997.1,14,57.9,63.1,376.0,1.4,149.0,2.8
2026-04-03 12:00:00,2026,4,3,12,Thanh Hóa,Xã Xuân Chinh,19.7941161,105.2068756,150,Unhealthy for Sensitive Groups,2,37.1,37,0.0,11.4,241,995.9,23,55.1,61.2,359.0,1.2,151.0,2.9
2026-04-03 13:00:00,2026,4,3,13,Thanh Hóa,Xã Xuân Chinh,19.7941161,105.2068756,150,Unhealthy for Sensitive Groups,2,38.3,29,0.0,11.1,231,993.9,13,55.8,64.7,343.0,1.2,152.0,3.0
2026-04-03 14:00:00,2026,4,3,14,Thanh Hóa,Xã Xuân Chinh,19.7941161,105.2068756,151,Unhealthy,3,38.6,28,0.0,13.2,239,992.8,10,57.5,68.9,327.0,1.1,152.0,2.9
2026-04-03 15:00:00,2026,4,3,15,Thanh Hóa,Xã Xuân Chinh,19.7941161,105.2068756,151,Unhealthy,3,38.5,28,0.0,9.9,241,991.9,20,58.9,71.9,313.0,1.2,151.0,2.7
2026-04-03 16:00:00,2026,4,3,16,Thanh Hóa,Xã Xuân Chinh,19.7941161,105.2068756,151,Unhealthy,3,38.0,30,0.0,8.5,232,991.4,80,59.5,72.6,306.0,1.8,146.0,2.8
2026-04-03 17:00:00,2026,4,3,17,Thanh Hóa,Xã Xuân Chinh,19.7941161,105.2068756,152,Unhealthy,3,35.1,46,0.0,5.0,232,991.7,76,59.6,69.4,309.0,3.2,137.0,3.2
2026-04-03 18:00:00,2026,4,3,18,Thanh Hóa,Xã Xuân Chinh,19.7941161,105.2068756,152,Unhealthy,3,32.2,55,0.0,1.8,264,992.4,20,59.5,67.5,319.0,5.2,126.0,3.8
2026-04-03 19:00:00,2026,4,3,19,Thanh Hóa,Xã Xuân Chinh,19.7941161,105.2068756,153,Unhealthy,3,29.7,58,0.0,7.4,223,993.1,2,87.3,100.1,331.0,7.2,117.0,4.7
2026-04-03 20:00:00,2026,4,3,20,Thanh Hóa,Xã Xuân Chinh,19.7941161,105.2068756,153,Unhealthy,3,28.3,65,0.0,4.2,260,993.8,12,89.6,102.4,347.0,8.8,110.0,5.8
2026-04-03 21:00:00,2026,4,3,21,Thanh Hóa,Xã Xuân Chinh,19.7941161,105.2068756,154,Unhealthy,3,27.4,69,0.0,3.1,277,994.8,0,91.5,103.8,365.0,11.0,99.0,7.4
2026-04-03 22:00:00,2026,4,3,22,Thanh Hóa,Xã Xuân Chinh,19.7941161,105.2068756,155,Unhealthy,3,27.4,67,0.0,1.1,270,995.5,8,92.4,103.6,379.0,12.7,88.0,8.4
2026-04-03 23:00:00,2026,4,3,23,Thanh Hóa,Xã Xuân Chinh,19.7941161,105.2068756,156,Unhealthy,3,27.6,66,0.0,0.9,281,995.5,0,91.7,101.3,384.0,13.5,76.0,8.5
2026-04-04 00:00:00,2026,4,4,0,Thanh Hóa,Xã Xuân Chinh,19.7941161,105.2068756,157,Unhealthy,3,27.4,67,0.0,1.5,284,995.2,9,89.9,98.7,384.0,13.8,64.0,8.1
2026-04-04 01:00:00,2026,4,4,1,Thanh Hóa,Xã Xuân Chinh,19.7941161,105.2068756,157,Unhealthy,3,26.6,73,0.0,3.3,248,994.7,0,88.9,97.1,385.0,14.0,53.0,7.4
2026-04-04 02:00:00,2026,4,4,2,Thanh Hóa,Xã Xuân Chinh,19.7941161,105.2068756,158,Unhealthy,3,26.2,73,0.0,1.3,262,994.1,0,88.7,96.4,385.0,14.1,44.0,6.1
2026-04-04 03:00:00,2026,4,4,3,Thanh Hóa,Xã Xuân Chinh,19.7941161,105.2068756,158,Unhealthy,3,26.1,73,0.0,1.7,257,993.7,0,88.5,95.9,385.0,14.0,38.0,4.6
2026-04-04 04:00:00,2026,4,4,4,Thanh Hóa,Xã Xuân Chinh,19.7941161,105.2068756,159,Unhealthy,3,26.0,72,0.0,0.7,284,994.0,0,88.9,96.2,398.0,13.7,35.0,3.9
2026-04-04 05:00:00,2026,4,4,5,Thanh Hóa,Xã Xuân Chinh,19.7941161,105.2068756,159,Unhealthy,3,25.9,72,0.0,1.2,333,994.6,8,89.4,96.4,441.0,13.2,37.0,4.5
2026-04-04 06:00:00,2026,4,4,6,Thanh Hóa,Xã Xuân Chinh,19.7941161,105.2068756,160,Unhealthy,3,24.1,93,0.0,10.1,55,996.7,100,88.5,95.9,496.0,12.6,43.0,6.0
2026-04-04 07:00:00,2026,4,4,7,Thanh Hóa,Xã Xuân Chinh,19.7941161,105.2068756,160,Unhealthy,3,24.9,100,0.0,6.9,53,997.7,100,102.4,112.7,524.0,12.5,55.0,10.5
2026-04-04 08:00:00,2026,4,4,8,Thanh Hóa,Xã Xuân Chinh,19.7941161,105.2068756,161,Unhealthy,3,25.0,98,0.1,9.2,39,999.1,100,102.4,110.6,495.0,10.7,79.0,12.1
2026-04-04 09:00:00,2026,4,4,9,Thanh Hóa,Xã Xuân Chinh,19.7941161,105.2068756,162,Unhealthy,3,26.3,90,0.1,10.2,32,999.7,100,96.2,103.4,438.0,8.2,112.0,14.3
2026-04-04 10:00:00,2026,4,4,10,Thanh Hóa,Xã Xuân Chinh,19.7941161,105.2068756,163,Unhealthy,3,27.7,81,0.1,10.8,33,999.6,100,92.0,99.2,399.0,6.0,142.0,15.8
2026-04-04 11:00:00,2026,4,4,11,Thanh Hóa,Xã Xuân Chinh,19.7941161,105.2068756,163,Unhealthy,3,28.1,79,0.1,9.5,37,999.4,100,92.7,101.3,401.0,4.6,165.0,15.8
2026-04-04 12:00:00,2026,4,4,12,Thanh Hóa,Xã Xuân Chinh,19.7941161,105.2068756,164,Unhealthy,3,28.9,74,0.0,6.9,53,998.5,52,94.3,104.1,421.0,3.5,184.0,15.1
2026-04-04 13:00:00,2026,4,4,13,Thanh Hóa,Xã Xuân Chinh,19.7941161,105.2068756,165,Unhealthy,3,29.2,72,0.0,6.8,48,997.2,100,92.9,102.7,432.0,2.9,196.0,14.5
2026-04-04 14:00:00,2026,4,4,14,Thanh Hóa,Xã Xuân Chinh,19.7941161,105.2068756,166,Unhealthy,3,30.9,66,0.0,3.3,99,995.8,77,90.3,99.4,425.0,2.9,200.0,14.5
2026-04-04 15:00:00,2026,4,4,15,Thanh Hóa,Xã Xuân Chinh,19.7941161,105.2068756,166,Unhealthy,3,30.9,67,0.1,6.8,122,995.4,100,92.2,100.1,409.0,3.4,198.0,14.7
2026-04-04 16:00:00,2026,4,4,16,Thanh Hóa,Xã Xuân Chinh,19.7941161,105.2068756,167,Unhealthy,3,25.9,92,3.2,4.1,270,995.3,36,86.6,93.6,392.0,4.2,190.0,14.5
2026-04-04 17:00:00,2026,4,4,17,Thanh Hóa,Xã Xuân Chinh,19.7941161,105.2068756,168,Unhealthy,3,26.7,88,0.0,5.3,172,995.1,10,80.8,87.1,372.0,5.5,173.0,13.7
2026-04-04 18:00:00,2026,4,4,18,Thanh Hóa,Xã Xuân Chinh,19.7941161,105.2068756,168,Unhealthy,3,26.3,90,0.0,4.1,182,995.2,4,77.1,82.0,350.0,7.2,149.0,12.7
2026-04-04 19:00:00,2026,4,4,19,Thanh Hóa,Xã Xuân Chinh,19.7941161,105.2068756,169,Unhealthy,3,25.9,95,0.0,3.6,131,995.8,61,79.6,85.0,334.0,8.8,132.0,13.4
2026-04-04 20:00:00,2026,4,4,20,Thanh Hóa,Xã Xuân Chinh,19.7941161,105.2068756,168,Unhealthy,3,25.7,96,0.0,4.2,155,996.5,100,77.3,82.9,327.0,9.8,123.0,13.3
2026-04-04 21:00:00,2026,4,4,21,Thanh Hóa,Xã Xuân Chinh,19.7941161,105.2068756,168,Unhealthy,3,25.2,98,0.0,4.5,185,996.9,100,77.3,82.9,325.0,11.2,111.0,13.1
2026-04-04 22:00:00,2026,4,4,22,Thanh Hóa,Xã Xuân Chinh,19.7941161,105.2068756,168,Unhealthy,3,24.9,99,0.0,5.1,207,996.9,24,77.1,82.7,325.0,11.9,101.0,12.4
2026-04-04 23:00:00,2026,4,4,23,Thanh Hóa,Xã Xuân Chinh,19.7941161,105.2068756,167,Unhealthy,3,24.8,98,0.0,4.6,216,996.5,19,76.4,81.3,328.0,11.5,95.0,11.0
2026-04-05 00:00:00,2026,4,5,0,Thanh Hóa,Xã Xuân Chinh,19.7941161,105.2068756,167,Unhealthy,3,24.5,99,0.0,4.4,232,995.8,56,78.0,82.4,333.0,10.4,91.0,9.2
2026-04-05 01:00:00,2026,4,5,1,Thanh Hóa,Xã Xuân Chinh,19.7941161,105.2068756,167,Unhealthy,3,24.3,99,0.0,2.5,240,995.6,89,85.0,89.2,338.0,9.4,88.0,7.6
2026-04-05 02:00:00,2026,4,5,2,Thanh Hóa,Xã Xuân Chinh,19.7941161,105.2068756,167,Unhealthy,3,24.7,99,0.0,3.6,233,995.1,88,90.8,95.0,338.0,8.5,87.0,6.3
2026-04-05 03:00:00,2026,4,5,3,Thanh Hóa,Xã Xuân Chinh,19.7941161,105.2068756,167,Unhealthy,3,24.8,99,0.0,4.0,219,994.6,98,96.4,100.8,339.0,7.6,87.0,5.2
2026-04-05 04:00:00,2026,4,5,4,Thanh Hóa,Xã Xuân Chinh,19.7941161,105.2068756,167,Unhealthy,3,24.9,99,0.0,4.1,214,994.6,97,101.0,105.9,353.0,6.9,86.0,4.4
2026-04-05 05:00:00,2026,4,5,5,Thanh Hóa,Xã Xuân Chinh,19.7941161,105.2068756,167,Unhealthy,3,25.0,98,0.0,4.5,220,994.9,98,105.0,110.1,398.0,6.5,80.0,3.8
2026-04-05 06:00:00,2026,4,5,6,Thanh Hóa,Xã Xuân Chinh,19.7941161,105.2068756,168,Unhealthy,3,25.0,98,0.0,4.9,216,995.2,96,107.8,113.9,456.0,6.1,74.0,3.5
2026-04-05 07:00:00,2026,4,5,7,Thanh Hóa,Xã Xuân Chinh,19.7941161,105.2068756,168,Unhealthy,3,24.7,97,0.0,2.3,203,995.8,92,112.5,117.8,493.0,5.6,74.0,3.1
2026-04-05 08:00:00,2026,4,5,8,Thanh Hóa,Xã Xuân Chinh,19.7941161,105.2068756,168,Unhealthy,3,26.1,93,0.0,1.5,69,996.6,96,111.5,118.0,488.0,4.6,94.0,3.6
2026-04-05 09:00:00,2026,4,5,9,Thanh Hóa,Xã Xuân Chinh,19.7941161,105.2068756,168,Unhealthy,3,28.4,85,0.0,3.4,72,997.0,93,107.6,117.1,461.0,3.3,121.0,4.2
2026-04-05 10:00:00,2026,4,5,10,Thanh Hóa,Xã Xuân Chinh,19.7941161,105.2068756,169,Unhealthy,3,30.8,75,0.0,3.4,96,996.7,66,92.0,101.3,437.0,2.2,143.0,4.6
2026-04-05 11:00:00,2026,4,5,11,Thanh Hóa,Xã Xuân Chinh,19.7941161,105.2068756,169,Unhealthy,3,33.8,61,0.0,4.6,159,996.0,69,73.1,80.6,423.0,1.7,153.0,4.4
2026-04-05 12:00:00,2026,4,5,12,Thanh Hóa,Xã Xuân Chinh,19.7941161,105.2068756,168,Unhealthy,3,36.5,44,0.0,6.1,192,994.7,17,63.1,69.8,412.0,1.5,156.0,3.9
2026-04-05 13:00:00,2026,4,5,13,Thanh Hóa,Xã Xuân Chinh,19.7941161,105.2068756,168,Unhealthy,3,36.7,39,0.0,3.1,159,993.6,37,57.5,64.7,404.0,1.5,158.0,3.5
2026-04-05 14:00:00,2026,4,5,14,Thanh Hóa,Xã Xuân Chinh,19.7941161,105.2068756,167,Unhealthy,3,37.0,37,0.0,10.7,235,992.6,54,56.1,63.8,399.0,1.5,159.0,3.3
2026-04-05 15:00:00,2026,4,5,15,Thanh Hóa,Xã Xuân Chinh,19.7941161,105.2068756,166,Unhealthy,3,36.7,40,0.0,13.0,237,992.2,19,57.6,66.1,397.0,1.8,158.0,3.2
2026-04-05 16:00:00,2026,4,5,16,Thanh Hóa,Xã Xuân Chinh,19.7941161,105.2068756,165,Unhealthy,3,36.1,41,0.0,12.1,238,991.6,11,60.1,68.0,401.0,2.2,155.0,3.2
2026-04-05 17:00:00,2026,4,5,17,Thanh Hóa,Xã Xuân Chinh,19.7941161,105.2068756,165,Unhealthy,3,34.8,47,0.0,8.1,239,991.6,2,62.2,69.4,410.0,3.1,150.0,3.5
2026-04-05 18:00:00,2026,4,5,18,Thanh Hóa,Xã Xuân Chinh,19.7941161,105.2068756,164,Unhealthy,3,32.2,54,0.0,6.9,217,991.9,5,63.8,70.1,425.0,4.3,142.0,4.0
2026-04-05 19:00:00,2026,4,5,19,Thanh Hóa,Xã Xuân Chinh,19.7941161,105.2068756,164,Unhealthy,3,30.2,64,0.0,7.8,230,992.6,8,86.6,96.9,447.0,6.4,120.0,4.5
2026-04-05 20:00:00,2026,4,5,20,Thanh Hóa,Xã Xuân Chinh,19.7941161,105.2068756,164,Unhealthy,3,29.9,62,0.0,9.2,231,993.1,2,85.2,96.6,485.0,6.1,118.0,4.5
2026-04-05 21:00:00,2026,4,5,21,Thanh Hóa,Xã Xuân Chinh,19.7941161,105.2068756,164,Unhealthy,3,29.4,63,0.0,9.5,231,993.8,0,85.9,97.3,531.0,5.8,114.0,4.5
2026-04-05 22:00:00,2026,4,5,22,Thanh Hóa,Xã Xuân Chinh,19.7941161,105.2068756,164,Unhealthy,3,29.0,64,0.0,9.7,235,994.3,0,87.1,98.5,560.0,5.6,109.0,4.4
2026-04-05 23:00:00,2026,4,5,23,Thanh Hóa,Xã Xuân Chinh,19.7941161,105.2068756,165,Unhealthy,3,28.6,65,0.0,9.6,237,994.3,0,88.0,98.7,558.0,5.8,100.0,4.1
2026-04-06 00:00:00,2026,4,6,0,Thanh Hóa,Xã Xuân Chinh,19.7941161,105.2068756,165,Unhealthy,3,27.9,68,0.0,9.0,239,993.8,0,88.9,98.7,540.0,6.3,90.0,3.7
2026-04-06 01:00:00,2026,4,6,1,Thanh Hóa,Xã Xuân Chinh,19.7941161,105.2068756,165,Unhealthy,3,27.1,73,0.0,8.5,246,993.9,0,90.3,99.4,520.0,6.6,81.0,3.3
2026-04-06 02:00:00,2026,4,6,2,Thanh Hóa,Xã Xuân Chinh,19.7941161,105.2068756,165,Unhealthy,3,26.5,76,0.0,6.0,245,993.7,0,91.7,99.9,501.0,6.7,75.0,3.1
2026-04-06 03:00:00,2026,4,6,3,Thanh Hóa,Xã Xuân Chinh,19.7941161,105.2068756,165,Unhealthy,3,26.1,77,0.0,6.7,236,993.4,16,92.9,100.1,480.0,6.7,69.0,2.9
2026-04-06 04:00:00,2026,4,6,4,Thanh Hóa,Xã Xuân Chinh,19.7941161,105.2068756,165,Unhealthy,3,25.7,78,0.0,7.5,237,993.6,86,93.4,100.4,471.0,6.6,66.0,2.8
2026-04-06 05:00:00,2026,4,6,5,Thanh Hóa,Xã Xuân Chinh,19.7941161,105.2068756,165,Unhealthy,3,25.6,78,0.0,8.1,239,994.2,94,93.4,99.9,486.0,6.6,62.0,2.8
2026-04-06 06:00:00,2026,4,6,6,Thanh Hóa,Xã Xuân Chinh,19.7941161,105.2068756,165,Unhealthy,3,25.5,77,0.0,7.9,243,994.8,86,92.7,99.2,511.0,6.5,60.0,2.9
2026-04-06 07:00:00,2026,4,6,7,Thanh Hóa,Xã Xuân Chinh,19.7941161,105.2068756,164,Unhealthy,3,27.5,74,0.0,9.9,248,995.3,5,113.6,119.2,520.0,6.5,55.0,2.8
2026-04-06 08:00:00,2026,4,6,8,Thanh Hóa,Xã Xuân Chinh,19.7941161,105.2068756,165,Unhealthy,3,31.3,64,0.0,6.9,239,996.2,2,113.4,120.6,495.0,5.3,79.0,3.2
2026-04-06 09:00:00,2026,4,6,9,Thanh Hóa,Xã Xuân Chinh,19.7941161,105.2068756,165,Unhealthy,3,34.4,50,0.0,8.0,226,996.9,12,112.2,122.9,453.0,3.5,113.0,3.6
2026-04-06 10:00:00,2026,4,6,10,Thanh Hóa,Xã Xuân Chinh,19.7941161,105.2068756,165,Unhealthy,3,35.9,43,0.0,13.0,226,996.6,1,91.7,104.5,421.0,2.2,139.0,3.9
2026-04-06 11:00:00,2026,4,6,11,Thanh Hóa,Xã Xuân Chinh,19.7941161,105.2068756,165,Unhealthy,3,37.1,40,0.0,15.3,232,996.3,12,71.5,84.5,411.0,1.6,149.0,3.7
2026-04-06 12:00:00,2026,4,6,12,Thanh Hóa,Xã Xuân Chinh,19.7941161,105.2068756,165,Unhealthy,3,38.1,36,0.0,12.9,228,995.6,13,65.7,78.7,411.0,1.3,150.0,3.2
2026-04-06 13:00:00,2026,4,6,13,Thanh Hóa,Xã Xuân Chinh,19.7941161,105.2068756,165,Unhealthy,3,38.5,34,0.0,12.8,209,994.4,20,62.9,75.4,407.0,1.2,150.0,2.9
2026-04-06 14:00:00,2026,4,6,14,Thanh Hóa,Xã Xuân Chinh,19.7941161,105.2068756,165,Unhealthy,3,38.4,35,0.0,14.8,229,993.7,13,61.0,73.1,390.0,1.2,151.0,2.8
2026-04-06 15:00:00,2026,4,6,15,Thanh Hóa,Xã Xuân Chinh,19.7941161,105.2068756,165,Unhealthy,3,38.2,36,0.0,11.6,221,993.1,17,60.5,72.2,369.0,1.5,151.0,2.7
2026-04-06 16:00:00,2026,4,6,16,Thanh Hóa,Xã Xuân Chinh,19.7941161,105.2068756,165,Unhealthy,3,37.2,37,0.0,12.0,204,992.7,11,60.5,71.0,359.0,1.9,148.0,2.8
2026-04-06 17:00:00,2026,4,6,17,Thanh Hóa,Xã Xuân Chinh,19.7941161,105.2068756,165,Unhealthy,3,35.3,42,0.0,9.9,212,992.6,3,61.5,70.5,370.0,2.7,142.0,3.1
2026-04-06 18:00:00,2026,4,6,18,Thanh Hóa,Xã Xuân Chinh,19.7941161,105.2068756,165,Unhealthy,3,32.3,49,0.0,8.5,232,993.1,0,62.6,70.5,393.0,3.6,133.0,3.5
2026-04-06 19:00:00,2026,4,6,19,Thanh Hóa,Xã Xuân Chinh,19.7941161,105.2068756,165,Unhealthy,3,31.3,56,0.0,10.6,231,993.5,3,78.7,90.6,411.0,5.2,114.0,3.6
2026-04-06 20:00:00,2026,4,6,20,Thanh Hóa,Xã Xuân Chinh,19.7941161,105.2068756,165,Unhealthy,3,30.9,55,0.0,10.0,232,994.1,2,79.2,92.2,420.0,5.5,113.0,3.8
2026-04-06 21:00:00,2026,4,6,21,Thanh Hóa,Xã Xuân Chinh,19.7941161,105.2068756,165,Unhealthy,3,30.1,58,0.0,10.3,237,995.0,2,80.6,93.8,426.0,5.8,112.0,4.1
2026-04-06 22:00:00,2026,4,6,22,Thanh Hóa,Xã Xuân Chinh,19.7941161,105.2068756,165,Unhealthy,3,29.8,58,0.0,10.7,235,995.2,0,82.7,95.7,427.0,6.2,108.0,4.2
2026-04-06 23:00:00,2026,4,6,23,Thanh Hóa,Xã Xuân Chinh,19.7941161,105.2068756,164,Unhealthy,3,29.4,59,0.0,9.9,238,995.2,0,83.8,95.7,420.0,6.6,100.0,4.0
2026-04-07 00:00:00,2026,4,7,0,Thanh Hóa,Xã Xuân Chinh,19.7941161,105.2068756,164,Unhealthy,3,28.5,62,0.0,9.0,241,994.7,0,84.3,95.2,409.0,7.0,88.0,3.6
2026-04-07 01:00:00,2026,4,7,1,Thanh Hóa,Xã Xuân Chinh,19.7941161,105.2068756,164,Unhealthy,3,28.6,64,0.0,9.7,243,994.3,0,85.2,95.5,403.0,7.3,79.0,3.3
2026-04-07 02:00:00,2026,4,7,2,Thanh Hóa,Xã Xuân Chinh,19.7941161,105.2068756,164,Unhealthy,3,27.4,69,0.0,7.6,242,994.1,16,85.9,95.2,404.0,7.5,72.0,3.1
2026-04-07 03:00:00,2026,4,7,3,Thanh Hóa,Xã Xuân Chinh,19.7941161,105.2068756,164,Unhealthy,3,27.1,70,0.0,7.8,238,993.8,52,86.4,94.5,410.0,7.6,67.0,2.9
2026-04-07 04:00:00,2026,4,7,4,Thanh Hóa,Xã Xuân Chinh,19.7941161,105.2068756,164,Unhealthy,3,26.6,72,0.0,7.9,237,994.2,10,86.6,94.1,423.0,7.6,64.0,2.8
2026-04-07 05:00:00,2026,4,7,5,Thanh Hóa,Xã Xuân Chinh,19.7941161,105.2068756,164,Unhealthy,3,26.5,72,0.0,9.0,240,994.8,0,86.6,93.6,451.0,7.4,60.0,2.8
2026-04-07 06:00:00,2026,4,7,6,Thanh Hóa,Xã Xuân Chinh,19.7941161,105.2068756,164,Unhealthy,3,26.4,72,0.0,9.0,241,995.3,0,85.9,92.9,486.0,7.1,58.0,2.8
2026-04-07 07:00:00,2026,4,7,7,Thanh Hóa,Xã Xuân Chinh,19.7941161,105.2068756,163,Unhealthy,3,28.3,67,0.0,10.7,245,996.3,0,112.5,121.1,503.0,7.1,58.0,2.9
2026-04-07 08:00:00,2026,4,7,8,Thanh Hóa,Xã Xuân Chinh,19.7941161,105.2068756,163,Unhealthy,3,31.7,62,0.0,7.1,240,997.1,0,110.8,119.0,487.0,5.9,83.0,3.4
2026-04-07 09:00:00,2026,4,7,9,Thanh Hóa,Xã Xuân Chinh,19.7941161,105.2068756,163,Unhealthy,3,34.8,48,0.0,6.5,226,997.4,0,109.4,120.6,453.0,4.1,117.0,4.0
2026-04-07 10:00:00,2026,4,7,10,Thanh Hóa,Xã Xuân Chinh,19.7941161,105.2068756,163,Unhealthy,3,36.4,41,0.0,8.1,219,997.5,0,97.3,113.2,419.0,2.8,144.0,4.4
2026-04-07 11:00:00,2026,4,7,11,Thanh Hóa,Xã Xuân Chinh,19.7941161,105.2068756,163,Unhealthy,3,37.5,38,0.0,10.3,229,997.2,3,80.8,96.9,390.0,2.2,155.0,4.3
2026-04-07 12:00:00,2026,4,7,12,Thanh Hóa,Xã Xuân Chinh,19.7941161,105.2068756,164,Unhealthy,3,38.6,34,0.0,10.5,221,996.4,25,74.3,89.2,361.0,2.0,159.0,4.0
2026-04-07 13:00:00,2026,4,7,13,Thanh Hóa,Xã Xuân Chinh,19.7941161,105.2068756,164,Unhealthy,3,39.3,30,0.0,12.3,205,995.0,20,70.5,84.5,338.0,2.0,159.0,3.7
2026-04-07 14:00:00,2026,4,7,14,Thanh Hóa,Xã Xuân Chinh,19.7941161,105.2068756,164,Unhealthy,3,39.5,29,0.0,12.9,220,994.2,19,68.7,82.7,323.0,2.1,158.0,3.5
2026-04-07 15:00:00,2026,4,7,15,Thanh Hóa,Xã Xuân Chinh,19.7941161,105.2068756,164,Unhealthy,3,38.9,29,0.0,10.6,219,993.8,22,66.1,79.6,313.0,2.4,154.0,3.2
2026-04-07 16:00:00,2026,4,7,16,Thanh Hóa,Xã Xuân Chinh,19.7941161,105.2068756,164,Unhealthy,3,38.0,31,0.0,8.7,185,993.4,13,66.1,78.2,311.0,3.0,147.0,3.2
2026-04-07 17:00:00,2026,4,7,17,Thanh Hóa,Xã Xuân Chinh,19.7941161,105.2068756,164,Unhealthy,3,35.5,43,0.0,7.1,196,993.8,7,67.5,76.8,318.0,4.1,137.0,3.5
2026-04-07 18:00:00,2026,4,7,18,Thanh Hóa,Xã Xuân Chinh,19.7941161,105.2068756,164,Unhealthy,3,32.4,52,0.0,5.2,250,994.2,5,67.8,76.1,331.0,5.5,124.0,3.9
2026-04-07 19:00:00,2026,4,7,19,Thanh Hóa,Xã Xuân Chinh,19.7941161,105.2068756,165,Unhealthy,3,30.9,59,0.0,4.7,242,994.1,27,67.5,75.9,348.0,8.1,109.0,4.4
2026-04-07 20:00:00,2026,4,7,20,Thanh Hóa,Xã Xuân Chinh,19.7941161,105.2068756,164,Unhealthy,3,30.0,58,0.0,8.3,237,995.0,63,68.7,77.3,370.0,8.0,106.0,4.4
2026-04-07 21:00:00,2026,4,7,21,Thanh Hóa,Xã Xuân Chinh,19.7941161,105.2068756,164,Unhealthy,3,30.2,55,0.0,10.7,234,995.7,21,69.4,78.0,395.0,8.0,102.0,4.5
2026-04-07 22:00:00,2026,4,7,22,Thanh Hóa,Xã Xuân Chinh,19.7941161,105.2068756,164,Unhealthy,3,29.1,61,0.0,5.2,256,996.3,52,71.0,79.6,411.0,8.3,95.0,4.4
2026-04-07 23:00:00,2026,4,7,23,Thanh Hóa,Xã Xuân Chinh,19.7941161,105.2068756,164,Unhealthy,3,28.6,63,0.0,3.8,262,996.4,16,72.9,80.6,409.0,9.4,82.0,4.0
2026-04-08 00:00:00,2026,4,8,0,Thanh Hóa,Xã Xuân Chinh,19.7941161,105.2068756,163,Unhealthy,3,28.2,64,0.0,4.1,247,996.3,29,73.3,80.1,397.0,10.9,65.0,3.5
2026-04-08 01:00:00,2026,4,8,1,Thanh Hóa,Xã Xuân Chinh,19.7941161,105.2068756,163,Unhealthy,3,27.9,68,0.0,6.0,249,995.4,66,73.3,79.4,387.0,11.9,53.0,3.1
2026-04-08 02:00:00,2026,4,8,2,Thanh Hóa,Xã Xuân Chinh,19.7941161,105.2068756,163,Unhealthy,3,27.2,71,0.0,2.8,255,995.1,9,73.1,78.5,380.0,12.1,48.0,2.8
2026-04-08 03:00:00,2026,4,8,3,Thanh Hóa,Xã Xuân Chinh,19.7941161,105.2068756,163,Unhealthy,3,26.4,75,0.0,3.6,252,994.7,0,73.6,79.2,376.0,11.8,48.0,2.5
2026-04-08 04:00:00,2026,4,8,4,Thanh Hóa,Xã Xuân Chinh,19.7941161,105.2068756,162,Unhealthy,3,25.9,77,0.0,3.2,254,995.0,3,75.0,80.8,384.0,11.2,50.0,2.4
2026-04-08 05:00:00,2026,4,8,5,Thanh Hóa,Xã Xuân Chinh,19.7941161,105.2068756,162,Unhealthy,3,25.6,77,0.0,2.2,256,995.7,6,76.8,83.1,422.0,10.3,51.0,2.4
2026-04-08 06:00:00,2026,4,8,6,Thanh Hóa,Xã Xuân Chinh,19.7941161,105.2068756,162,Unhealthy,3,25.7,75,0.0,2.4,253,996.3,7,79.2,85.7,473.0,9.2,53.0,2.5
2026-04-08 07:00:00,2026,4,8,7,Thanh Hóa,Xã Xuân Chinh,19.7941161,105.2068756,162,Unhealthy,3,27.3,78,0.0,8.2,248,997.3,0,91.5,98.3,498.0,7.6,64.0,2.9
2026-04-08 08:00:00,2026,4,8,8,Thanh Hóa,Xã Xuân Chinh,19.7941161,105.2068756,161,Unhealthy,3,31.9,66,0.0,4.5,227,998.3,0,91.7,97.8,471.0,6.1,88.0,3.2
2026-04-08 09:00:00,2026,4,8,9,Thanh Hóa,Xã Xuân Chinh,19.7941161,105.2068756,161,Unhealthy,3,35.1,46,0.0,3.3,193,998.9,0,91.0,99.9,417.0,3.9,122.0,3.6
2026-04-08 10:00:00,2026,4,8,10,Thanh Hóa,Xã Xuân Chinh,19.7941161,105.2068756,160,Unhealthy,3,36.9,38,0.0,4.6,193,998.8,1,68.5,77.5,373.0,2.3,147.0,3.8
2026-04-08 11:00:00,2026,4,8,11,Thanh Hóa,Xã Xuân Chinh,19.7941161,105.2068756,160,Unhealthy,3,38.1,30,0.0,8.6,202,998.4,21,54.1,62.2,355.0,1.7,156.0,3.5
2026-04-08 12:00:00,2026,4,8,12,Thanh Hóa,Xã Xuân Chinh,19.7941161,105.2068756,159,Unhealthy,3,38.6,29,0.0,10.6,201,997.4,18,47.8,55.2,348.0,1.6,157.0,3.0
2026-04-08 13:00:00,2026,4,8,13,Thanh Hóa,Xã Xuân Chinh,19.7941161,105.2068756,159,Unhealthy,3,38.4,27,0.0,13.0,211,996.2,31,43.0,49.5,340.0,1.6,156.0,2.6
2026-04-08 14:00:00,2026,4,8,14,Thanh Hóa,Xã Xuân Chinh,19.7941161,105.2068756,158,Unhealthy,3,38.4,26,0.0,15.6,217,995.2,23,39.3,45.1,327.0,1.6,154.0,2.4
2026-04-08 15:00:00,2026,4,8,15,Thanh Hóa,Xã Xuân Chinh,19.7941161,105.2068756,157,Unhealthy,3,38.0,27,0.0,11.6,217,994.7,9,37.1,42.3,313.0,1.7,151.0,2.3
2026-04-08 16:00:00,2026,4,8,16,Thanh Hóa,Xã Xuân Chinh,19.7941161,105.2068756,157,Unhealthy,3,38.0,31,0.0,5.4,220,994.2,36,35.6,40.0,307.0,2.1,144.0,2.3
2026-04-08 17:00:00,2026,4,8,17,Thanh Hóa,Xã Xuân Chinh,19.7941161,105.2068756,156,Unhealthy,3,35.9,47,0.0,3.6,183,994.1,44,35.4,39.0,312.0,3.1,133.0,2.6
2026-04-08 18:00:00,2026,4,8,18,Thanh Hóa,Xã Xuân Chinh,19.7941161,105.2068756,155,Unhealthy,3,32.1,51,0.0,4.8,202,994.6,62,35.9,38.8,324.0,4.3,119.0,3.1
2026-04-08 19:00:00,2026,4,8,19,Thanh Hóa,Xã Xuân Chinh,19.7941161,105.2068756,155,Unhealthy,3,30.1,64,0.0,5.1,198,994.9,55,51.0,56.1,335.0,7.1,111.0,3.9
2026-04-08 20:00:00,2026,4,8,20,Thanh Hóa,Xã Xuân Chinh,19.7941161,105.2068756,154,Unhealthy,3,29.5,59,0.0,7.5,228,995.6,40,52.6,58.2,342.0,7.3,108.0,4.0
2026-04-08 21:00:00,2026,4,8,21,Thanh Hóa,Xã Xuân Chinh,19.7941161,105.2068756,154,Unhealthy,3,29.2,56,0.0,8.9,230,996.2,5,54.2,60.3,347.0,7.7,102.0,4.1
2026-04-08 22:00:00,2026,4,8,22,Thanh Hóa,Xã Xuân Chinh,19.7941161,105.2068756,154,Unhealthy,3,28.3,60,0.0,8.6,237,996.7,0,57.0,63.1,349.0,8.3,96.0,4.2
2026-04-08 23:00:00,2026,4,8,23,Thanh Hóa,Xã Xuân Chinh,19.7941161,105.2068756,153,Unhealthy,3,27.5,63,0.0,8.2,241,996.9,0,59.8,65.9,344.0,9.3,88.0,4.1
2026-04-09 00:00:00,2026,4,9,0,Thanh Hóa,Xã Xuân Chinh,19.7941161,105.2068756,153,Unhealthy,3,26.7,66,0.0,7.2,245,996.6,0,60.3,65.9,335.0,10.5,79.0,3.9
2026-04-09 01:00:00,2026,4,9,1,Thanh Hóa,Xã Xuân Chinh,19.7941161,105.2068756,153,Unhealthy,3,26.7,68,0.0,6.7,243,996.2,0,59.6,64.5,329.0,11.6,69.0,3.7
2026-04-09 02:00:00,2026,4,9,2,Thanh Hóa,Xã Xuân Chinh,19.7941161,105.2068756,152,Unhealthy,3,26.4,68,0.0,4.5,233,996.0,0,59.4,63.6,328.0,12.9,57.0,3.4
2026-04-09 03:00:00,2026,4,9,3,Thanh Hóa,Xã Xuân Chinh,19.7941161,105.2068756,152,Unhealthy,3,26.1,69,0.0,3.9,242,995.7,0,59.8,63.3,331.0,14.2,45.0,3.1
2026-04-09 04:00:00,2026,4,9,4,Thanh Hóa,Xã Xuân Chinh,19.7941161,105.2068756,152,Unhealthy,3,25.9,70,0.0,2.6,245,995.9,0,61.0,64.0,341.0,14.5,39.0,2.9
2026-04-09 05:00:00,2026,4,9,5,Thanh Hóa,Xã Xuân Chinh,19.7941161,105.2068756,152,Unhealthy,3,25.8,71,0.0,1.3,254,996.6,3,61.7,64.5,370.0,13.4,40.0,2.7
2026-04-09 06:00:00,2026,4,9,6,Thanh Hóa,Xã Xuân Chinh,19.7941161,105.2068756,151,Unhealthy,3,26.1,70,0.0,1.1,252,997.1,5,62.4,65.2,406.0,11.4,47.0,2.6
2026-04-09 07:00:00,2026,4,9,7,Thanh Hóa,Xã Xuân Chinh,19.7941161,105.2068756,151,Unhealthy,3,28.1,73,0.0,3.4,245,997.9,2,75.9,79.2,422.0,10.9,65.0,2.7
2026-04-09 08:00:00,2026,4,9,8,Thanh Hóa,Xã Xuân Chinh,19.7941161,105.2068756,150,Unhealthy for Sensitive Groups,2,31.5,66,0.0,3.6,160,998.7,0,78.0,82.0,399.0,8.4,95.0,3.3
2026-04-09 09:00:00,2026,4,9,9,Thanh Hóa,Xã Xuân Chinh,19.7941161,105.2068756,150,Unhealthy for Sensitive Groups,2,33.9,50,0.0,2.7,143,999.1,0,77.1,83.4,356.0,5.1,136.0,4.1
2026-04-09 10:00:00,2026,4,9,10,Thanh Hóa,Xã Xuân Chinh,19.7941161,105.2068756,149,Unhealthy for Sensitive Groups,2,35.5,45,0.0,2.8,145,999.1,2,62.9,68.7,316.0,2.5,164.0,4.4
2026-04-09 11:00:00,2026,4,9,11,Thanh Hóa,Xã Xuân Chinh,19.7941161,105.2068756,149,Unhealthy for Sensitive Groups,2,37.0,37,0.0,2.9,173,998.5,17,48.8,53.3,284.0,1.6,168.0,3.9
2026-04-09 12:00:00,2026,4,9,12,Thanh Hóa,Xã Xuân Chinh,19.7941161,105.2068756,148,Unhealthy for Sensitive Groups,2,38.1,30,0.0,3.3,257,997.7,7,37.8,41.6,255.0,1.4,158.0,3.0
2026-04-09 13:00:00,2026,4,9,13,Thanh Hóa,Xã Xuân Chinh,19.7941161,105.2068756,147,Unhealthy for Sensitive Groups,2,38.1,28,0.0,2.8,305,996.7,10,32.2,35.6,240.0,1.5,150.0,2.3
2026-04-09 14:00:00,2026,4,9,14,Thanh Hóa,Xã Xuân Chinh,19.7941161,105.2068756,146,Unhealthy for Sensitive Groups,2,38.9,25,0.0,6.6,241,995.5,38,29.0,32.0,247.0,1.5,147.0,2.0
2026-04-09 15:00:00,2026,4,9,15,Thanh Hóa,Xã Xuân Chinh,19.7941161,105.2068756,145,Unhealthy for Sensitive Groups,2,38.3,28,0.0,10.8,217,994.8,11,27.1,29.7,268.0,1.8,145.0,1.9
2026-04-09 16:00:00,2026,4,9,16,Thanh Hóa,Xã Xuân Chinh,19.7941161,105.2068756,144,Unhealthy for Sensitive Groups,2,37.6,31,0.0,9.0,211,994.2,2,27.3,29.6,292.0,2.2,141.0,2.0
2026-04-09 17:00:00,2026,4,9,17,Thanh Hóa,Xã Xuân Chinh,19.7941161,105.2068756,143,Unhealthy for Sensitive Groups,2,36.2,46,0.0,3.8,185,994.0,20,29.5,31.2,318.0,2.9,136.0,2.4
2026-04-09 18:00:00,2026,4,9,18,Thanh Hóa,Xã Xuân Chinh,19.7941161,105.2068756,143,Unhealthy for Sensitive Groups,2,33.0,48,0.0,3.1,216,994.4,53,31.8,33.1,346.0,3.9,129.0,2.9
2026-04-09 19:00:00,2026,4,9,19,Thanh Hóa,Xã Xuân Chinh,19.7941161,105.2068756,142,Unhealthy for Sensitive Groups,2,30.6,49,0.0,8.5,234,994.9,31,48.7,51.5,364.0,8.4,135.0,4.6
2026-04-09 20:00:00,2026,4,9,20,Thanh Hóa,Xã Xuân Chinh,19.7941161,105.2068756,142,Unhealthy for Sensitive Groups,2,29.6,51,0.0,6.1,242,995.6,26,51.8,54.6,366.0,8.6,129.0,4.9
2026-04-09 21:00:00,2026,4,9,21,Thanh Hóa,Xã Xuân Chinh,19.7941161,105.2068756,142,Unhealthy for Sensitive Groups,2,28.4,56,0.0,6.9,245,996.5,0,55.6,58.6,358.0,8.9,121.0,5.2
2026-04-09 22:00:00,2026,4,9,22,Thanh Hóa,Xã Xuân Chinh,19.7941161,105.2068756,142,Unhealthy for Sensitive Groups,2,27.8,57,0.0,9.2,239,997.2,0,59.4,62.4,350.0,9.3,110.0,5.3
2026-04-09 23:00:00,2026,4,9,23,Thanh Hóa,Xã Xuân Chinh,19.7941161,105.2068756,142,Unhealthy for Sensitive Groups,2,27.6,56,0.0,8.7,240,997.1,0,61.7,64.7,344.0,10.1,95.0,4.8
2026-04-10 00:00:00,2026,4,10,0,Thanh Hóa,Xã Xuân Chinh,19.7941161,105.2068756,142,Unhealthy for Sensitive Groups,2,26.8,59,0.0,6.7,246,996.7,0,62.4,65.0,339.0,11.0,77.0,4.1
2026-04-10 01:00:00,2026,4,10,1,Thanh Hóa,Xã Xuân Chinh,19.7941161,105.2068756,143,Unhealthy for Sensitive Groups,2,26.7,62,0.0,8.3,246,996.3,0,61.9,64.0,336.0,11.7,63.0,3.4
2026-04-10 02:00:00,2026,4,10,2,Thanh Hóa,Xã Xuân Chinh,19.7941161,105.2068756,143,Unhealthy for Sensitive Groups,2,26.4,62,0.0,6.3,243,995.6,4,61.0,62.9,335.0,12.1,54.0,2.8
2026-04-10 03:00:00,2026,4,10,3,Thanh Hóa,Xã Xuân Chinh,19.7941161,105.2068756,143,Unhealthy for Sensitive Groups,2,26.0,64,0.0,5.5,243,995.3,27,59.6,61.2,337.0,12.3,48.0,2.3
2026-04-10 04:00:00,2026,4,10,4,Thanh Hóa,Xã Xuân Chinh,19.7941161,105.2068756,143,Unhealthy for Sensitive Groups,2,25.6,65,0.0,4.8,248,995.5,0,58.4,59.8,350.0,11.9,47.0,2.0
2026-04-10 05:00:00,2026,4,10,5,Thanh Hóa,Xã Xuân Chinh,19.7941161,105.2068756,143,Unhealthy for Sensitive Groups,2,25.3,67,0.0,5.1,247,996.0,0,57.7,59.3,387.0,10.5,49.0,2.0
2026-04-10 06:00:00,2026,4,10,6,Thanh Hóa,Xã Xuân Chinh,19.7941161,105.2068756,142,Unhealthy for Sensitive Groups,2,24.9,70,0.0,4.8,245,996.8,0,58.0,59.5,435.0,8.4,54.0,2.2
2026-04-10 07:00:00,2026,4,10,7,Thanh Hóa,Xã Xuân Chinh,19.7941161,105.2068756,142,Unhealthy for Sensitive Groups,2,26.0,77,0.0,5.5,247,997.3,0,80.6,82.7,457.0,6.5,69.0,2.7
2026-04-10 08:00:00,2026,4,10,8,Thanh Hóa,Xã Xuân Chinh,19.7941161,105.2068756,142,Unhealthy for Sensitive Groups,2,31.3,67,0.0,5.4,230,998.2,0,79.6,81.3,432.0,5.4,95.0,3.1
2026-04-10 09:00:00,2026,4,10,9,Thanh Hóa,Xã Xuân Chinh,19.7941161,105.2068756,142,Unhealthy for Sensitive Groups,2,35.2,41,0.0,2.4,216,998.7,0,77.8,80.6,381.0,3.8,130.0,3.6
2026-04-10 10:00:00,2026,4,10,10,Thanh Hóa,Xã Xuân Chinh,19.7941161,105.2068756,143,Unhealthy for Sensitive Groups,2,36.6,36,0.0,3.5,192,998.7,0,64.7,68.0,331.0,2.5,155.0,3.9
2026-04-10 11:00:00,2026,4,10,11,Thanh Hóa,Xã Xuân Chinh,19.7941161,105.2068756,143,Unhealthy for Sensitive Groups,2,37.8,30,0.0,6.5,212,998.2,5,45.1,47.8,283.0,1.8,157.0,3.6
2026-04-10 12:00:00,2026,4,10,12,Thanh Hóa,Xã Xuân Chinh,19.7941161,105.2068756,142,Unhealthy for Sensitive Groups,2,38.4,28,0.0,11.7,234,997.3,5,36.6,39.0,236.0,1.5,149.0,3.0
2026-04-10 13:00:00,2026,4,10,13,Thanh Hóa,Xã Xuân Chinh,19.7941161,105.2068756,142,Unhealthy for Sensitive Groups,2,38.7,24,0.0,12.3,226,995.8,2,32.7,34.8,211.0,1.4,144.0,2.6
2026-04-10 14:00:00,2026,4,10,14,Thanh Hóa,Xã Xuân Chinh,19.7941161,105.2068756,142,Unhealthy for Sensitive Groups,2,39.1,24,0.0,14.4,210,994.5,13,30.3,32.0,219.0,1.6,149.0,2.4
2026-04-10 15:00:00,2026,4,10,15,Thanh Hóa,Xã Xuân Chinh,19.7941161,105.2068756,142,Unhealthy for Sensitive Groups,2,38.0,29,0.0,14.4,213,993.9,8,29.2,30.7,247.0,2.0,158.0,2.4
2026-04-10 16:00:00,2026,4,10,16,Thanh Hóa,Xã Xuân Chinh,19.7941161,105.2068756,143,Unhealthy for Sensitive Groups,2,37.8,29,0.0,9.3,224,993.1,5,30.9,32.2,284.0,2.5,164.0,2.5
2026-04-10 17:00:00,2026,4,10,17,Thanh Hóa,Xã Xuân Chinh,19.7941161,105.2068756,143,Unhealthy for Sensitive Groups,2,36.0,36,0.0,6.4,188,992.7,2,35.6,36.8,333.0,3.2,166.0,2.9
2026-04-10 18:00:00,2026,4,10,18,Thanh Hóa,Xã Xuân Chinh,19.7941161,105.2068756,144,Unhealthy for Sensitive Groups,2,32.1,40,0.0,10.6,199,993.4,2,41.0,42.3,389.0,4.0,166.0,3.4
2026-04-10 19:00:00,2026,4,10,19,Thanh Hóa,Xã Xuân Chinh,19.7941161,105.2068756,145,Unhealthy for Sensitive Groups,2,31.0,42,0.0,13.3,216,994.1,0,59.5,62.6,425.0,6.7,144.0,4.2
2026-04-10 20:00:00,2026,4,10,20,Thanh Hóa,Xã Xuân Chinh,19.7941161,105.2068756,146,Unhealthy for Sensitive Groups,2,31.1,39,0.0,12.0,225,994.8,2,60.3,63.6,427.0,6.4,143.0,4.1
2026-04-10 21:00:00,2026,4,10,21,Thanh Hóa,Xã Xuân Chinh,19.7941161,105.2068756,147,Unhealthy for Sensitive Groups,2,30.3,42,0.0,11.7,236,995.6,0,59.3,62.2,408.0,6.0,141.0,4.0
2026-04-10 22:00:00,2026,4,10,22,Thanh Hóa,Xã Xuân Chinh,19.7941161,105.2068756,147,Unhealthy for Sensitive Groups,2,29.3,45,0.0,10.7,239,995.9,0,59.5,62.4,389.0,5.8,136.0,3.9
2026-04-10 23:00:00,2026,4,10,23,Thanh Hóa,Xã Xuân Chinh,19.7941161,105.2068756,147,Unhealthy for Sensitive Groups,2,29.1,46,0.0,11.3,239,995.8,0,58.8,61.7,370.0,6.1,127.0,3.6
2026-04-11 00:00:00,2026,4,11,0,Thanh Hóa,Xã Xuân Chinh,19.7941161,105.2068756,147,Unhealthy for Sensitive Groups,2,28.1,50,0.0,8.7,238,995.4,0,58.0,60.8,350.0,6.7,116.0,3.3
2026-04-11 01:00:00,2026,4,11,1,Thanh Hóa,Xã Xuân Chinh,19.7941161,105.2068756,146,Unhealthy for Sensitive Groups,2,27.5,55,0.0,9.2,244,995.0,0,57.2,59.6,341.0,7.2,106.0,3.1
2026-04-11 02:00:00,2026,4,11,2,Thanh Hóa,Xã Xuân Chinh,19.7941161,105.2068756,146,Unhealthy for Sensitive Groups,2,26.4,59,0.0,6.9,245,994.3,0,56.6,59.0,346.0,7.5,100.0,3.0
2026-04-11 03:00:00,2026,4,11,3,Thanh Hóa,Xã Xuân Chinh,19.7941161,105.2068756,145,Unhealthy for Sensitive Groups,2,25.8,62,0.0,6.9,245,993.9,0,56.2,58.4,363.0,7.6,96.0,2.9
2026-04-11 04:00:00,2026,4,11,4,Thanh Hóa,Xã Xuân Chinh,19.7941161,105.2068756,145,Unhealthy for Sensitive Groups,2,25.5,64,0.0,6.8,248,994.2,0,56.1,58.3,392.0,7.6,93.0,2.9
2026-04-11 05:00:00,2026,4,11,5,Thanh Hóa,Xã Xuân Chinh,19.7941161,105.2068756,145,Unhealthy for Sensitive Groups,2,25.1,66,0.0,6.2,248,994.8,0,56.3,58.4,452.0,7.4,89.0,3.0
2026-04-11 06:00:00,2026,4,11,6,Thanh Hóa,Xã Xuân Chinh,19.7941161,105.2068756,145,Unhealthy for Sensitive Groups,2,24.8,69,0.0,7.0,241,995.5,0,56.9,59.1,524.0,7.0,87.0,3.2
2026-04-11 07:00:00,2026,4,11,7,Thanh Hóa,Xã Xuân Chinh,19.7941161,105.2068756,144,Unhealthy for Sensitive Groups,2,26.6,70,0.0,8.9,243,996.1,0,64.7,66.6,556.0,6.6,86.0,3.4
2026-04-11 08:00:00,2026,4,11,8,Thanh Hóa,Xã Xuân Chinh,19.7941161,105.2068756,143,Unhealthy for Sensitive Groups,2,31.6,59,0.0,5.3,237,997.1,0,66.1,67.8,511.0,5.4,105.0,3.6
2026-04-11 09:00:00,2026,4,11,9,Thanh Hóa,Xã Xuân Chinh,19.7941161,105.2068756,141,Unhealthy for Sensitive Groups,2,35.2,41,0.0,5.1,212,997.3,0,64.7,67.1,425.0,3.8,132.0,3.8
2026-04-11 10:00:00,2026,4,11,10,Thanh Hóa,Xã Xuân Chinh,19.7941161,105.2068756,140,Unhealthy for Sensitive Groups,2,36.6,33,0.0,7.4,206,997.0,0,51.7,53.9,354.0,2.5,153.0,3.9
2026-04-11 11:00:00,2026,4,11,11,Thanh Hóa,Xã Xuân Chinh,19.7941161,105.2068756,139,Unhealthy for Sensitive Groups,2,37.3,32,0.0,11.2,221,996.4,8,42.6,45.3,321.0,2.0,161.0,3.8
2026-04-11 12:00:00,2026,4,11,12,Thanh Hóa,Xã Xuân Chinh,19.7941161,105.2068756,138,Unhealthy for Sensitive Groups,2,38.3,27,0.0,15.1,231,995.2,1,37.3,40.0,304.0,1.8,163.0,3.6
2026-04-11 13:00:00,2026,4,11,13,Thanh Hóa,Xã Xuân Chinh,19.7941161,105.2068756,138,Unhealthy for Sensitive Groups,2,38.6,24,0.0,17.3,213,993.7,2,34.6,37.1,292.0,1.8,166.0,3.4
2026-04-11 14:00:00,2026,4,11,14,Thanh Hóa,Xã Xuân Chinh,19.7941161,105.2068756,139,Unhealthy for Sensitive Groups,2,38.3,28,0.0,16.9,215,992.6,45,32.2,34.5,271.0,1.9,172.0,3.1
2026-04-11 15:00:00,2026,4,11,15,Thanh Hóa,Xã Xuân Chinh,19.7941161,105.2068756,139,Unhealthy for Sensitive Groups,2,38.3,26,0.0,15.4,217,991.7,1,31.5,33.5,256.0,2.2,179.0,2.8
2026-04-11 16:00:00,2026,4,11,16,Thanh Hóa,Xã Xuân Chinh,19.7941161,105.2068756,139,Unhealthy for Sensitive Groups,2,38.5,23,0.0,9.3,221,990.7,4,34.9,36.7,278.0,2.7,182.0,2.7
2026-04-11 17:00:00,2026,4,11,17,Thanh Hóa,Xã Xuân Chinh,19.7941161,105.2068756,145,Unhealthy for Sensitive Groups,2,35.8,32,0.0,7.9,210,990.7,1,40.9,42.5,372.0,3.4,180.0,3.1
2026-04-11 18:00:00,2026,4,11,18,Thanh Hóa,Xã Xuân Chinh,19.7941161,105.2068756,154,Unhealthy,3,31.9,39,0.0,9.5,212,991.2,0,46.1,47.7,503.0,4.3,175.0,3.7
2026-04-11 19:00:00,2026,4,11,19,Thanh Hóa,Xã Xuân Chinh,19.7941161,105.2068756,157,Unhealthy,3,30.0,48,0.0,10.9,220,992.3,2,71.7,75.0,599.0,5.1,180.0,4.3
2026-04-11 20:00:00,2026,4,11,20,Thanh Hóa,Xã Xuân Chinh,19.7941161,105.2068756,160,Unhealthy,3,29.7,47,0.0,10.9,232,993.3,2,71.2,74.5,624.0,5.2,177.0,4.5
2026-04-11 21:00:00,2026,4,11,21,Thanh Hóa,Xã Xuân Chinh,19.7941161,105.2068756,162,Unhealthy,3,30.0,45,0.0,11.7,238,994.3,0,71.7,75.0,614.0,5.3,172.0,4.9
2026-04-11 22:00:00,2026,4,11,22,Thanh Hóa,Xã Xuân Chinh,19.7941161,105.2068756,163,Unhealthy,3,30.0,46,0.0,11.0,238,994.7,1,73.6,76.8,606.0,5.6,166.0,5.1
2026-04-11 23:00:00,2026,4,11,23,Thanh Hóa,Xã Xuân Chinh,19.7941161,105.2068756,162,Unhealthy,3,29.1,49,0.0,9.8,242,994.6,0,75.4,78.7,611.0,6.0,158.0,5.1
2026-04-12 00:00:00,2026,4,12,0,Thanh Hóa,Xã Xuân Chinh,19.7941161,105.2068756,159,Unhealthy,3,27.6,56,0.0,8.1,246,994.1,0,76.8,80.1,617.0,6.6,148.0,5.0
2026-04-12 01:00:00,2026,4,12,1,Thanh Hóa,Xã Xuân Chinh,19.7941161,105.2068756,154,Unhealthy,3,27.2,58,0.0,9.3,248,993.7,0,78.0,81.3,632.0,7.0,139.0,4.9
2026-04-12 02:00:00,2026,4,12,2,Thanh Hóa,Xã Xuân Chinh,19.7941161,105.2068756,150,Unhealthy for Sensitive Groups,2,26.3,63,0.0,6.2,249,993.1,0,79.2,82.4,657.0,7.3,132.0,4.8
2026-04-12 03:00:00,2026,4,12,3,Thanh Hóa,Xã Xuân Chinh,19.7941161,105.2068756,151,Unhealthy,3,25.4,67,0.0,5.5,247,993.0,0,80.8,83.8,690.0,7.5,126.0,4.7
2026-04-12 04:00:00,2026,4,12,4,Thanh Hóa,Xã Xuân Chinh,19.7941161,105.2068756,151,Unhealthy,3,24.7,71,0.0,5.4,249,993.3,0,82.7,85.7,729.0,7.5,121.0,4.6
2026-04-12 05:00:00,2026,4,12,5,Thanh Hóa,Xã Xuân Chinh,19.7941161,105.2068756,152,Unhealthy,3,24.1,74,0.0,5.4,244,993.8,0,84.8,87.5,793.0,7.3,115.0,4.7
2026-04-12 06:00:00,2026,4,12,6,Thanh Hóa,Xã Xuân Chinh,19.7941161,105.2068756,153,Unhealthy,3,23.7,77,0.0,6.5,242,994.3,0,86.8,89.9,862.0,7.0,110.0,4.8
2026-04-12 07:00:00,2026,4,12,7,Thanh Hóa,Xã Xuân Chinh,19.7941161,105.2068756,153,Unhealthy,3,27.0,71,0.0,9.8,242,995.0,0,97.1,100.1,880.0,6.5,102.0,4.4
2026-04-12 08:00:00,2026,4,12,8,Thanh Hóa,Xã Xuân Chinh,19.7941161,105.2068756,154,Unhealthy,3,31.5,61,0.0,7.1,234,995.7,0,95.2,98.3,806.0,5.4,120.0,4.5
2026-04-12 09:00:00,2026,4,12,9,Thanh Hóa,Xã Xuân Chinh,19.7941161,105.2068756,155,Unhealthy,3,35.0,44,0.0,5.7,212,996.2,0,88.7,93.4,680.0,3.8,145.0,4.7
2026-04-12 10:00:00,2026,4,12,10,Thanh Hóa,Xã Xuân Chinh,19.7941161,105.2068756,155,Unhealthy,3,36.5,37,0.0,6.1,208,996.1,0,67.1,75.0,567.0,2.6,164.0,4.7
2026-04-12 11:00:00,2026,4,12,11,Thanh Hóa,Xã Xuân Chinh,19.7941161,105.2068756,155,Unhealthy,3,37.6,33,0.0,7.8,217,995.4,9,53.9,64.3,486.0,2.0,169.0,4.5
2026-04-12 12:00:00,2026,4,12,12,Thanh Hóa,Xã Xuân Chinh,19.7941161,105.2068756,156,Unhealthy,3,38.7,31,0.0,7.2,215,994.6,2,50.8,62.2,418.0,1.7,168.0,4.1
2026-04-12 13:00:00,2026,4,12,13,Thanh Hóa,Xã Xuân Chinh,19.7941161,105.2068756,156,Unhealthy,3,39.2,28,0.0,6.7,186,993.3,2,50.1,61.9,370.0,1.6,167.0,3.9
2026-04-12 14:00:00,2026,4,12,14,Thanh Hóa,Xã Xuân Chinh,19.7941161,105.2068756,156,Unhealthy,3,40.0,25,0.0,9.6,196,991.9,2,49.9,61.9,343.0,1.7,171.0,3.8
2026-04-12 15:00:00,2026,4,12,15,Thanh Hóa,Xã Xuân Chinh,19.7941161,105.2068756,157,Unhealthy,3,39.0,28,0.0,13.9,210,991.5,3,50.5,62.6,335.0,2.1,176.0,3.9
2026-04-12 16:00:00,2026,4,12,16,Thanh Hóa,Xã Xuân Chinh,19.7941161,105.2068756,157,Unhealthy,3,37.9,32,0.0,12.6,204,991.2,8,52.7,64.0,349.0,2.7,178.0,4.0
2026-04-12 17:00:00,2026,4,12,17,Thanh Hóa,Xã Xuân Chinh,19.7941161,105.2068756,158,Unhealthy,3,35.8,40,0.0,7.8,195,991.3,3,56.5,65.0,402.0,3.7,174.0,4.3
2026-04-12 18:00:00,2026,4,12,18,Thanh Hóa,Xã Xuân Chinh,19.7941161,105.2068756,158,Unhealthy,3,32.4,50,0.0,9.6,217,991.8,0,61.2,68.2,477.0,5.1,167.0,4.8
2026-04-12 19:00:00,2026,4,12,19,Thanh Hóa,Xã Xuân Chinh,19.7941161,105.2068756,158,Unhealthy,3,30.7,56,0.0,8.6,237,992.7,1,89.2,100.6,524.0,7.4,152.0,5.4
2026-04-12 20:00:00,2026,4,12,20,Thanh Hóa,Xã Xuân Chinh,19.7941161,105.2068756,159,Unhealthy,3,29.5,60,0.0,6.7,250,993.8,0,93.4,104.8,520.0,7.4,152.0,5.6
2026-04-12 21:00:00,2026,4,12,21,Thanh Hóa,Xã Xuân Chinh,19.7941161,105.2068756,159,Unhealthy,3,28.8,60,0.0,9.6,240,994.5,0,97.1,108.3,488.0,7.3,151.0,5.8
2026-04-12 22:00:00,2026,4,12,22,Thanh Hóa,Xã Xuân Chinh,19.7941161,105.2068756,160,Unhealthy,3,29.1,56,0.0,11.0,235,994.9,0,100.1,110.6,454.0,7.5,146.0,5.9
2026-04-12 23:00:00,2026,4,12,23,Thanh Hóa,Xã Xuân Chinh,19.7941161,105.2068756,160,Unhealthy,3,29.1,55,0.0,9.8,239,994.9,0,102.0,111.8,417.0,8.1,133.0,5.6
2026-04-13 00:00:00,2026,4,13,0,Thanh Hóa,Xã Xuân Chinh,19.7941161,105.2068756,161,Unhealthy,3,28.3,59,0.0,8.4,245,994.5,0,102.7,111.3,378.0,8.8,117.0,5.1
2026-04-13 01:00:00,2026,4,13,1,Thanh Hóa,Xã Xuân Chinh,19.7941161,105.2068756,161,Unhealthy,3,28.0,60,0.0,9.8,246,994.3,0,103.1,110.8,362.0,9.3,104.0,4.7
2026-04-13 02:00:00,2026,4,13,2,Thanh Hóa,Xã Xuân Chinh,19.7941161,105.2068756,162,Unhealthy,3,27.4,62,0.0,6.7,251,994.0,0,104.1,111.1,384.0,9.3,99.0,4.4
2026-04-13 03:00:00,2026,4,13,3,Thanh Hóa,Xã Xuân Chinh,19.7941161,105.2068756,162,Unhealthy,3,26.8,65,0.0,4.7,247,993.9,0,105.2,112.5,429.0,9.0,99.0,4.1
2026-04-13 04:00:00,2026,4,13,4,Thanh Hóa,Xã Xuân Chinh,19.7941161,105.2068756,163,Unhealthy,3,26.1,68,0.0,3.6,250,994.2,0,106.9,113.9,482.0,8.6,100.0,4.0
2026-04-13 05:00:00,2026,4,13,5,Thanh Hóa,Xã Xuân Chinh,19.7941161,105.2068756,164,Unhealthy,3,25.3,73,0.0,3.0,256,995.2,0,108.7,115.7,551.0,8.1,99.0,4.1
2026-04-13 06:00:00,2026,4,13,6,Thanh Hóa,Xã Xuân Chinh,19.7941161,105.2068756,164,Unhealthy,3,24.7,77,0.0,1.8,259,996.2,0,110.8,117.6,626.0,7.4,100.0,4.3
2026-04-13 07:00:00,2026,4,13,7,Thanh Hóa,Xã Xuân Chinh,19.7941161,105.2068756,165,Unhealthy,3,26.8,77,0.0,3.0,253,997.3,0,132.2,138.8,666.0,7.1,92.0,4.2
2026-04-13 08:00:00,2026,4,13,8,Thanh Hóa,Xã Xuân Chinh,19.7941161,105.2068756,165,Unhealthy,3,31.5,76,0.0,1.4,113,998.4,0,134.6,141.1,645.0,6.0,136.0,5.1
2026-04-13 09:00:00,2026,4,13,9,Thanh Hóa,Xã Xuân Chinh,19.7941161,105.2068756,166,Unhealthy,3,34.0,50,0.0,3.7,125,999.0,0,139.7,149.5,587.0,4.4,196.0,6.3
2026-04-13 10:00:00,2026,4,13,10,Thanh Hóa,Xã Xuân Chinh,19.7941161,105.2068756,167,Unhealthy,3,35.8,45,0.0,4.4,122,999.0,9,129.0,142.0,526.0,3.2,236.0,6.9
2026-04-13 11:00:00,2026,4,13,11,Thanh Hóa,Xã Xuân Chinh,19.7941161,105.2068756,169,Unhealthy,3,37.7,35,0.0,4.7,162,998.2,23,104.1,115.3,465.0,2.5,238.0,6.4
2026-04-13 12:00:00,2026,4,13,12,Thanh Hóa,Xã Xuân Chinh,19.7941161,105.2068756,170,Unhealthy,3,38.4,31,0.0,6.5,194,997.3,8,89.2,100.6,400.0,2.1,220.0,5.4
2026-04-13 13:00:00,2026,4,13,13,Thanh Hóa,Xã Xuân Chinh,19.7941161,105.2068756,171,Unhealthy,3,38.8,29,0.0,9.0,226,996.1,16,81.3,93.8,353.0,2.0,203.0,4.6
2026-04-13 14:00:00,2026,4,13,14,Thanh Hóa,Xã Xuân Chinh,19.7941161,105.2068756,171,Unhealthy,3,39.5,26,0.0,10.1,243,994.8,12,75.9,89.2,334.0,2.1,194.0,4.2
2026-04-13 15:00:00,2026,4,13,15,Thanh Hóa,Xã Xuân Chinh,19.7941161,105.2068756,179,Unhealthy,3,38.8,26,0.0,13.1,247,994.1,18,70.3,83.4,333.0,2.4,186.0,4.0
2026-04-13 16:00:00,2026,4,13,16,Thanh Hóa,Xã Xuân Chinh,19.7941161,105.2068756,194,Unhealthy,3,37.2,33,0.0,12.8,244,994.0,13,66.8,77.8,338.0,3.1,177.0,4.0
2026-04-13 17:00:00,2026,4,13,17,Thanh Hóa,Xã Xuân Chinh,19.7941161,105.2068756,200,Unhealthy,3,35.6,44,0.0,5.3,246,993.8,11,64.5,72.6,349.0,4.5,166.0,4.2
2026-04-13 18:00:00,2026,4,13,18,Thanh Hóa,Xã Xuân Chinh,19.7941161,105.2068756,196,Unhealthy,3,32.4,52,0.0,5.8,144,994.6,1,63.6,70.3,367.0,6.2,154.0,4.7
2026-04-13 19:00:00,2026,4,13,19,Thanh Hóa,Xã Xuân Chinh,19.7941161,105.2068756,183,Unhealthy,3,30.4,61,0.0,7.1,199,995.7,1,81.5,92.0,382.0,7.9,154.0,5.6
2026-04-13 20:00:00,2026,4,13,20,Thanh Hóa,Xã Xuân Chinh,19.7941161,105.2068756,173,Unhealthy,3,29.2,68,0.0,6.5,219,996.5,1,82.2,92.9,389.0,8.1,150.0,5.8
2026-04-13 21:00:00,2026,4,13,21,Thanh Hóa,Xã Xuân Chinh,19.7941161,105.2068756,172,Unhealthy,3,28.5,73,0.0,5.7,221,997.1,0,84.5,95.2,393.0,8.4,144.0,6.2
2026-04-13 22:00:00,2026,4,13,22,Thanh Hóa,Xã Xuân Chinh,19.7941161,105.2068756,172,Unhealthy,3,27.5,79,0.0,4.7,254,997.8,0,88.2,99.2,406.0,8.8,136.0,6.3
2026-04-13 23:00:00,2026,4,13,23,Thanh Hóa,Xã Xuân Chinh,19.7941161,105.2068756,172,Unhealthy,3,26.7,84,0.0,5.4,244,997.7,0,92.9,103.8,439.0,9.5,123.0,6.1
2026-04-14 00:00:00,2026,4,14,0,Thanh Hóa,Xã Xuân Chinh,19.7941161,105.2068756,172,Unhealthy,3,26.1,87,0.0,5.6,249,997.2,0,97.3,108.0,481.0,10.2,108.0,5.8
2026-04-14 01:00:00,2026,4,14,1,Thanh Hóa,Xã Xuân Chinh,19.7941161,105.2068756,172,Unhealthy,3,26.5,82,0.0,6.2,248,996.5,0,102.0,111.8,510.0,10.8,95.0,5.4
2026-04-14 02:00:00,2026,4,14,2,Thanh Hóa,Xã Xuân Chinh,19.7941161,105.2068756,172,Unhealthy,3,26.1,78,0.0,5.1,252,996.3,0,104.3,112.0,508.0,11.1,84.0,4.9
2026-04-14 03:00:00,2026,4,14,3,Thanh Hóa,Xã Xuân Chinh,19.7941161,105.2068756,172,Unhealthy,3,25.8,76,0.0,3.6,252,996.1,0,105.9,112.7,494.0,11.3,75.0,4.3
2026-04-14 04:00:00,2026,4,14,4,Thanh Hóa,Xã Xuân Chinh,19.7941161,105.2068756,172,Unhealthy,3,25.6,75,0.0,2.2,256,996.3,0,108.3,115.0,501.0,11.0,71.0,3.9
2026-04-14 05:00:00,2026,4,14,5,Thanh Hóa,Xã Xuân Chinh,19.7941161,105.2068756,172,Unhealthy,3,25.5,74,0.0,2.5,249,996.9,0,111.1,118.0,562.0,10.0,70.0,3.8
2026-04-14 06:00:00,2026,4,14,6,Thanh Hóa,Xã Xuân Chinh,19.7941161,105.2068756,172,Unhealthy,3,25.5,75,0.0,3.6,250,997.2,0,113.6,120.1,644.0,8.7,74.0,3.9
2026-04-14 07:00:00,2026,4,14,7,Thanh Hóa,Xã Xuân Chinh,19.7941161,105.2068756,172,Unhealthy,3,27.2,77,0.0,6.0,249,997.8,0,147.1,155.5,686.0,8.4,77.0,3.8
2026-04-14 08:00:00,2026,4,14,8,Thanh Hóa,Xã Xuân Chinh,19.7941161,105.2068756,172,Unhealthy,3,31.5,67,0.0,2.2,189,998.8,0,148.5,157.4,650.0,6.9,121.0,4.7
2026-04-14 09:00:00,2026,4,14,9,Thanh Hóa,Xã Xuân Chinh,19.7941161,105.2068756,172,Unhealthy,3,34.3,50,0.0,1.9,139,999.2,0,152.3,163.9,574.0,4.9,182.0,5.9
2026-04-14 10:00:00,2026,4,14,10,Thanh Hóa,Xã Xuân Chinh,19.7941161,105.2068756,173,Unhealthy,3,36.2,43,0.0,2.3,148,999.3,0,145.3,165.3,507.0,3.3,223.0,6.6
2026-04-14 11:00:00,2026,4,14,11,Thanh Hóa,Xã Xuân Chinh,19.7941161,105.2068756,173,Unhealthy,3,37.7,35,0.0,2.1,105,998.8,18,118.3,138.3,468.0,2.5,227.0,6.1
2026-04-14 12:00:00,2026,4,14,12,Thanh Hóa,Xã Xuân Chinh,19.7941161,105.2068756,173,Unhealthy,3,37.9,33,0.0,3.9,56,997.9,31,96.9,115.9,438.0,2.1,212.0,5.1
2026-04-14 13:00:00,2026,4,14,13,Thanh Hóa,Xã Xuân Chinh,19.7941161,105.2068756,173,Unhealthy,3,38.8,26,0.0,1.9,34,996.6,19,81.5,100.1,414.0,2.0,199.0,4.3
2026-04-14 14:00:00,2026,4,14,14,Thanh Hóa,Xã Xuân Chinh,19.7941161,105.2068756,173,Unhealthy,3,38.4,32,0.0,4.0,39,995.3,17,72.6,89.9,394.0,2.1,195.0,4.0
2026-04-14 15:00:00,2026,4,14,15,Thanh Hóa,Xã Xuân Chinh,19.7941161,105.2068756,173,Unhealthy,3,37.5,40,0.0,4.1,41,994.7,9,68.0,84.3,380.0,2.4,192.0,4.0
2026-04-14 16:00:00,2026,4,14,16,Thanh Hóa,Xã Xuân Chinh,19.7941161,105.2068756,185,Unhealthy,3,35.1,60,0.0,7.6,36,994.3,10,65.9,79.9,374.0,3.2,186.0,4.1
2026-04-14 17:00:00,2026,4,14,17,Thanh Hóa,Xã Xuân Chinh,19.7941161,105.2068756,195,Unhealthy,3,32.8,72,0.0,7.1,56,994.3,2,65.9,77.1,380.0,4.9,174.0,4.4
2026-04-14 18:00:00,2026,4,14,18,Thanh Hóa,Xã Xuân Chinh,19.7941161,105.2068756,194,Unhealthy,3,30.9,84,0.0,5.4,90,994.9,1,65.9,76.1,393.0,7.0,159.0,4.9
2026-04-14 19:00:00,2026,4,14,19,Thanh Hóa,Xã Xuân Chinh,19.7941161,105.2068756,184,Unhealthy,3,29.8,85,0.0,2.3,231,995.2,2,75.0,86.4,400.0,10.1,146.0,5.8
2026-04-14 20:00:00,2026,4,14,20,Thanh Hóa,Xã Xuân Chinh,19.7941161,105.2068756,173,Unhealthy,3,29.1,85,0.0,7.3,210,996.0,1,75.7,86.8,393.0,10.5,137.0,6.3
