timestamp,year,month,day,hour,province,location,lat,lon,aqi,pollution_level,pollution_class,temp,humidity,rain,wind_speed,wind_dir,pressure,cloud,pm2_5,pm10,co,no2,o3,so2
2026-04-14 01:00:00,2026,4,14,1,Hà Nội,Phường Tùng Thiện,21.1224604,105.4586831,173.0,Unhealthy,3,26.4,94,0.0,8.0,95,1004.4,90,62.4,65.9,442.0,45.4,49.0,31.2
2026-04-14 02:00:00,2026,4,14,2,Hà Nội,Phường Tùng Thiện,21.1224604,105.4586831,172.0,Unhealthy,3,26.2,94,0.0,6.8,90,1003.8,90,60.5,63.8,419.0,45.7,44.0,29.4
2026-04-14 03:00:00,2026,4,14,3,Hà Nội,Phường Tùng Thiện,21.1224604,105.4586831,171.0,Unhealthy,3,26.1,95,0.0,6.2,83,1003.8,94,59.6,63.1,408.0,46.0,40.0,28.3
2026-04-14 04:00:00,2026,4,14,4,Hà Nội,Phường Tùng Thiện,21.1224604,105.4586831,170.0,Unhealthy,3,26.1,95,0.0,6.2,100,1004.0,91,60.1,63.6,409.0,45.9,37.0,28.3
2026-04-14 05:00:00,2026,4,14,5,Hà Nội,Phường Tùng Thiện,21.1224604,105.4586831,169.0,Unhealthy,3,26.1,95,0.0,4.2,70,1005.0,91,61.9,65.7,431.0,45.6,32.0,29.6
2026-04-14 06:00:00,2026,4,14,6,Hà Nội,Phường Tùng Thiện,21.1224604,105.4586831,168.0,Unhealthy,3,26.0,95,0.0,6.1,90,1005.4,93,65.9,70.1,467.0,44.9,27.0,32.0
2026-04-14 07:00:00,2026,4,14,7,Hà Nội,Phường Tùng Thiện,21.1224604,105.4586831,168.0,Unhealthy,3,26.3,94,0.0,5.4,94,1006.0,94,66.1,70.3,489.0,43.0,34.0,35.5
2026-04-14 08:00:00,2026,4,14,8,Hà Nội,Phường Tùng Thiện,21.1224604,105.4586831,166.0,Unhealthy,3,27.1,91,0.0,5.2,102,1006.8,92,54.2,59.1,482.0,39.4,55.0,41.4
2026-04-14 09:00:00,2026,4,14,9,Hà Nội,Phường Tùng Thiện,21.1224604,105.4586831,165.0,Unhealthy,3,28.3,86,0.0,4.0,90,1007.2,91,53.4,59.8,463.0,34.5,87.0,48.5
2026-04-14 09:00:00,2026,4,14,9,Hà Nội,Phường Tùng Thiện,21.1224604,105.4586831,168.0,Unhealthy,3,28.4,84,0.0,2.3,51,1007.8,94,55.8,61.2,463.0,34.5,85.0,44.3
2026-04-14 10:00:00,2026,4,14,10,Hà Nội,Phường Tùng Thiện,21.1224604,105.4586831,164.0,Unhealthy,3,29.2,81,0.0,2.9,60,1007.4,91,59.0,65.7,456.0,29.1,128.0,52.8
2026-04-14 10:00:00,2026,4,14,10,Hà Nội,Phường Tùng Thiện,21.1224604,105.4586831,168.0,Unhealthy,3,29.3,81,0.0,3.5,66,1007.4,93,59.8,66.1,456.0,29.5,123.0,48.6
2026-04-14 11:00:00,2026,4,14,11,Hà Nội,Phường Tùng Thiện,21.1224604,105.4586831,167.0,Unhealthy,3,30.5,76,0.0,3.2,90,1007.0,92,75.4,79.4,469.0,23.1,173.0,48.5
2026-04-14 11:00:00,2026,4,14,11,Hà Nội,Phường Tùng Thiện,21.1224604,105.4586831,163.0,Unhealthy,3,30.3,77,0.0,5.2,78,1006.8,84,76.4,80.6,469.0,22.3,184.0,52.0
2026-04-14 12:00:00,2026,4,14,12,Hà Nội,Phường Tùng Thiện,21.1224604,105.4586831,166.0,Unhealthy,3,31.4,71,0.0,5.4,90,1006.0,89,87.5,92.7,494.0,16.0,229.0,46.1
2026-04-14 12:00:00,2026,4,14,12,Hà Nội,Phường Tùng Thiện,21.1224604,105.4586831,163.0,Unhealthy,3,31.4,72,0.0,5.0,90,1006.0,90,87.3,92.2,494.0,15.0,249.0,48.5
2026-04-14 13:00:00,2026,4,14,13,Hà Nội,Phường Tùng Thiện,21.1224604,105.4586831,165.0,Unhealthy,3,32.4,70,0.0,7.3,99,1004.7,54,92.2,98.5,532.0,11.5,275.0,44.1
2026-04-14 13:00:00,2026,4,14,13,Hà Nội,Phường Tùng Thiện,21.1224604,105.4586831,162.0,Unhealthy,3,32.5,69,0.0,6.5,93,1004.6,69,89.2,94.5,532.0,10.2,300.0,45.6
2026-04-14 14:00:00,2026,4,14,14,Hà Nội,Phường Tùng Thiện,21.1224604,105.4586831,165.0,Unhealthy,3,32.9,69,0.0,10.4,110,1003.4,32,94.3,100.8,600.0,10.8,308.0,43.4
2026-04-14 14:00:00,2026,4,14,14,Hà Nội,Phường Tùng Thiện,21.1224604,105.4586831,161.0,Unhealthy,3,33.0,68,0.0,10.1,107,1003.1,59,92.7,98.3,600.0,9.4,335.0,44.3
2026-04-14 15:00:00,2026,4,14,15,Hà Nội,Phường Tùng Thiện,21.1224604,105.4586831,164.0,Unhealthy,3,33.0,66,0.0,15.0,120,1002.3,89,96.4,102.7,682.0,12.6,329.0,43.2
2026-04-14 15:00:00,2026,4,14,15,Hà Nội,Phường Tùng Thiện,21.1224604,105.4586831,171.0,Unhealthy,3,32.8,68,0.0,13.7,125,1002.2,100,96.4,101.5,682.0,11.2,356.0,43.6
2026-04-14 16:00:00,2026,4,14,16,Hà Nội,Phường Tùng Thiện,21.1224604,105.4586831,189.0,Unhealthy,3,32.8,69,0.0,17.6,134,1001.8,53,96.4,101.5,728.0,16.1,329.0,43.3
2026-04-14 16:00:00,2026,4,14,16,Hà Nội,Phường Tùng Thiện,21.1224604,105.4586831,203.0,Very Unhealthy,4,32.7,68,0.0,15.3,129,1001.6,92,96.4,100.4,728.0,14.7,354.0,43.4
2026-04-14 17:00:00,2026,4,14,17,Hà Nội,Phường Tùng Thiện,21.1224604,105.4586831,223.0,Very Unhealthy,4,32.3,70,0.0,16.4,130,1001.3,35,91.7,94.3,709.0,20.8,314.0,44.2
2026-04-14 17:00:00,2026,4,14,17,Hà Nội,Phường Tùng Thiện,21.1224604,105.4586831,214.0,Very Unhealthy,4,32.6,70,0.0,15.8,131,1001.6,31,93.1,96.4,709.0,22.1,294.0,44.2
2026-04-14 18:00:00,2026,4,14,18,Hà Nội,Phường Tùng Thiện,21.1224604,105.4586831,228.0,Very Unhealthy,4,31.5,74,0.0,15.8,125,1001.7,37,88.5,90.6,655.0,29.7,238.0,45.3
2026-04-14 18:00:00,2026,4,14,18,Hà Nội,Phường Tùng Thiện,21.1224604,105.4586831,239.0,Very Unhealthy,4,31.3,75,0.0,17.4,130,1001.6,55,82.4,84.5,655.0,28.6,250.0,45.4
2026-04-14 19:00:00,2026,4,14,19,Hà Nội,Phường Tùng Thiện,21.1224604,105.4586831,235.0,Very Unhealthy,4,30.3,77,0.0,14.3,129,1002.7,47,81.0,82.7,609.0,35.7,185.0,45.5
2026-04-14 19:00:00,2026,4,14,19,Hà Nội,Phường Tùng Thiện,21.1224604,105.4586831,247.0,Very Unhealthy,4,30.1,79,0.0,14.7,126,1002.2,51,73.6,75.2,609.0,35.0,191.0,45.8
2026-04-14 20:00:00,2026,4,14,20,Hà Nội,Phường Tùng Thiện,21.1224604,105.4586831,247.0,Very Unhealthy,4,29.2,81,0.0,11.4,114,1003.0,82,68.5,70.1,593.0,38.5,146.0,44.7
2026-04-14 20:00:00,2026,4,14,20,Hà Nội,Phường Tùng Thiện,21.1224604,105.4586831,236.0,Very Unhealthy,4,29.4,80,0.0,12.1,113,1003.1,86,73.8,75.2,593.0,38.5,143.0,43.9
2026-04-14 21:00:00,2026,4,14,21,Hà Nội,Phường Tùng Thiện,21.1224604,105.4586831,240.0,Very Unhealthy,4,28.4,84,0.0,12.0,106,1003.7,89,65.7,67.3,585.0,40.5,106.0,42.7
2026-04-14 21:00:00,2026,4,14,21,Hà Nội,Phường Tùng Thiện,21.1224604,105.4586831,231.0,Very Unhealthy,4,28.6,82,0.0,11.3,107,1003.8,86,67.3,68.9,585.0,39.6,105.0,41.2
2026-04-14 22:00:00,2026,4,14,22,Hà Nội,Phường Tùng Thiện,21.1224604,105.4586831,227.0,Very Unhealthy,4,27.6,86,0.0,11.6,106,1003.8,83,62.2,63.8,558.0,41.9,76.0,40.3
2026-04-14 22:00:00,2026,4,14,22,Hà Nội,Phường Tùng Thiện,21.1224604,105.4586831,219.0,Very Unhealthy,4,27.9,85,0.0,11.1,103,1004.1,87,62.2,63.8,558.0,40.5,76.0,38.4
2026-04-14 23:00:00,2026,4,14,23,Hà Nội,Phường Tùng Thiện,21.1224604,105.4586831,204.0,Very Unhealthy,4,27.3,88,0.0,9.8,96,1003.9,83,57.0,59.8,491.0,41.7,59.0,35.5
2026-04-14 23:00:00,2026,4,14,23,Hà Nội,Phường Tùng Thiện,21.1224604,105.4586831,210.0,Very Unhealthy,4,26.9,90,0.0,11.5,104,1003.8,90,57.4,59.5,491.0,42.6,60.0,37.3
2026-04-15 00:00:00,2026,4,15,0,Hà Nội,Phường Tùng Thiện,21.1224604,105.4586831,176.0,Unhealthy,3,26.5,91,0.0,10.4,104,1003.6,89,50.8,54.0,405.0,42.6,53.0,33.8
2026-04-15 00:00:00,2026,4,15,0,Hà Nội,Phường Tùng Thiện,21.1224604,105.4586831,165.0,Unhealthy,3,26.7,90,0.0,9.7,90,1003.9,86,53.3,56.5,405.0,42.7,51.0,32.4
2026-04-15 01:00:00,2026,4,15,1,Hà Nội,Phường Tùng Thiện,21.1224604,105.4586831,158.0,Unhealthy,3,26.3,92,0.0,7.9,90,1003.5,90,48.1,51.1,342.0,42.7,48.0,31.1
2026-04-15 01:00:00,2026,4,15,1,Hà Nội,Phường Tùng Thiện,21.1224604,105.4586831,159.0,Unhealthy,3,26.2,92,0.0,8.6,75,1003.8,93,52.5,55.9,342.0,43.8,45.0,30.1
2026-04-15 02:00:00,2026,4,15,2,Hà Nội,Phường Tùng Thiện,21.1224604,105.4586831,158.0,Unhealthy,3,26.1,94,0.0,6.9,84,1003.2,93,47.1,50.4,317.0,43.3,42.0,29.1
2026-04-15 02:00:00,2026,4,15,2,Hà Nội,Phường Tùng Thiện,21.1224604,105.4586831,159.0,Unhealthy,3,26.0,93,0.0,6.5,84,1003.5,91,53.8,57.4,317.0,45.4,38.0,28.8
2026-04-15 03:00:00,2026,4,15,3,Hà Nội,Phường Tùng Thiện,21.1224604,105.4586831,157.0,Unhealthy,3,26.0,95,0.0,6.1,93,1002.8,96,47.6,51.1,314.0,43.9,37.0,27.8
2026-04-15 03:00:00,2026,4,15,3,Hà Nội,Phường Tùng Thiện,21.1224604,105.4586831,158.0,Unhealthy,3,26.0,93,0.0,5.4,90,1003.1,94,56.1,60.1,314.0,47.1,33.0,28.2
2026-04-15 04:00:00,2026,4,15,4,Hà Nội,Phường Tùng Thiện,21.1224604,105.4586831,158.0,Unhealthy,3,26.0,94,0.0,6.2,100,1003.2,94,58.6,62.6,327.0,47.7,30.0,28.4
2026-04-15 04:00:00,2026,4,15,4,Hà Nội,Phường Tùng Thiện,21.1224604,105.4586831,157.0,Unhealthy,3,26.0,94,0.0,6.2,97,1002.9,96,49.2,52.7,327.0,44.2,35.0,28.1
2026-04-15 05:00:00,2026,4,15,5,Hà Nội,Phường Tùng Thiện,21.1224604,105.4586831,157.0,Unhealthy,3,26.0,94,0.0,6.6,99,1003.2,95,51.8,55.4,364.0,44.3,33.0,31.2
2026-04-15 05:00:00,2026,4,15,5,Hà Nội,Phường Tùng Thiện,21.1224604,105.4586831,158.0,Unhealthy,3,26.0,94,0.0,6.7,106,1003.5,95,64.0,67.8,364.0,46.6,25.0,29.4
2026-04-15 06:00:00,2026,4,15,6,Hà Nội,Phường Tùng Thiện,21.1224604,105.4586831,158.0,Unhealthy,3,25.9,94,0.0,5.1,98,1004.2,95,71.2,75.2,417.0,44.4,23.0,31.1
2026-04-15 06:00:00,2026,4,15,6,Hà Nội,Phường Tùng Thiện,21.1224604,105.4586831,157.0,Unhealthy,3,26.0,95,0.0,5.9,101,1004.0,94,55.5,59.4,417.0,44.1,34.0,35.9
2026-04-15 07:00:00,2026,4,15,7,Hà Nội,Phường Tùng Thiện,21.1224604,105.4586831,158.0,Unhealthy,3,26.2,94,0.0,5.1,94,1005.1,93,72.6,76.4,451.0,41.3,30.0,33.1
2026-04-15 07:00:00,2026,4,15,7,Hà Nội,Phường Tùng Thiện,21.1224604,105.4586831,156.0,Unhealthy,3,26.3,94,0.0,5.4,98,1004.9,95,50.6,54.9,451.0,42.2,42.0,39.2
2026-04-15 08:00:00,2026,4,15,8,Hà Nội,Phường Tùng Thiện,21.1224604,105.4586831,158.0,Unhealthy,3,26.9,90,0.0,6.2,111,1005.9,86,59.8,64.7,441.0,37.2,52.0,35.7
2026-04-15 08:00:00,2026,4,15,8,Hà Nội,Phường Tùng Thiện,21.1224604,105.4586831,156.0,Unhealthy,3,27.0,91,0.0,5.7,108,1005.7,95,51.8,55.9,441.0,37.8,60.0,39.7
2026-04-15 09:00:00,2026,4,15,9,Hà Nội,Phường Tùng Thiện,21.1224604,105.4586831,159.0,Unhealthy,3,28.0,86,0.0,5.7,108,1006.5,85,59.5,65.2,413.0,32.2,84.0,38.5
2026-04-15 09:00:00,2026,4,15,9,Hà Nội,Phường Tùng Thiện,21.1224604,105.4586831,156.0,Unhealthy,3,28.2,86,0.0,4.9,107,1006.3,92,56.8,60.8,413.0,31.8,87.0,38.8
2026-04-15 10:00:00,2026,4,15,10,Hà Nội,Phường Tùng Thiện,21.1224604,105.4586831,159.0,Unhealthy,3,29.2,81,0.0,5.1,82,1006.5,79,69.2,73.3,404.0,26.8,123.0,40.0
2026-04-15 10:00:00,2026,4,15,10,Hà Nội,Phường Tùng Thiện,21.1224604,105.4586831,156.0,Unhealthy,3,29.3,82,0.0,4.9,73,1006.1,89,62.2,66.1,404.0,25.7,121.0,37.6
2026-04-15 11:00:00,2026,4,15,11,Hà Nội,Phường Tùng Thiện,21.1224604,105.4586831,156.0,Unhealthy,3,30.5,77,0.0,8.1,77,1005.3,78,68.9,73.3,438.0,19.2,171.0,36.1
2026-04-15 11:00:00,2026,4,15,11,Hà Nội,Phường Tùng Thiện,21.1224604,105.4586831,159.0,Unhealthy,3,30.4,76,0.0,7.2,84,1005.7,75,77.5,82.2,438.0,20.4,177.0,39.3
2026-04-15 12:00:00,2026,4,15,12,Hà Nội,Phường Tùng Thiện,21.1224604,105.4586831,156.0,Unhealthy,3,31.3,73,0.0,8.7,97,1004.4,71,71.0,75.7,493.0,12.7,229.0,34.3
2026-04-15 12:00:00,2026,4,15,12,Hà Nội,Phường Tùng Thiện,21.1224604,105.4586831,159.0,Unhealthy,3,31.5,71,0.0,8.5,102,1004.7,81,84.1,88.9,493.0,13.6,239.0,37.3
2026-04-15 13:00:00,2026,4,15,13,Hà Nội,Phường Tùng Thiện,21.1224604,105.4586831,156.0,Unhealthy,3,32.1,69,0.0,11.7,108,1003.1,100,74.7,79.4,534.0,8.4,271.0,32.8
2026-04-15 13:00:00,2026,4,15,13,Hà Nội,Phường Tùng Thiện,21.1224604,105.4586831,159.0,Unhealthy,3,32.4,65,0.0,13.3,109,1003.3,100,84.3,88.9,534.0,9.1,284.0,35.6
2026-04-15 14:00:00,2026,4,15,14,Hà Nội,Phường Tùng Thiện,21.1224604,105.4586831,155.0,Unhealthy,3,32.5,67,0.0,15.9,115,1001.8,100,76.6,81.3,549.0,7.4,292.0,32.0
2026-04-15 14:00:00,2026,4,15,14,Hà Nội,Phường Tùng Thiện,21.1224604,105.4586831,159.0,Unhealthy,3,32.8,65,0.0,16.6,114,1001.8,100,85.0,89.6,549.0,8.0,303.0,34.6
2026-04-15 15:00:00,2026,4,15,15,Hà Nội,Phường Tùng Thiện,21.1224604,105.4586831,155.0,Unhealthy,3,32.8,65,0.0,14.0,119,1000.8,100,74.5,78.9,552.0,8.6,297.0,31.6
2026-04-15 15:00:00,2026,4,15,15,Hà Nội,Phường Tùng Thiện,21.1224604,105.4586831,158.0,Unhealthy,3,33.1,64,0.0,18.4,129,1000.9,100,81.3,85.4,552.0,9.3,305.0,33.9
2026-04-15 16:00:00,2026,4,15,16,Hà Nội,Phường Tùng Thiện,21.1224604,105.4586831,181.0,Unhealthy,3,32.7,64,0.0,21.4,132,1000.3,98,69.2,73.1,550.0,11.8,284.0,31.5
2026-04-15 16:00:00,2026,4,15,16,Hà Nội,Phường Tùng Thiện,21.1224604,105.4586831,187.0,Unhealthy,3,32.6,65,0.0,18.9,129,1000.5,100,74.0,77.8,550.0,12.5,289.0,33.6
2026-04-15 17:00:00,2026,4,15,17,Hà Nội,Phường Tùng Thiện,21.1224604,105.4586831,207.0,Very Unhealthy,4,31.4,71,0.0,23.7,137,1000.7,30,63.3,65.9,547.0,17.9,241.0,32.0
2026-04-15 17:00:00,2026,4,15,17,Hà Nội,Phường Tùng Thiện,21.1224604,105.4586831,211.0,Very Unhealthy,4,31.4,70,0.0,23.5,131,1000.8,81,67.1,69.6,547.0,18.7,244.0,34.0
2026-04-15 18:00:00,2026,4,15,18,Hà Nội,Phường Tùng Thiện,21.1224604,105.4586831,217.0,Very Unhealthy,4,29.6,78,0.0,22.8,128,1001.2,47,54.5,56.7,539.0,26.0,180.0,32.8
2026-04-15 18:00:00,2026,4,15,18,Hà Nội,Phường Tùng Thiện,21.1224604,105.4586831,221.0,Very Unhealthy,4,29.5,79,0.0,22.4,127,1001.6,53,58.2,60.3,539.0,26.9,181.0,34.8
2026-04-15 19:00:00,2026,4,15,19,Hà Nội,Phường Tùng Thiện,21.1224604,105.4586831,221.0,Very Unhealthy,4,28.6,80,0.0,15.0,125,1002.1,66,46.1,48.3,523.0,32.4,127.0,33.2
2026-04-15 19:00:00,2026,4,15,19,Hà Nội,Phường Tùng Thiện,21.1224604,105.4586831,225.0,Very Unhealthy,4,28.4,81,0.0,17.6,125,1002.5,70,49.9,52.0,523.0,33.2,128.0,35.1
2026-04-15 20:00:00,2026,4,15,20,Hà Nội,Phường Tùng Thiện,21.1224604,105.4586831,222.0,Very Unhealthy,4,27.9,82,0.0,14.8,124,1003.0,65,44.4,46.3,495.0,36.0,95.0,34.3
2026-04-15 20:00:00,2026,4,15,20,Hà Nội,Phường Tùng Thiện,21.1224604,105.4586831,218.0,Very Unhealthy,4,27.9,83,0.0,14.0,119,1002.9,85,41.3,43.5,495.0,35.7,94.0,33.0
2026-04-15 21:00:00,2026,4,15,21,Hà Nội,Phường Tùng Thiện,21.1224604,105.4586831,212.0,Very Unhealthy,4,27.4,83,0.0,12.4,120,1004.0,80,41.7,44.6,459.0,37.1,72.0,33.0
2026-04-15 21:00:00,2026,4,15,21,Hà Nội,Phường Tùng Thiện,21.1224604,105.4586831,209.0,Very Unhealthy,4,27.4,85,0.0,14.0,116,1003.5,85,39.8,42.7,459.0,37.5,70.0,32.4
2026-04-15 22:00:00,2026,4,15,22,Hà Nội,Phường Tùng Thiện,21.1224604,105.4586831,195.0,Unhealthy,3,26.9,87,0.0,13.4,110,1004.4,90,40.4,43.4,427.0,37.8,55.0,31.7
2026-04-15 22:00:00,2026,4,15,22,Hà Nội,Phường Tùng Thiện,21.1224604,105.4586831,190.0,Unhealthy,3,27.0,88,0.0,11.6,106,1004.2,93,38.9,42.1,427.0,38.7,52.0,31.5
2026-04-15 23:00:00,2026,4,15,23,Hà Nội,Phường Tùng Thiện,21.1224604,105.4586831,156.0,Unhealthy,3,26.5,89,0.0,11.6,112,1004.3,88,39.8,42.8,401.0,38.4,45.0,30.5
2026-04-15 23:00:00,2026,4,15,23,Hà Nội,Phường Tùng Thiện,21.1224604,105.4586831,152.0,Unhealthy,3,26.5,90,0.0,11.4,108,1003.9,91,38.9,42.0,401.0,39.5,42.0,30.2
2026-04-16 00:00:00,2026,4,16,0,Hà Nội,Phường Tùng Thiện,21.1224604,105.4586831,154.0,Unhealthy,3,26.2,91,0.0,10.0,103,1004.3,87,39.2,42.3,378.0,38.7,42.0,29.3
2026-04-16 00:00:00,2026,4,16,0,Hà Nội,Phường Tùng Thiện,21.1224604,105.4586831,150.0,Unhealthy for Sensitive Groups,2,26.2,92,0.0,8.7,95,1003.9,90,38.6,41.8,378.0,39.9,39.0,28.7
2026-04-16 01:00:00,2026,4,16,1,Hà Nội,Phường Tùng Thiện,21.1224604,105.4586831,153.0,Unhealthy,3,25.9,93,0.0,8.7,95,1004.1,87,40.4,43.4,361.0,39.4,39.0,28.2
2026-04-16 01:00:00,2026,4,16,1,Hà Nội,Phường Tùng Thiện,21.1224604,105.4586831,148.0,Unhealthy for Sensitive Groups,2,25.9,94,0.0,7.6,90,1003.8,85,39.5,42.5,361.0,40.4,36.0,27.5
2026-04-16 02:00:00,2026,4,16,2,Hà Nội,Phường Tùng Thiện,21.1224604,105.4586831,153.0,Unhealthy,3,25.8,94,0.0,6.8,90,1004.1,88,42.3,45.4,352.0,41.2,33.0,27.0
2026-04-16 02:00:00,2026,4,16,2,Hà Nội,Phường Tùng Thiện,21.1224604,105.4586831,148.0,Unhealthy for Sensitive Groups,2,25.8,94,0.0,7.2,87,1003.7,89,40.9,44.0,352.0,41.7,31.0,26.4
2026-04-16 03:00:00,2026,4,16,3,Hà Nội,Phường Tùng Thiện,21.1224604,105.4586831,147.0,Unhealthy for Sensitive Groups,2,25.8,95,0.0,6.2,97,1003.5,86,43.7,46.9,349.0,43.2,27.0,25.5
2026-04-16 03:00:00,2026,4,16,3,Hà Nội,Phường Tùng Thiện,21.1224604,105.4586831,153.0,Unhealthy,3,25.6,94,0.0,7.2,87,1004.0,83,45.5,48.8,349.0,43.5,27.0,26.0
2026-04-16 04:00:00,2026,4,16,4,Hà Nội,Phường Tùng Thiện,21.1224604,105.4586831,146.0,Unhealthy for Sensitive Groups,2,25.8,95,0.0,5.8,94,1003.8,87,49.8,52.9,353.0,43.9,25.0,26.0
2026-04-16 04:00:00,2026,4,16,4,Hà Nội,Phường Tùng Thiện,21.1224604,105.4586831,153.0,Unhealthy,3,25.6,94,0.0,6.5,93,1004.3,91,52.7,55.6,353.0,44.8,23.0,26.3
2026-04-16 05:00:00,2026,4,16,5,Hà Nội,Phường Tùng Thiện,21.1224604,105.4586831,152.0,Unhealthy,3,25.5,94,0.0,6.1,93,1004.9,96,58.2,61.5,369.0,44.8,20.0,29.0
2026-04-16 05:00:00,2026,4,16,5,Hà Nội,Phường Tùng Thiện,21.1224604,105.4586831,147.0,Unhealthy for Sensitive Groups,2,25.7,95,0.0,5.5,101,1004.5,93,53.6,56.7,369.0,43.8,23.0,28.9
2026-04-16 06:00:00,2026,4,16,6,Hà Nội,Phường Tùng Thiện,21.1224604,105.4586831,147.0,Unhealthy for Sensitive Groups,2,25.7,95,0.0,4.7,86,1005.2,91,58.2,61.5,392.0,43.0,22.0,33.2
2026-04-16 06:00:00,2026,4,16,6,Hà Nội,Phường Tùng Thiện,21.1224604,105.4586831,152.0,Unhealthy,3,25.5,95,0.0,5.1,86,1005.5,97,63.6,66.8,392.0,43.9,19.0,33.1
2026-04-16 07:00:00,2026,4,16,7,Hà Nội,Phường Tùng Thiện,21.1224604,105.4586831,152.0,Unhealthy,3,25.7,95,0.0,5.5,79,1006.5,97,63.6,67.1,408.0,41.5,26.0,35.9
2026-04-16 07:00:00,2026,4,16,7,Hà Nội,Phường Tùng Thiện,21.1224604,105.4586831,147.0,Unhealthy for Sensitive Groups,2,26.0,95,0.0,5.4,86,1006.1,89,59.3,62.9,408.0,40.7,29.0,36.1
2026-04-16 08:00:00,2026,4,16,8,Hà Nội,Phường Tùng Thiện,21.1224604,105.4586831,152.0,Unhealthy,3,26.4,92,0.0,5.9,79,1007.5,91,57.4,61.7,408.0,37.2,42.0,36.6
2026-04-16 08:00:00,2026,4,16,8,Hà Nội,Phường Tùng Thiện,21.1224604,105.4586831,148.0,Unhealthy for Sensitive Groups,2,26.8,92,0.0,5.0,90,1007.0,88,52.4,56.7,408.0,36.2,44.0,36.7
2026-04-16 09:00:00,2026,4,16,9,Hà Nội,Phường Tùng Thiện,21.1224604,105.4586831,152.0,Unhealthy,3,27.5,87,0.0,5.0,90,1008.1,81,57.9,61.5,400.0,31.5,65.0,36.1
2026-04-16 09:00:00,2026,4,16,9,Hà Nội,Phường Tùng Thiện,21.1224604,105.4586831,148.0,Unhealthy for Sensitive Groups,2,28.0,86,0.0,6.0,65,1007.6,62,50.6,54.7,400.0,30.3,67.0,36.0
2026-04-16 10:00:00,2026,4,16,10,Hà Nội,Phường Tùng Thiện,21.1224604,105.4586831,152.0,Unhealthy,3,29.0,81,0.0,6.1,87,1007.8,64,62.6,66.1,400.0,25.6,97.0,34.9
2026-04-16 10:00:00,2026,4,16,10,Hà Nội,Phường Tùng Thiện,21.1224604,105.4586831,147.0,Unhealthy for Sensitive Groups,2,29.3,80,0.0,6.2,69,1007.4,80,55.5,59.0,400.0,24.3,97.0,34.6
2026-04-16 11:00:00,2026,4,16,11,Hà Nội,Phường Tùng Thiện,21.1224604,105.4586831,152.0,Unhealthy,3,30.2,76,0.0,7.2,84,1007.1,56,68.2,71.9,407.0,19.2,143.0,32.4
2026-04-16 11:00:00,2026,4,16,11,Hà Nội,Phường Tùng Thiện,21.1224604,105.4586831,147.0,Unhealthy for Sensitive Groups,2,30.6,74,0.0,6.9,81,1006.6,69,60.3,64.3,407.0,17.9,142.0,32.0
2026-04-16 12:00:00,2026,4,16,12,Hà Nội,Phường Tùng Thiện,21.1224604,105.4586831,152.0,Unhealthy,3,31.3,71,0.0,7.6,85,1005.9,46,74.0,77.8,421.0,12.7,198.0,29.2
2026-04-16 12:00:00,2026,4,16,12,Hà Nội,Phường Tùng Thiện,21.1224604,105.4586831,146.0,Unhealthy for Sensitive Groups,2,31.6,70,0.0,7.6,90,1005.4,52,68.7,72.9,421.0,11.5,195.0,28.7
2026-04-16 13:00:00,2026,4,16,13,Hà Nội,Phường Tùng Thiện,21.1224604,105.4586831,151.0,Unhealthy,3,32.2,68,0.0,10.5,86,1004.8,30,81.3,85.0,457.0,8.4,242.0,27.3
2026-04-16 13:00:00,2026,4,16,13,Hà Nội,Phường Tùng Thiện,21.1224604,105.4586831,146.0,Unhealthy for Sensitive Groups,2,32.4,67,0.0,10.8,86,1004.3,38,74.7,78.9,457.0,7.4,238.0,26.7
2026-04-16 14:00:00,2026,4,16,14,Hà Nội,Phường Tùng Thiện,21.1224604,105.4586831,151.0,Unhealthy,3,32.7,64,0.0,12.0,99,1003.8,36,85.9,89.6,529.0,7.2,274.0,27.5
2026-04-16 14:00:00,2026,4,16,14,Hà Nội,Phường Tùng Thiện,21.1224604,105.4586831,146.0,Unhealthy for Sensitive Groups,2,32.9,65,0.0,12.0,99,1003.2,17,79.4,83.6,529.0,6.3,269.0,26.7
2026-04-16 15:00:00,2026,4,16,15,Hà Nội,Phường Tùng Thiện,21.1224604,105.4586831,151.0,Unhealthy,3,32.8,63,0.0,13.2,112,1002.9,24,88.7,92.2,624.0,8.4,296.0,29.0
2026-04-16 15:00:00,2026,4,16,15,Hà Nội,Phường Tùng Thiện,21.1224604,105.4586831,146.0,Unhealthy for Sensitive Groups,2,33.0,62,0.0,14.0,113,1002.3,33,83.1,86.8,624.0,7.6,291.0,27.9
2026-04-16 16:00:00,2026,4,16,16,Hà Nội,Phường Tùng Thiện,21.1224604,105.4586831,152.0,Unhealthy,3,32.7,63,0.0,13.5,124,1001.8,100,85.0,88.5,716.0,11.2,293.0,29.9
2026-04-16 16:00:00,2026,4,16,16,Hà Nội,Phường Tùng Thiện,21.1224604,105.4586831,154.0,Unhealthy,3,32.6,63,0.0,14.6,128,1002.3,100,88.7,92.0,716.0,11.8,297.0,31.0
2026-04-16 17:00:00,2026,4,16,17,Hà Nội,Phường Tùng Thiện,21.1224604,105.4586831,191.0,Unhealthy,3,32.6,66,0.0,13.8,123,1001.4,100,85.4,88.2,823.0,18.9,263.0,33.3
2026-04-16 17:00:00,2026,4,16,17,Hà Nội,Phường Tùng Thiện,21.1224604,105.4586831,195.0,Unhealthy,3,32.3,66,0.0,14.0,125,1002.0,22,86.4,89.2,823.0,19.0,265.0,34.2
2026-04-16 18:00:00,2026,4,16,18,Hà Nội,Phường Tùng Thiện,21.1224604,105.4586831,211.0,Very Unhealthy,4,31.0,72,0.0,17.9,120,1002.4,44,84.1,86.4,928.0,28.4,212.0,37.9
2026-04-16 18:00:00,2026,4,16,18,Hà Nội,Phường Tùng Thiện,21.1224604,105.4586831,210.0,Very Unhealthy,4,31.0,72,0.0,19.1,122,1002.0,63,87.5,90.1,928.0,29.1,214.0,37.5
2026-04-16 19:00:00,2026,4,16,19,Hà Nội,Phường Tùng Thiện,21.1224604,105.4586831,219.0,Very Unhealthy,4,29.3,80,0.0,15.0,120,1003.8,54,79.4,81.3,954.0,35.8,162.0,39.8
2026-04-16 19:00:00,2026,4,16,19,Hà Nội,Phường Tùng Thiện,21.1224604,105.4586831,217.0,Very Unhealthy,4,29.5,80,0.0,13.7,125,1003.3,68,85.2,87.3,954.0,36.8,165.0,39.7
2026-04-16 20:00:00,2026,4,16,20,Hà Nội,Phường Tùng Thiện,21.1224604,105.4586831,219.0,Very Unhealthy,4,28.6,82,0.0,13.4,117,1004.2,82,69.8,72.2,833.0,40.0,121.0,38.5
2026-04-16 20:00:00,2026,4,16,20,Hà Nội,Phường Tùng Thiện,21.1224604,105.4586831,220.0,Very Unhealthy,4,28.4,82,0.0,13.3,123,1004.8,60,66.8,68.7,833.0,39.2,119.0,38.6
2026-04-16 21:00:00,2026,4,16,21,Hà Nội,Phường Tùng Thiện,21.1224604,105.4586831,214.0,Very Unhealthy,4,27.8,85,0.0,12.4,112,1005.3,92,53.4,55.3,632.0,40.7,79.0,35.5
2026-04-16 21:00:00,2026,4,16,21,Hà Nội,Phường Tùng Thiện,21.1224604,105.4586831,215.0,Very Unhealthy,4,27.8,84,0.0,12.2,114,1005.6,82,54.6,56.3,632.0,40.6,78.0,35.5
2026-04-16 22:00:00,2026,4,16,22,Hà Nội,Phường Tùng Thiện,21.1224604,105.4586831,203.0,Very Unhealthy,4,27.3,88,0.0,11.4,108,1006.0,86,42.8,45.6,478.0,40.5,48.0,32.4
2026-04-16 22:00:00,2026,4,16,22,Hà Nội,Phường Tùng Thiện,21.1224604,105.4586831,204.0,Very Unhealthy,4,27.3,86,0.0,11.1,115,1006.2,84,45.5,48.2,478.0,41.0,48.0,32.5
2026-04-16 23:00:00,2026,4,16,23,Hà Nội,Phường Tùng Thiện,21.1224604,105.4586831,173.0,Unhealthy,3,26.9,89,0.0,11.0,109,1005.8,84,39.2,42.0,425.0,39.7,36.0,29.7
2026-04-16 23:00:00,2026,4,16,23,Hà Nội,Phường Tùng Thiện,21.1224604,105.4586831,173.0,Unhealthy,3,26.8,89,0.0,10.5,106,1006.2,84,41.1,44.0,425.0,40.8,36.0,29.8
2026-04-17 00:00:00,2026,4,17,0,Hà Nội,Phường Tùng Thiện,21.1224604,105.4586831,153.0,Unhealthy,3,26.4,91,0.0,10.2,100,1005.8,84,35.0,37.8,419.0,38.0,37.0,26.9
2026-04-17 00:00:00,2026,4,17,0,Hà Nội,Phường Tùng Thiện,21.1224604,105.4586831,154.0,Unhealthy,3,26.4,91,0.0,10.0,103,1006.1,81,37.3,40.3,419.0,39.7,35.0,27.0
2026-04-17 01:00:00,2026,4,17,1,Hà Nội,Phường Tùng Thiện,21.1224604,105.4586831,153.0,Unhealthy,3,26.1,92,0.0,8.7,95,1005.6,85,31.7,34.5,423.0,35.8,40.0,24.9
2026-04-17 01:00:00,2026,4,17,1,Hà Nội,Phường Tùng Thiện,21.1224604,105.4586831,154.0,Unhealthy,3,26.1,92,0.0,8.5,102,1005.8,82,35.6,38.6,423.0,38.2,36.0,25.0
2026-04-17 02:00:00,2026,4,17,2,Hà Nội,Phường Tùng Thiện,21.1224604,105.4586831,154.0,Unhealthy,3,26.0,93,0.0,6.6,99,1005.7,87,34.7,38.0,433.0,36.4,35.0,24.1
2026-04-17 02:00:00,2026,4,17,2,Hà Nội,Phường Tùng Thiện,21.1224604,105.4586831,152.0,Unhealthy,3,25.9,93,0.0,8.0,98,1005.4,87,31.0,34.0,433.0,32.9,43.0,24.3
2026-04-17 03:00:00,2026,4,17,3,Hà Nội,Phường Tùng Thiện,21.1224604,105.4586831,154.0,Unhealthy,3,25.8,94,0.0,5.2,78,1005.6,89,34.3,38.0,455.0,34.3,35.0,23.9
2026-04-17 03:00:00,2026,4,17,3,Hà Nội,Phường Tùng Thiện,21.1224604,105.4586831,152.0,Unhealthy,3,25.8,94,0.0,7.2,108,1005.2,88,32.1,35.3,455.0,29.6,48.0,24.5
2026-04-17 04:00:00,2026,4,17,4,Hà Nội,Phường Tùng Thiện,21.1224604,105.4586831,152.0,Unhealthy,3,25.8,94,0.0,7.0,111,1005.3,90,34.1,36.8,463.0,26.7,55.0,24.5
2026-04-17 04:00:00,2026,4,17,4,Hà Nội,Phường Tùng Thiện,21.1224604,105.4586831,154.0,Unhealthy,3,25.8,95,0.0,6.3,114,1005.4,89,34.3,38.3,463.0,31.8,39.0,23.7
2026-04-17 05:00:00,2026,4,17,5,Hà Nội,Phường Tùng Thiện,21.1224604,105.4586831,152.0,Unhealthy,3,25.8,94,0.0,7.2,108,1005.9,90,35.9,37.7,445.0,24.6,65.0,23.8
2026-04-17 05:00:00,2026,4,17,5,Hà Nội,Phường Tùng Thiện,21.1224604,105.4586831,153.0,Unhealthy,3,25.8,95,0.0,6.5,109,1006.0,84,34.8,38.1,445.0,28.8,50.0,23.5
2026-04-17 06:00:00,2026,4,17,6,Hà Nội,Phường Tùng Thiện,21.1224604,105.4586831,153.0,Unhealthy,3,25.8,95,0.0,6.1,93,1006.9,85,34.8,36.8,415.0,25.5,65.0,23.4
2026-04-17 06:00:00,2026,4,17,6,Hà Nội,Phường Tùng Thiện,21.1224604,105.4586831,151.0,Unhealthy,3,25.9,95,0.0,7.8,103,1006.7,89,37.0,38.5,415.0,22.9,78.0,22.9
2026-04-17 07:00:00,2026,4,17,7,Hà Nội,Phường Tùng Thiện,21.1224604,105.4586831,151.0,Unhealthy,3,26.0,94,0.0,8.4,97,1007.5,89,38.1,39.3,390.0,21.7,88.0,22.4
2026-04-17 07:00:00,2026,4,17,7,Hà Nội,Phường Tùng Thiện,21.1224604,105.4586831,152.0,Unhealthy,3,26.0,95,0.0,7.2,90,1008.0,91,34.3,35.4,390.0,22.5,79.0,22.7
2026-04-17 08:00:00,2026,4,17,8,Hà Nội,Phường Tùng Thiện,21.1224604,105.4586831,150.0,Unhealthy for Sensitive Groups,2,26.2,92,1.6,8.7,95,1008.3,88,38.1,39.2,377.0,21.4,94.0,23.0
2026-04-17 08:00:00,2026,4,17,8,Hà Nội,Phường Tùng Thiện,21.1224604,105.4586831,152.0,Unhealthy,3,26.5,92,0.6,8.0,95,1008.8,89,28.5,29.3,377.0,19.8,91.0,20.9
2026-04-17 09:00:00,2026,4,17,9,Hà Nội,Phường Tùng Thiện,21.1224604,105.4586831,151.0,Unhealthy,3,27.1,88,0.6,8.4,100,1009.5,88,22.5,23.2,370.0,17.3,102.0,18.6
2026-04-17 09:00:00,2026,4,17,9,Hà Nội,Phường Tùng Thiện,21.1224604,105.4586831,150.0,Unhealthy for Sensitive Groups,2,26.5,90,1.6,9.0,95,1009.1,87,38.0,38.9,370.0,21.5,97.0,24.1
2026-04-17 10:00:00,2026,4,17,10,Hà Nội,Phường Tùng Thiện,21.1224604,105.4586831,149.0,Unhealthy for Sensitive Groups,2,26.8,88,1.6,9.0,88,1009.5,86,32.8,33.9,365.0,21.0,100.0,24.3
2026-04-17 10:00:00,2026,4,17,10,Hà Nội,Phường Tùng Thiện,21.1224604,105.4586831,150.0,Unhealthy for Sensitive Groups,2,27.7,85,0.6,8.8,99,1009.8,86,19.3,20.2,365.0,15.6,110.0,17.2
2026-04-17 11:00:00,2026,4,17,11,Hà Nội,Phường Tùng Thiện,21.1224604,105.4586831,146.0,Unhealthy for Sensitive Groups,2,28.0,83,0.5,8.4,80,1009.5,88,16.5,17.1,360.0,15.1,111.0,17.6
2026-04-17 11:00:00,2026,4,17,11,Hà Nội,Phường Tùng Thiện,21.1224604,105.4586831,146.0,Unhealthy for Sensitive Groups,2,27.2,86,0.6,9.1,72,1009.3,91,26.6,27.2,360.0,18.7,104.0,22.3
2026-04-17 12:00:00,2026,4,17,12,Hà Nội,Phường Tùng Thiện,21.1224604,105.4586831,143.0,Unhealthy for Sensitive Groups,2,27.6,83,0.6,10.3,54,1008.7,95,22.6,23.0,356.0,15.6,108.0,19.4
2026-04-17 12:00:00,2026,4,17,12,Hà Nội,Phường Tùng Thiện,21.1224604,105.4586831,141.0,Unhealthy for Sensitive Groups,2,28.2,81,0.5,9.6,56,1008.9,90,18.3,18.7,356.0,15.2,110.0,19.0
2026-04-17 13:00:00,2026,4,17,13,Hà Nội,Phường Tùng Thiện,21.1224604,105.4586831,135.0,Unhealthy for Sensitive Groups,2,28.3,80,0.5,10.7,45,1008.3,92,20.2,20.4,357.0,15.2,111.0,20.4
2026-04-17 13:00:00,2026,4,17,13,Hà Nội,Phường Tùng Thiện,21.1224604,105.4586831,138.0,Unhealthy for Sensitive Groups,2,27.8,82,0.6,11.2,48,1008.2,100,21.0,21.5,357.0,13.9,112.0,18.2
2026-04-17 14:00:00,2026,4,17,14,Hà Nội,Phường Tùng Thiện,21.1224604,105.4586831,133.0,Unhealthy for Sensitive Groups,2,27.7,82,0.8,10.4,56,1007.7,100,25.5,26.4,351.0,13.7,118.0,20.0
2026-04-17 14:00:00,2026,4,17,14,Hà Nội,Phường Tùng Thiện,21.1224604,105.4586831,129.0,Unhealthy for Sensitive Groups,2,28.3,79,0.4,9.8,54,1007.7,92,24.3,24.6,351.0,13.1,122.0,20.6
2026-04-17 15:00:00,2026,4,17,15,Hà Nội,Phường Tùng Thiện,21.1224604,105.4586831,122.0,Unhealthy for Sensitive Groups,2,28.2,78,0.4,8.6,75,1007.1,92,24.6,24.9,350.0,10.8,137.0,20.8
2026-04-17 15:00:00,2026,4,17,15,Hà Nội,Phường Tùng Thiện,21.1224604,105.4586831,127.0,Unhealthy for Sensitive Groups,2,27.3,82,0.8,9.6,77,1007.3,100,30.9,32.0,350.0,14.8,125.0,23.6
2026-04-17 16:00:00,2026,4,17,16,Hà Nội,Phường Tùng Thiện,21.1224604,105.4586831,116.0,Unhealthy for Sensitive Groups,2,27.9,78,0.4,8.4,97,1006.8,92,25.7,26.0,385.0,12.8,142.0,23.3
2026-04-17 16:00:00,2026,4,17,16,Hà Nội,Phường Tùng Thiện,21.1224604,105.4586831,122.0,Unhealthy for Sensitive Groups,2,26.9,83,0.8,9.7,94,1007.1,100,33.5,35.0,385.0,18.5,125.0,27.9
2026-04-17 17:00:00,2026,4,17,17,Hà Nội,Phường Tùng Thiện,21.1224604,105.4586831,109.0,Unhealthy for Sensitive Groups,2,27.2,80,0.7,7.4,113,1007.2,89,28.8,29.1,500.0,22.6,130.0,29.8
2026-04-17 17:00:00,2026,4,17,17,Hà Nội,Phường Tùng Thiện,21.1224604,105.4586831,116.0,Unhealthy for Sensitive Groups,2,26.6,84,0.0,8.9,104,1007.3,91,35.4,37.0,500.0,26.9,113.0,32.4
2026-04-17 18:00:00,2026,4,17,18,Hà Nội,Phường Tùng Thiện,21.1224604,105.4586831,103.0,Unhealthy for Sensitive Groups,2,26.3,83,0.7,6.1,130,1007.9,85,41.7,42.0,651.0,36.8,109.0,38.6
2026-04-17 18:00:00,2026,4,17,18,Hà Nội,Phường Tùng Thiện,21.1224604,105.4586831,111.0,Unhealthy for Sensitive Groups,2,26.2,86,0.0,7.9,114,1007.8,83,42.7,44.2,651.0,38.0,94.0,37.6
2026-04-17 19:00:00,2026,4,17,19,Hà Nội,Phường Tùng Thiện,21.1224604,105.4586831,106.0,Unhealthy for Sensitive Groups,2,25.9,87,0.0,7.1,120,1008.3,74,56.2,57.9,743.0,46.9,78.0,43.6
2026-04-17 19:00:00,2026,4,17,19,Hà Nội,Phường Tùng Thiện,21.1224604,105.4586831,99.0,Moderate,1,25.7,86,0.7,5.4,143,1008.6,82,61.2,61.7,743.0,49.3,89.0,47.0
2026-04-17 20:00:00,2026,4,17,20,Hà Nội,Phường Tùng Thiện,21.1224604,105.4586831,103.0,Unhealthy for Sensitive Groups,2,25.8,89,0.0,6.3,121,1008.9,81,62.9,64.7,719.0,51.7,70.0,51.4
2026-04-17 20:00:00,2026,4,17,20,Hà Nội,Phường Tùng Thiện,21.1224604,105.4586831,97.0,Moderate,1,25.5,88,0.0,5.1,141,1009.3,85,71.0,71.5,719.0,58.4,72.0,54.4
2026-04-17 21:00:00,2026,4,17,21,Hà Nội,Phường Tùng Thiện,21.1224604,105.4586831,103.0,Unhealthy for Sensitive Groups,2,25.7,90,0.0,5.3,118,1009.5,87,67.8,69.4,634.0,54.4,65.0,59.9
2026-04-17 21:00:00,2026,4,17,21,Hà Nội,Phường Tùng Thiện,21.1224604,105.4586831,98.0,Moderate,1,25.6,88,0.0,5.1,129,1009.9,88,88.7,89.2,634.0,65.8,55.0,61.4
2026-04-17 22:00:00,2026,4,17,22,Hà Nội,Phường Tùng Thiện,21.1224604,105.4586831,101.0,Unhealthy for Sensitive Groups,2,25.7,89,0.0,5.8,120,1010.2,91,99.7,100.1,564.0,70.9,42.0,66.9
2026-04-17 22:00:00,2026,4,17,22,Hà Nội,Phường Tùng Thiện,21.1224604,105.4586831,104.0,Unhealthy for Sensitive Groups,2,25.6,91,0.0,5.0,111,1009.9,94,71.7,73.6,564.0,55.9,60.0,66.1
2026-04-17 23:00:00,2026,4,17,23,Hà Nội,Phường Tùng Thiện,21.1224604,105.4586831,107.0,Unhealthy for Sensitive Groups,2,25.5,90,0.1,5.2,106,1009.7,96,74.5,76.4,535.0,56.4,54.0,68.4
2026-04-17 23:00:00,2026,4,17,23,Hà Nội,Phường Tùng Thiện,21.1224604,105.4586831,106.0,Unhealthy for Sensitive Groups,2,25.6,89,0.0,6.8,115,1010.0,91,106.2,106.6,535.0,72.8,35.0,70.0
2026-04-18 00:00:00,2026,4,18,0,Hà Nội,Phường Tùng Thiện,21.1224604,105.4586831,111.0,Unhealthy for Sensitive Groups,2,25.4,89,0.1,5.8,97,1009.3,98,75.9,77.8,520.0,55.7,49.0,68.3
2026-04-18 00:00:00,2026,4,18,0,Hà Nội,Phường Tùng Thiện,21.1224604,105.4586831,113.0,Unhealthy for Sensitive Groups,2,25.5,88,0.0,8.2,113,1009.4,91,108.5,109.4,520.0,72.3,33.0,71.7
2026-04-18 01:00:00,2026,4,18,1,Hà Nội,Phường Tùng Thiện,21.1224604,105.4586831,115.0,Unhealthy for Sensitive Groups,2,25.3,88,0.1,6.5,93,1008.9,100,79.4,81.3,508.0,54.5,44.0,67.6
2026-04-18 01:00:00,2026,4,18,1,Hà Nội,Phường Tùng Thiện,21.1224604,105.4586831,120.0,Unhealthy for Sensitive Groups,2,25.4,88,0.0,9.2,111,1008.9,91,107.6,108.5,508.0,71.3,31.0,73.8
2026-04-18 02:00:00,2026,4,18,2,Hà Nội,Phường Tùng Thiện,21.1224604,105.4586831,120.0,Unhealthy for Sensitive Groups,2,25.1,89,0.0,6.5,90,1008.6,99,80.6,82.4,497.0,52.4,41.0,66.1
2026-04-18 02:00:00,2026,4,18,2,Hà Nội,Phường Tùng Thiện,21.1224604,105.4586831,128.0,Unhealthy for Sensitive Groups,2,25.2,89,0.0,9.1,108,1008.5,90,108.3,109.0,497.0,70.1,30.0,77.5
2026-04-18 03:00:00,2026,4,18,3,Hà Nội,Phường Tùng Thiện,21.1224604,105.4586831,136.0,Unhealthy for Sensitive Groups,2,24.9,92,0.0,8.3,108,1008.2,88,109.9,110.6,489.0,68.4,30.0,81.6
2026-04-18 03:00:00,2026,4,18,3,Hà Nội,Phường Tùng Thiện,21.1224604,105.4586831,125.0,Unhealthy for Sensitive Groups,2,24.9,90,0.0,6.2,83,1008.4,99,79.9,81.7,489.0,49.8,39.0,64.0
2026-04-18 04:00:00,2026,4,18,4,Hà Nội,Phường Tùng Thiện,21.1224604,105.4586831,130.0,Unhealthy for Sensitive Groups,2,24.7,91,0.0,6.2,83,1008.4,98,78.5,80.1,476.0,48.3,38.0,63.6
2026-04-18 04:00:00,2026,4,18,4,Hà Nội,Phường Tùng Thiện,21.1224604,105.4586831,144.0,Unhealthy for Sensitive Groups,2,24.7,93,0.0,7.9,106,1008.2,87,116.9,118.5,476.0,67.4,29.0,85.0
2026-04-18 05:00:00,2026,4,18,5,Hà Nội,Phường Tùng Thiện,21.1224604,105.4586831,150.0,Unhealthy for Sensitive Groups,2,24.6,93,0.0,7.8,103,1008.7,90,116.6,118.3,448.0,68.8,25.0,88.4
2026-04-18 05:00:00,2026,4,18,5,Hà Nội,Phường Tùng Thiện,21.1224604,105.4586831,135.0,Unhealthy for Sensitive Groups,2,24.6,91,0.0,6.1,87,1008.8,98,78.7,80.3,448.0,49.2,37.0,66.6
2026-04-18 06:00:00,2026,4,18,6,Hà Nội,Phường Tùng Thiện,21.1224604,105.4586831,139.0,Unhealthy for Sensitive Groups,2,24.5,91,0.0,6.5,93,1009.4,99,81.7,83.1,415.0,51.2,36.0,71.3
2026-04-18 06:00:00,2026,4,18,6,Hà Nội,Phường Tùng Thiện,21.1224604,105.4586831,152.0,Unhealthy,3,24.6,93,0.0,7.7,101,1009.4,92,113.9,115.5,415.0,71.0,20.0,91.1
2026-04-18 07:00:00,2026,4,18,7,Hà Nội,Phường Tùng Thiện,21.1224604,105.4586831,144.0,Unhealthy for Sensitive Groups,2,24.7,90,0.0,7.0,102,1009.9,99,86.1,87.5,399.0,52.8,36.0,74.7
2026-04-18 07:00:00,2026,4,18,7,Hà Nội,Phường Tùng Thiện,21.1224604,105.4586831,154.0,Unhealthy,3,24.8,92,0.0,8.0,100,1010.0,95,109.2,110.6,570.8,70.1,21.0,89.8
2026-04-18 08:00:00,2026,4,18,8,Hà Nội,Phường Tùng Thiện,21.1224604,105.4586831,156.0,Unhealthy,3,25.4,89,0.0,8.7,107,1010.4,93,100.1,101.5,696.0,63.9,29.0,81.9
2026-04-18 08:00:00,2026,4,18,8,Hà Nội,Phường Tùng Thiện,21.1224604,105.4586831,149.0,Unhealthy for Sensitive Groups,2,25.2,88,0.0,7.9,114,1010.4,95,94.2,95.6,393.0,60.8,33.333333333333336,77.9
2026-04-18 09:00:00,2026,4,18,9,Hà Nội,Phường Tùng Thiện,21.1224604,105.4586831,153.0,Unhealthy,3,25.9,85,0.0,9.2,129,1010.7,92,88.3,89.7,396.0,57.7,37.666666666666664,73.9
2026-04-18 09:00:00,2026,4,18,9,Hà Nội,Phường Tùng Thiện,21.1224604,105.4586831,157.0,Unhealthy,3,26.2,85,0.0,9.7,117,1010.8,92,82.4,83.8,756.8,54.6,42.0,69.9
2026-04-18 10:00:00,2026,4,18,10,Hà Nội,Phường Tùng Thiện,21.1224604,105.4586831,158.0,Unhealthy,3,27.0,81,0.0,11.0,122,1010.7,90,70.8,72.4,769.0,45.3,61.0,58.8
2026-04-18 10:00:00,2026,4,18,10,Hà Nội,Phường Tùng Thiện,21.1224604,105.4586831,158.66666666666666,Unhealthy,3,26.6,82,0.0,10.2,132,1010.7,88,69.46666666666667,71.10000000000001,744.0,42.266666666666666,71.33333333333333,55.766666666666666
2026-04-18 11:00:00,2026,4,18,11,Hà Nội,Phường Tùng Thiện,21.1224604,105.4586831,159.33333333333334,Unhealthy,3,27.4,79,0.0,10.3,126,1010.0,92,68.13333333333333,69.8,719.0,39.233333333333334,81.66666666666667,52.733333333333334
2026-04-18 11:00:00,2026,4,18,11,Hà Nội,Phường Tùng Thiện,21.1224604,105.4586831,160.0,Unhealthy,3,28.0,77,0.0,12.4,120,1010.0,91,66.8,68.5,694.0,36.2,92.0,49.7
2026-04-18 12:00:00,2026,4,18,12,Hà Nội,Phường Tùng Thiện,21.1224604,105.4586831,160.5,Unhealthy,3,28.1,76,0.0,10.0,116,1008.9,95,65.9,67.8,664.0,31.6,111.0,45.55
2026-04-18 12:00:00,2026,4,18,12,Hà Nội,Phường Tùng Thiện,21.1224604,105.4586831,161.0,Unhealthy,3,29.1,73,0.0,13.7,117,1008.9,91,65.0,67.1,634.0,27.0,130.0,41.4
2026-04-18 13:00:00,2026,4,18,13,Hà Nội,Phường Tùng Thiện,21.1224604,105.4586831,161.5,Unhealthy,3,28.8,74,0.0,10.2,108,1007.9,99,62.0,64.15,608.5,23.45,144.5,38.099999999999994
2026-04-18 13:00:00,2026,4,18,13,Hà Nội,Phường Tùng Thiện,21.1224604,105.4586831,162.0,Unhealthy,3,29.9,70,0.0,15.1,115,1007.9,92,59.0,61.2,583.0,19.9,159.0,34.8
2026-04-18 14:00:00,2026,4,18,14,Hà Nội,Phường Tùng Thiện,21.1224604,105.4586831,163.0,Unhealthy,3,30.3,69,0.0,16.3,118,1006.9,95,53.7,56.2,535.0,15.2,175.0,30.0
2026-04-18 14:00:00,2026,4,18,14,Hà Nội,Phường Tùng Thiện,21.1224604,105.4586831,163.0,Unhealthy,3,29.3,73,0.4,10.8,111,1006.9,99,53.1,55.63333333333333,522.0,14.333333333333332,177.33333333333334,28.933333333333334
2026-04-18 15:00:00,2026,4,18,15,Hà Nội,Phường Tùng Thiện,21.1224604,105.4586831,163.0,Unhealthy,3,29.6,72,0.4,11.4,118,1006.0,100,52.5,55.06666666666667,509.0,13.466666666666667,179.66666666666666,27.866666666666667
2026-04-18 15:00:00,2026,4,18,15,Hà Nội,Phường Tùng Thiện,21.1224604,105.4586831,163.0,Unhealthy,3,30.3,68,0.0,17.1,120,1006.0,97,51.9,54.5,496.0,12.6,182.0,26.8
2026-04-18 16:00:00,2026,4,18,16,Hà Nội,Phường Tùng Thiện,21.1224604,105.4586831,163.5,Unhealthy,3,29.6,72,0.4,12.0,123,1005.5,100,50.65,53.05,487.0,13.0,179.0,26.200000000000003
2026-04-18 16:00:00,2026,4,18,16,Hà Nội,Phường Tùng Thiện,21.1224604,105.4586831,164.0,Unhealthy,3,30.0,69,0.0,17.5,122,1005.5,100,49.4,51.6,478.0,13.4,176.0,25.6
2026-04-18 17:00:00,2026,4,18,17,Hà Nội,Phường Tùng Thiện,21.1224604,105.4586831,164.0,Unhealthy,3,29.2,74,0.0,12.1,120,1005.7,99,48.2,50.25,486.5,16.7,161.5,26.450000000000003
2026-04-18 17:00:00,2026,4,18,17,Hà Nội,Phường Tùng Thiện,21.1224604,105.4586831,164.0,Unhealthy,3,29.4,72,0.0,17.5,122,1005.7,96,47.0,48.9,495.0,20.0,147.0,27.3
2026-04-18 18:00:00,2026,4,18,18,Hà Nội,Phường Tùng Thiện,21.1224604,105.4586831,164.5,Unhealthy,3,28.4,77,0.0,12.2,114,1006.3,97,45.95,47.599999999999994,514.5,24.95,125.5,29.15
2026-04-18 18:00:00,2026,4,18,18,Hà Nội,Phường Tùng Thiện,21.1224604,105.4586831,165.0,Unhealthy,3,28.5,75,0.0,17.5,122,1006.2,91,44.9,46.3,534.0,29.9,104.0,31.0
2026-04-18 19:00:00,2026,4,18,19,Hà Nội,Phường Tùng Thiện,21.1224604,105.4586831,165.0,Unhealthy,3,27.7,79,0.0,17.0,122,1006.9,87,45.4,46.7,563.0,37.2,73.0,33.7
2026-04-18 19:00:00,2026,4,18,19,Hà Nội,Phường Tùng Thiện,21.1224604,105.4586831,164.5,Unhealthy,3,27.7,80,0.0,12.1,113,1006.9,96,45.4,46.7,563.0,37.2,73.0,33.7
2026-04-18 20:00:00,2026,4,18,20,Hà Nội,Phường Tùng Thiện,21.1224604,105.4586831,164.0,Unhealthy,3,27.2,82,0.1,15.9,123,1007.6,88,45.4,46.7,563.0,37.2,73.0,33.7
2026-04-18 20:00:00,2026,4,18,20,Hà Nội,Phường Tùng Thiện,21.1224604,105.4586831,164.0,Unhealthy,3,27.2,82,0.0,12.1,117,1007.5,91,45.4,46.7,563.0,37.2,73.0,33.7
2026-04-18 21:00:00,2026,4,18,21,Hà Nội,Phường Tùng Thiện,21.1224604,105.4586831,164.0,Unhealthy,3,26.7,84,0.1,14.7,126,1008.5,88,45.4,46.7,563.0,37.2,73.0,33.7
2026-04-18 21:00:00,2026,4,18,21,Hà Nội,Phường Tùng Thiện,21.1224604,105.4586831,164.0,Unhealthy,3,26.7,83,0.0,12.2,124,1008.1,85,45.4,46.7,563.0,37.2,73.0,33.7
2026-04-18 22:00:00,2026,4,18,22,Hà Nội,Phường Tùng Thiện,21.1224604,105.4586831,164.0,Unhealthy,3,26.3,86,0.1,13.2,125,1008.9,89,45.4,46.7,563.0,37.2,73.0,33.7
2026-04-18 22:00:00,2026,4,18,22,Hà Nội,Phường Tùng Thiện,21.1224604,105.4586831,164.0,Unhealthy,3,26.3,84,0.0,11.6,126,1008.4,80,45.4,46.7,563.0,37.2,73.0,33.7
2026-04-18 23:00:00,2026,4,18,23,Hà Nội,Phường Tùng Thiện,21.1224604,105.4586831,164.0,Unhealthy,3,25.9,86,0.0,9.8,118,1008.3,87,45.4,46.7,563.0,37.2,73.0,33.7
2026-04-18 23:00:00,2026,4,18,23,Hà Nội,Phường Tùng Thiện,21.1224604,105.4586831,164.0,Unhealthy,3,26.0,87,0.0,11.1,119,1008.7,90,45.4,46.7,563.0,37.2,73.0,33.7
2026-04-19 00:00:00,2026,4,19,0,Hà Nội,Phường Tùng Thiện,21.1224604,105.4586831,164.0,Unhealthy,3,25.7,87,0.0,9.3,106,1008.1,92,45.4,46.7,563.0,37.2,73.0,33.7
2026-04-19 00:00:00,2026,4,19,0,Hà Nội,Phường Tùng Thiện,21.1224604,105.4586831,164.0,Unhealthy,3,25.6,88,0.0,8.5,102,1007.9,93,45.4,46.7,563.0,37.2,73.0,33.7
2026-04-19 01:00:00,2026,4,19,1,Hà Nội,Phường Tùng Thiện,21.1224604,105.4586831,164.0,Unhealthy,3,25.3,90,0.0,7.6,85,1007.5,100,45.4,46.7,563.0,37.2,73.0,33.7
2026-04-19 01:00:00,2026,4,19,1,Hà Nội,Phường Tùng Thiện,21.1224604,105.4586831,164.0,Unhealthy,3,25.5,87,0.0,8.7,95,1007.6,93,45.4,46.7,563.0,37.2,73.0,33.7
2026-04-19 02:00:00,2026,4,19,2,Hà Nội,Phường Tùng Thiện,21.1224604,105.4586831,164.0,Unhealthy,3,25.1,92,0.1,6.6,77,1006.9,100,45.4,46.7,563.0,37.2,73.0,33.7
2026-04-19 03:00:00,2026,4,19,3,Hà Nội,Phường Tùng Thiện,21.1224604,105.4586831,164.0,Unhealthy,3,24.9,94,0.1,5.6,75,1006.1,100,45.4,46.7,563.0,37.2,73.0,33.7
2026-04-19 04:00:00,2026,4,19,4,Hà Nội,Phường Tùng Thiện,21.1224604,105.4586831,164.0,Unhealthy,3,24.8,95,0.1,4.8,77,1005.8,100,45.4,46.7,563.0,37.2,73.0,33.7
2026-04-19 05:00:00,2026,4,19,5,Hà Nội,Phường Tùng Thiện,21.1224604,105.4586831,164.0,Unhealthy,3,24.7,95,1.5,4.0,85,1006.2,100,45.4,46.7,563.0,37.2,73.0,33.7
2026-04-19 06:00:00,2026,4,19,6,Hà Nội,Phường Tùng Thiện,21.1224604,105.4586831,164.0,Unhealthy,3,24.7,95,1.5,3.6,96,1007.0,100,45.4,46.7,563.0,37.2,73.0,33.7
2026-04-19 07:00:00,2026,4,19,7,Hà Nội,Phường Tùng Thiện,21.1224604,105.4586831,164.0,Unhealthy,3,24.8,95,1.5,3.9,112,1007.8,100,45.4,46.7,563.0,37.2,73.0,33.7
2026-04-19 08:00:00,2026,4,19,8,Hà Nội,Phường Tùng Thiện,21.1224604,105.4586831,164.0,Unhealthy,3,24.9,94,3.6,5.5,113,1008.5,100,45.4,46.7,563.0,37.2,73.0,33.7
2026-04-19 09:00:00,2026,4,19,9,Hà Nội,Phường Tùng Thiện,21.1224604,105.4586831,164.0,Unhealthy,3,25.2,93,3.6,7.8,112,1009.1,100,45.4,46.7,563.0,37.2,73.0,33.7
2026-04-19 10:00:00,2026,4,19,10,Hà Nội,Phường Tùng Thiện,21.1224604,105.4586831,164.0,Unhealthy,3,25.5,92,3.6,9.0,113,1009.2,100,45.4,46.7,563.0,37.2,73.0,33.7
2026-04-19 11:00:00,2026,4,19,11,Hà Nội,Phường Tùng Thiện,21.1224604,105.4586831,164.0,Unhealthy,3,26.1,90,1.1,8.4,121,1008.6,100,45.4,46.7,563.0,37.2,73.0,33.7
2026-04-19 12:00:00,2026,4,19,12,Hà Nội,Phường Tùng Thiện,21.1224604,105.4586831,164.0,Unhealthy,3,26.7,88,1.1,6.9,133,1007.6,100,45.4,46.7,563.0,37.2,73.0,33.7
2026-04-19 13:00:00,2026,4,19,13,Hà Nội,Phường Tùng Thiện,21.1224604,105.4586831,164.0,Unhealthy,3,27.3,86,1.1,6.2,144,1006.5,100,45.4,46.7,563.0,37.2,73.0,33.7
2026-04-19 14:00:00,2026,4,19,14,Hà Nội,Phường Tùng Thiện,21.1224604,105.4586831,164.0,Unhealthy,3,28.0,83,0.0,6.9,141,1005.4,100,45.4,46.7,563.0,37.2,73.0,33.7
2026-04-19 15:00:00,2026,4,19,15,Hà Nội,Phường Tùng Thiện,21.1224604,105.4586831,164.0,Unhealthy,3,28.6,80,0.0,8.2,131,1004.3,100,45.4,46.7,563.0,37.2,73.0,33.7
2026-04-19 16:00:00,2026,4,19,16,Hà Nội,Phường Tùng Thiện,21.1224604,105.4586831,164.0,Unhealthy,3,28.7,79,0.0,9.1,124,1003.7,100,45.4,46.7,563.0,37.2,73.0,33.7
2026-04-19 17:00:00,2026,4,19,17,Hà Nội,Phường Tùng Thiện,21.1224604,105.4586831,164.0,Unhealthy,3,28.1,81,0.4,9.7,117,1004.0,100,45.4,46.7,563.0,37.2,73.0,33.7
2026-04-19 18:00:00,2026,4,19,18,Hà Nội,Phường Tùng Thiện,21.1224604,105.4586831,164.0,Unhealthy,3,27.0,85,0.4,10.1,107,1004.7,100,45.4,46.7,563.0,37.2,73.0,33.7
2026-04-19 19:00:00,2026,4,19,19,Hà Nội,Phường Tùng Thiện,21.1224604,105.4586831,164.0,Unhealthy,3,26.1,89,0.4,10.3,102,1005.4,100,45.4,46.7,563.0,37.2,73.0,33.7
2026-04-19 20:00:00,2026,4,19,20,Hà Nội,Phường Tùng Thiện,21.1224604,105.4586831,164.0,Unhealthy,3,25.8,91,0.0,9.6,103,1005.9,100,45.4,46.7,563.0,37.2,73.0,33.7
2026-04-19 21:00:00,2026,4,19,21,Hà Nội,Phường Tùng Thiện,21.1224604,105.4586831,164.0,Unhealthy,3,25.7,92,0.0,8.8,109,1006.3,100,45.4,46.7,563.0,37.2,73.0,33.7
2026-04-19 22:00:00,2026,4,19,22,Hà Nội,Phường Tùng Thiện,21.1224604,105.4586831,164.0,Unhealthy,3,25.6,93,0.0,8.2,113,1006.5,100,45.4,46.7,563.0,37.2,73.0,33.7
2026-04-19 23:00:00,2026,4,19,23,Hà Nội,Phường Tùng Thiện,21.1224604,105.4586831,164.0,Unhealthy,3,25.5,94,0.0,7.8,112,1006.4,92,45.4,46.7,563.0,37.2,73.0,33.7
2026-04-20 00:00:00,2026,4,20,0,Hà Nội,Phường Tùng Thiện,21.1224604,105.4586831,164.0,Unhealthy,3,25.3,94,0.0,7.5,107,1006.1,85,45.4,46.7,563.0,37.2,73.0,33.7
2026-04-20 01:00:00,2026,4,20,1,Hà Nội,Phường Tùng Thiện,21.1224604,105.4586831,164.0,Unhealthy,3,25.1,94,0.0,7.3,101,1005.8,77,45.4,46.7,563.0,37.2,73.0,33.7
2026-04-20 02:00:00,2026,4,20,2,Hà Nội,Phường Tùng Thiện,21.1224604,105.4586831,164.0,Unhealthy,3,25.0,95,0.0,6.9,99,1005.5,85,45.4,46.7,563.0,37.2,73.0,33.7
2026-04-20 03:00:00,2026,4,20,3,Hà Nội,Phường Tùng Thiện,21.1224604,105.4586831,164.0,Unhealthy,3,24.8,96,0.0,6.5,96,1005.3,92,45.4,46.7,563.0,37.2,73.0,33.7
2026-04-20 04:00:00,2026,4,20,4,Hà Nội,Phường Tùng Thiện,21.1224604,105.4586831,164.0,Unhealthy,3,24.7,96,0.0,6.2,97,1005.3,100,45.4,46.7,563.0,37.2,73.0,33.7
2026-04-20 05:00:00,2026,4,20,5,Hà Nội,Phường Tùng Thiện,21.1224604,105.4586831,164.0,Unhealthy,3,24.8,96,0.0,5.5,101,1005.8,100,45.4,46.7,563.0,37.2,73.0,33.7
2026-04-20 06:00:00,2026,4,20,6,Hà Nội,Phường Tùng Thiện,21.1224604,105.4586831,164.0,Unhealthy,3,24.9,96,0.0,5.5,113,1006.5,100,45.4,46.7,563.0,37.2,73.0,33.7
2026-04-20 07:00:00,2026,4,20,7,Hà Nội,Phường Tùng Thiện,21.1224604,105.4586831,164.0,Unhealthy,3,25.2,95,0.0,5.5,122,1007.1,100,45.4,46.7,563.0,37.2,73.0,33.7
2026-04-20 08:00:00,2026,4,20,8,Hà Nội,Phường Tùng Thiện,21.1224604,105.4586831,164.0,Unhealthy,3,26.0,92,0.6,6.2,126,1007.4,100,45.4,46.7,563.0,37.2,73.0,33.7
2026-04-20 09:00:00,2026,4,20,9,Hà Nội,Phường Tùng Thiện,21.1224604,105.4586831,164.0,Unhealthy,3,26.9,87,0.6,7.1,131,1007.6,100,45.4,46.7,563.0,37.2,73.0,33.7
2026-04-20 10:00:00,2026,4,20,10,Hà Nội,Phường Tùng Thiện,21.1224604,105.4586831,164.0,Unhealthy,3,27.7,83,0.6,7.7,131,1007.5,100,45.4,46.7,563.0,37.2,73.0,33.7
2026-04-20 11:00:00,2026,4,20,11,Hà Nội,Phường Tùng Thiện,21.1224604,105.4586831,164.0,Unhealthy,3,28.0,81,1.5,7.4,129,1007.1,100,45.4,46.7,563.0,37.2,73.0,33.7
2026-04-20 12:00:00,2026,4,20,12,Hà Nội,Phường Tùng Thiện,21.1224604,105.4586831,164.0,Unhealthy,3,28.2,80,1.5,6.8,122,1006.4,100,45.4,46.7,563.0,37.2,73.0,33.7
2026-04-20 13:00:00,2026,4,20,13,Hà Nội,Phường Tùng Thiện,21.1224604,105.4586831,164.0,Unhealthy,3,28.4,79,1.5,7.1,120,1005.7,100,45.4,46.7,563.0,37.2,73.0,33.7
2026-04-20 14:00:00,2026,4,20,14,Hà Nội,Phường Tùng Thiện,21.1224604,105.4586831,164.0,Unhealthy,3,28.8,77,0.1,9.2,129,1004.9,100,45.4,46.7,563.0,37.2,73.0,33.7
2026-04-20 15:00:00,2026,4,20,15,Hà Nội,Phường Tùng Thiện,21.1224604,105.4586831,164.0,Unhealthy,3,29.2,75,0.1,11.7,135,1004.1,100,45.4,46.7,563.0,37.2,73.0,33.7
2026-04-20 16:00:00,2026,4,20,16,Hà Nội,Phường Tùng Thiện,21.1224604,105.4586831,164.0,Unhealthy,3,29.3,74,0.1,13.8,137,1003.6,100,45.4,46.7,563.0,37.2,73.0,33.7
2026-04-20 17:00:00,2026,4,20,17,Hà Nội,Phường Tùng Thiện,21.1224604,105.4586831,164.0,Unhealthy,3,28.8,76,0.0,13.8,133,1003.5,97,45.4,46.7,563.0,37.2,73.0,33.7
2026-04-20 18:00:00,2026,4,20,18,Hà Nội,Phường Tùng Thiện,21.1224604,105.4586831,164.0,Unhealthy,3,27.9,80,0.0,13.0,124,1003.7,94,45.4,46.7,563.0,37.2,73.0,33.7
2026-04-20 19:00:00,2026,4,20,19,Hà Nội,Phường Tùng Thiện,21.1224604,105.4586831,164.0,Unhealthy,3,27.2,84,0.0,12.4,116,1004.0,91,45.4,46.7,563.0,37.2,73.0,33.7
2026-04-20 20:00:00,2026,4,20,20,Hà Nội,Phường Tùng Thiện,21.1224604,105.4586831,164.0,Unhealthy,3,26.7,86,0.0,11.8,113,1004.7,83,45.4,46.7,563.0,37.2,73.0,33.7
2026-04-20 21:00:00,2026,4,20,21,Hà Nội,Phường Tùng Thiện,21.1224604,105.4586831,164.0,Unhealthy,3,26.3,88,0.0,11.1,115,1005.5,74,45.4,46.7,563.0,37.2,73.0,33.7
2026-04-20 22:00:00,2026,4,20,22,Hà Nội,Phường Tùng Thiện,21.1224604,105.4586831,164.0,Unhealthy,3,26.0,90,0.0,10.3,115,1006.0,66,45.4,46.7,563.0,37.2,73.0,33.7
2026-04-20 23:00:00,2026,4,20,23,Hà Nội,Phường Tùng Thiện,21.1224604,105.4586831,164.0,Unhealthy,3,25.7,91,0.0,9.2,111,1005.9,66,45.4,46.7,563.0,37.2,73.0,33.7
