timestamp,year,month,day,hour,province,location,lat,lon,aqi,pollution_level,pollution_class,temp,humidity,rain,wind_speed,wind_dir,pressure,cloud,pm2_5,pm10,co,no2,o3,so2
2026-04-14 00:00:00,2026,4,14,0,Vĩnh Long,Xã Hưng Nhượng,10.0882474,106.4841665,78.0,Moderate,1,26.5,89,0.0,4.7,189,1009.0,20,29.2,31.9,175.0,15.2,57.0,4.2
2026-04-14 01:00:00,2026,4,14,1,Vĩnh Long,Xã Hưng Nhượng,10.0882474,106.4841665,78.0,Moderate,1,26.2,90,0.0,4.3,185,1008.7,28,31.4,34.1,176.0,16.9,53.0,4.0
2026-04-14 02:00:00,2026,4,14,2,Vĩnh Long,Xã Hưng Nhượng,10.0882474,106.4841665,77.0,Moderate,1,26.0,91,0.0,4.3,180,1008.2,34,34.9,37.5,182.0,19.6,48.0,4.1
2026-04-14 03:00:00,2026,4,14,3,Vĩnh Long,Xã Hưng Nhượng,10.0882474,106.4841665,77.0,Moderate,1,25.8,91,0.0,4.3,175,1008.0,35,40.3,43.1,190.0,22.7,42.0,4.4
2026-04-14 04:00:00,2026,4,14,4,Vĩnh Long,Xã Hưng Nhượng,10.0882474,106.4841665,77.0,Moderate,1,25.7,92,0.0,4.3,175,1008.4,31,47.0,49.9,196.0,24.8,39.0,4.8
2026-04-14 05:00:00,2026,4,14,5,Vĩnh Long,Xã Hưng Nhượng,10.0882474,106.4841665,78.0,Moderate,1,25.6,92,0.0,4.0,175,1008.9,29,54.1,57.0,199.0,25.9,38.0,5.7
2026-04-14 06:00:00,2026,4,14,6,Vĩnh Long,Xã Hưng Nhượng,10.0882474,106.4841665,79.0,Moderate,1,25.5,92,0.0,3.6,174,1009.3,26,62.6,65.9,199.0,26.1,40.0,6.7
2026-04-14 07:00:00,2026,4,14,7,Vĩnh Long,Xã Hưng Nhượng,10.0882474,106.4841665,81.0,Moderate,1,26.6,88,0.0,5.0,180,1010.1,25,58.0,61.2,196.0,24.0,47.0,7.0
2026-04-14 08:00:00,2026,4,14,8,Vĩnh Long,Xã Hưng Nhượng,10.0882474,106.4841665,83.0,Moderate,1,28.4,77,0.0,7.9,183,1010.9,32,28.8,33.4,186.0,17.6,65.0,6.0
2026-04-14 09:00:00,2026,4,14,9,Vĩnh Long,Xã Hưng Nhượng,10.0882474,106.4841665,84.0,Moderate,1,29.7,68,0.0,8.7,175,1011.3,58,20.3,24.7,173.0,8.9,89.0,4.3
2026-04-14 09:00:00,2026,4,14,9,Vĩnh Long,Xã Hưng Nhượng,10.0882474,106.4841665,84.0,Moderate,1,29.9,67,0.0,7.7,169,1011.4,64,20.5,25.1,173.0,8.3,87.0,3.8
2026-04-14 10:00:00,2026,4,14,10,Vĩnh Long,Xã Hưng Nhượng,10.0882474,106.4841665,84.0,Moderate,1,31.1,62,0.0,6.6,158,1011.1,71,19.7,23.7,164.0,2.5,107.0,3.0
2026-04-14 10:00:00,2026,4,14,10,Vĩnh Long,Xã Hưng Nhượng,10.0882474,106.4841665,84.0,Moderate,1,31.2,62,0.0,6.0,155,1011.2,60,19.5,23.4,164.0,2.2,102.0,2.4
2026-04-14 11:00:00,2026,4,14,11,Vĩnh Long,Xã Hưng Nhượng,10.0882474,106.4841665,84.0,Moderate,1,32.4,57,0.0,4.7,148,1010.5,75,18.2,21.7,163.0,0.4,108.0,1.9
2026-04-14 11:00:00,2026,4,14,11,Vĩnh Long,Xã Hưng Nhượng,10.0882474,106.4841665,84.0,Moderate,1,32.3,56,0.0,5.2,146,1010.6,58,18.3,21.5,163.0,0.6,114.0,2.4
2026-04-14 12:00:00,2026,4,14,12,Vĩnh Long,Xã Hưng Nhượng,10.0882474,106.4841665,84.0,Moderate,1,33.4,52,0.0,6.0,115,1009.4,76,17.8,21.0,165.0,0.9,108.0,1.8
2026-04-14 12:00:00,2026,4,14,12,Vĩnh Long,Xã Hưng Nhượng,10.0882474,106.4841665,84.0,Moderate,1,33.5,51,0.0,5.6,135,1009.5,67,17.8,20.7,165.0,1.0,116.0,2.2
2026-04-14 13:00:00,2026,4,14,13,Vĩnh Long,Xã Hưng Nhượng,10.0882474,106.4841665,85.0,Moderate,1,34.3,49,0.0,7.7,118,1008.3,58,17.1,20.1,166.0,1.5,108.0,1.8
2026-04-14 13:00:00,2026,4,14,13,Vĩnh Long,Xã Hưng Nhượng,10.0882474,106.4841665,84.0,Moderate,1,34.5,48,0.0,7.4,129,1008.2,58,16.8,19.6,166.0,1.6,115.0,2.1
2026-04-14 14:00:00,2026,4,14,14,Vĩnh Long,Xã Hưng Nhượng,10.0882474,106.4841665,84.0,Moderate,1,35.1,46,0.0,9.2,129,1007.1,51,16.1,18.8,162.0,1.5,112.0,1.9
2026-04-14 14:00:00,2026,4,14,14,Vĩnh Long,Xã Hưng Nhượng,10.0882474,106.4841665,84.0,Moderate,1,34.7,47,0.0,9.6,124,1007.3,73,17.6,20.5,162.0,1.4,109.0,1.8
2026-04-14 15:00:00,2026,4,14,15,Vĩnh Long,Xã Hưng Nhượng,10.0882474,106.4841665,84.0,Moderate,1,35.0,46,0.0,11.3,127,1006.3,54,15.7,18.4,158.0,1.6,107.0,1.9
2026-04-14 15:00:00,2026,4,14,15,Vĩnh Long,Xã Hưng Nhượng,10.0882474,106.4841665,85.0,Moderate,1,34.7,48,0.0,12.3,128,1006.6,63,16.7,19.2,158.0,1.4,109.0,1.8
2026-04-14 16:00:00,2026,4,14,16,Vĩnh Long,Xã Hưng Nhượng,10.0882474,106.4841665,85.0,Moderate,1,33.7,53,0.0,13.5,134,1006.3,40,16.7,18.7,156.0,2.4,105.0,2.1
2026-04-14 16:00:00,2026,4,14,16,Vĩnh Long,Xã Hưng Nhượng,10.0882474,106.4841665,84.0,Moderate,1,34.0,50,0.0,12.5,131,1005.9,30,16.0,18.6,156.0,2.4,100.0,2.0
2026-04-14 17:00:00,2026,4,14,17,Vĩnh Long,Xã Hưng Nhượng,10.0882474,106.4841665,85.0,Moderate,1,32.4,57,0.0,14.1,142,1006.5,24,17.2,19.2,161.0,5.0,95.0,2.7
2026-04-14 17:00:00,2026,4,14,17,Vĩnh Long,Xã Hưng Nhượng,10.0882474,106.4841665,84.0,Moderate,1,32.9,52,0.0,13.0,141,1006.1,0,16.1,18.5,161.0,4.4,91.0,2.5
2026-04-14 18:00:00,2026,4,14,18,Vĩnh Long,Xã Hưng Nhượng,10.0882474,106.4841665,85.0,Moderate,1,30.7,62,0.0,12.7,145,1006.8,3,20.5,22.4,169.0,8.5,82.0,3.5
2026-04-14 18:00:00,2026,4,14,18,Vĩnh Long,Xã Hưng Nhượng,10.0882474,106.4841665,84.0,Moderate,1,31.2,58,0.0,12.2,146,1006.4,0,17.6,19.7,169.0,7.1,82.0,3.2
2026-04-14 19:00:00,2026,4,14,19,Vĩnh Long,Xã Hưng Nhượng,10.0882474,106.4841665,84.0,Moderate,1,29.5,64,0.0,9.4,148,1007.0,0,20.8,22.5,176.0,9.5,73.0,3.8
2026-04-14 19:00:00,2026,4,14,19,Vĩnh Long,Xã Hưng Nhượng,10.0882474,106.4841665,85.0,Moderate,1,29.3,68,0.0,9.4,148,1007.6,0,24.2,26.3,176.0,11.4,71.0,4.2
2026-04-14 20:00:00,2026,4,14,20,Vĩnh Long,Xã Hưng Nhượng,10.0882474,106.4841665,85.0,Moderate,1,28.2,73,0.0,8.0,144,1007.8,0,27.0,29.3,181.0,13.2,63.0,4.7
2026-04-14 20:00:00,2026,4,14,20,Vĩnh Long,Xã Hưng Nhượng,10.0882474,106.4841665,84.0,Moderate,1,28.2,71,0.0,7.8,146,1007.5,0,23.3,25.3,181.0,11.3,66.0,4.3
2026-04-14 21:00:00,2026,4,14,21,Vĩnh Long,Xã Hưng Nhượng,10.0882474,106.4841665,85.0,Moderate,1,27.3,76,0.0,6.5,146,1008.0,0,26.2,28.5,186.0,12.9,61.0,4.8
2026-04-14 21:00:00,2026,4,14,21,Vĩnh Long,Xã Hưng Nhượng,10.0882474,106.4841665,85.0,Moderate,1,27.4,78,0.0,7.1,139,1008.3,0,28.9,31.3,186.0,14.4,57.0,5.0
2026-04-14 22:00:00,2026,4,14,22,Vĩnh Long,Xã Hưng Nhượng,10.0882474,106.4841665,86.0,Moderate,1,26.8,81,0.0,7.0,145,1008.5,0,29.5,31.8,188.0,15.1,53.0,5.1
2026-04-14 22:00:00,2026,4,14,22,Vĩnh Long,Xã Hưng Nhượng,10.0882474,106.4841665,85.0,Moderate,1,26.6,81,0.0,6.0,147,1008.3,0,29.2,31.4,188.0,14.3,57.0,5.0
2026-04-14 23:00:00,2026,4,14,23,Vĩnh Long,Xã Hưng Nhượng,10.0882474,106.4841665,85.0,Moderate,1,26.1,85,0.0,5.4,176,1008.5,0,31.4,33.6,187.0,15.4,54.0,4.8
2026-04-14 23:00:00,2026,4,14,23,Vĩnh Long,Xã Hưng Nhượng,10.0882474,106.4841665,86.0,Moderate,1,26.4,85,0.0,5.9,169,1008.8,0,28.9,31.2,187.0,14.8,52.0,4.7
2026-04-15 00:00:00,2026,4,15,0,Vĩnh Long,Xã Hưng Nhượng,10.0882474,106.4841665,86.0,Moderate,1,25.8,88,0.0,5.5,203,1008.4,0,32.7,34.9,183.0,16.2,53.0,4.4
2026-04-15 00:00:00,2026,4,15,0,Vĩnh Long,Xã Hưng Nhượng,10.0882474,106.4841665,86.0,Moderate,1,26.1,87,0.0,5.2,196,1008.8,0,27.5,29.7,183.0,14.1,54.0,4.0
2026-04-15 01:00:00,2026,4,15,1,Vĩnh Long,Xã Hưng Nhượng,10.0882474,106.4841665,86.0,Moderate,1,25.6,89,0.0,4.9,197,1008.1,0,33.9,36.0,182.0,17.2,51.0,4.1
2026-04-15 01:00:00,2026,4,15,1,Vĩnh Long,Xã Hưng Nhượng,10.0882474,106.4841665,86.0,Moderate,1,25.7,89,0.0,4.0,190,1008.4,0,27.1,29.3,182.0,14.0,54.0,3.6
2026-04-15 02:00:00,2026,4,15,2,Vĩnh Long,Xã Hưng Nhượng,10.0882474,106.4841665,86.0,Moderate,1,25.4,90,0.0,3.8,197,1007.6,49,34.9,37.1,185.0,18.7,48.0,4.0
2026-04-15 02:00:00,2026,4,15,2,Vĩnh Long,Xã Hưng Nhượng,10.0882474,106.4841665,86.0,Moderate,1,25.4,90,0.0,3.2,180,1007.8,11,28.2,30.3,185.0,15.3,51.0,3.5
2026-04-15 03:00:00,2026,4,15,3,Vĩnh Long,Xã Hưng Nhượng,10.0882474,106.4841665,86.0,Moderate,1,25.4,91,0.0,3.5,204,1007.3,51,37.5,39.7,189.0,20.3,45.0,4.1
2026-04-15 03:00:00,2026,4,15,3,Vĩnh Long,Xã Hưng Nhượng,10.0882474,106.4841665,85.0,Moderate,1,25.2,90,0.0,2.6,196,1007.5,47,31.3,33.5,189.0,17.3,48.0,3.5
2026-04-15 04:00:00,2026,4,15,4,Vĩnh Long,Xã Hưng Nhượng,10.0882474,106.4841665,85.0,Moderate,1,25.3,90,0.0,1.6,207,1007.4,66,37.6,39.9,193.0,19.5,45.0,4.0
2026-04-15 04:00:00,2026,4,15,4,Vĩnh Long,Xã Hưng Nhượng,10.0882474,106.4841665,86.0,Moderate,1,25.4,91,0.0,2.8,220,1007.2,56,42.6,45.1,193.0,21.5,44.0,4.4
2026-04-15 05:00:00,2026,4,15,5,Vĩnh Long,Xã Hưng Nhượng,10.0882474,106.4841665,86.0,Moderate,1,25.4,91,0.0,2.5,225,1007.6,60,49.4,52.0,196.0,22.8,43.0,5.2
2026-04-15 05:00:00,2026,4,15,5,Vĩnh Long,Xã Hưng Nhượng,10.0882474,106.4841665,84.0,Moderate,1,25.4,90,0.0,1.1,198,1007.9,65,48.5,51.1,196.0,22.7,43.0,5.4
2026-04-15 06:00:00,2026,4,15,6,Vĩnh Long,Xã Hưng Nhượng,10.0882474,106.4841665,83.0,Moderate,1,25.6,90,0.0,0.0,270,1008.4,64,65.0,68.0,198.0,26.0,42.0,7.2
2026-04-15 06:00:00,2026,4,15,6,Vĩnh Long,Xã Hưng Nhượng,10.0882474,106.4841665,85.0,Moderate,1,25.4,91,0.0,2.0,225,1008.1,64,57.4,60.3,198.0,23.7,43.0,6.2
2026-04-15 07:00:00,2026,4,15,7,Vĩnh Long,Xã Hưng Nhượng,10.0882474,106.4841665,83.0,Moderate,1,26.4,86,0.0,0.5,135,1009.2,62,62.9,65.9,197.0,26.0,47.0,8.0
2026-04-15 07:00:00,2026,4,15,7,Vĩnh Long,Xã Hưng Nhượng,10.0882474,106.4841665,85.0,Moderate,1,26.3,87,0.0,2.4,207,1008.8,58,54.4,57.0,197.0,22.3,49.0,6.6
2026-04-15 08:00:00,2026,4,15,8,Vĩnh Long,Xã Hưng Nhượng,10.0882474,106.4841665,84.0,Moderate,1,28.0,76,0.0,5.1,184,1010.1,47,28.8,32.6,192.0,19.5,63.0,6.7
2026-04-15 08:00:00,2026,4,15,8,Vĩnh Long,Xã Hưng Nhượng,10.0882474,106.4841665,84.0,Moderate,1,27.9,77,0.0,5.8,187,1009.6,44,25.2,29.0,192.0,16.5,66.0,5.7
2026-04-15 09:00:00,2026,4,15,9,Vĩnh Long,Xã Hưng Nhượng,10.0882474,106.4841665,85.0,Moderate,1,29.4,68,0.0,5.8,176,1010.4,49,18.9,22.9,185.0,9.6,85.0,4.4
2026-04-15 09:00:00,2026,4,15,9,Vĩnh Long,Xã Hưng Nhượng,10.0882474,106.4841665,84.0,Moderate,1,29.3,69,0.0,6.5,180,1009.9,47,18.6,21.8,185.0,8.4,89.0,4.1
2026-04-15 10:00:00,2026,4,15,10,Vĩnh Long,Xã Hưng Nhượng,10.0882474,106.4841665,84.0,Moderate,1,30.9,61,0.0,6.2,170,1010.2,42,16.7,20.3,178.0,2.3,101.0,2.6
2026-04-15 10:00:00,2026,4,15,10,Vĩnh Long,Xã Hưng Nhượng,10.0882474,106.4841665,84.0,Moderate,1,30.8,63,0.0,5.8,184,1009.8,39,17.2,19.7,178.0,2.4,106.0,2.9
2026-04-15 11:00:00,2026,4,15,11,Vĩnh Long,Xã Hưng Nhượng,10.0882474,106.4841665,84.0,Moderate,1,32.3,56,0.0,6.5,180,1009.2,43,16.2,18.6,172.0,0.6,112.0,2.4
2026-04-15 11:00:00,2026,4,15,11,Vĩnh Long,Xã Hưng Nhượng,10.0882474,106.4841665,84.0,Moderate,1,32.3,55,0.0,6.6,167,1009.6,37,15.3,18.5,172.0,0.3,106.0,1.9
2026-04-15 12:00:00,2026,4,15,12,Vĩnh Long,Xã Hưng Nhượng,10.0882474,106.4841665,84.0,Moderate,1,33.6,51,0.0,6.9,186,1008.2,40,15.5,18.0,167.0,1.0,113.0,2.1
2026-04-15 12:00:00,2026,4,15,12,Vĩnh Long,Xã Hưng Nhượng,10.0882474,106.4841665,84.0,Moderate,1,33.6,49,0.0,7.4,166,1008.4,44,14.4,17.3,167.0,0.9,105.0,1.7
2026-04-15 13:00:00,2026,4,15,13,Vĩnh Long,Xã Hưng Nhượng,10.0882474,106.4841665,83.0,Moderate,1,34.5,48,0.0,6.9,189,1007.1,50,14.8,17.5,163.0,1.5,112.0,2.0
2026-04-15 13:00:00,2026,4,15,13,Vĩnh Long,Xã Hưng Nhượng,10.0882474,106.4841665,84.0,Moderate,1,34.6,45,0.0,8.4,170,1007.2,42,14.6,17.3,163.0,1.6,103.0,1.6
2026-04-15 14:00:00,2026,4,15,14,Vĩnh Long,Xã Hưng Nhượng,10.0882474,106.4841665,83.0,Moderate,1,35.3,43,0.0,5.4,176,1006.0,52,14.1,16.7,159.0,1.4,111.0,1.8
2026-04-15 14:00:00,2026,4,15,14,Vĩnh Long,Xã Hưng Nhượng,10.0882474,106.4841665,83.0,Moderate,1,35.0,43,0.0,8.5,168,1006.1,70,14.8,17.6,159.0,1.4,101.0,1.5
2026-04-15 15:00:00,2026,4,15,15,Vĩnh Long,Xã Hưng Nhượng,10.0882474,106.4841665,83.0,Moderate,1,35.6,41,0.0,6.6,158,1004.9,53,13.8,16.4,156.0,1.4,108.0,1.8
2026-04-15 15:00:00,2026,4,15,15,Vĩnh Long,Xã Hưng Nhượng,10.0882474,106.4841665,83.0,Moderate,1,35.1,43,0.0,8.2,157,1005.1,71,20.1,23.2,156.0,1.4,98.0,1.5
2026-04-15 16:00:00,2026,4,15,16,Vĩnh Long,Xã Hưng Nhượng,10.0882474,106.4841665,83.0,Moderate,1,35.3,42,0.0,11.7,133,1004.4,86,13.0,15.5,157.0,2.2,102.0,1.9
2026-04-15 16:00:00,2026,4,15,16,Vĩnh Long,Xã Hưng Nhượng,10.0882474,106.4841665,83.0,Moderate,1,34.7,44,0.0,11.1,144,1004.7,71,14.9,17.6,157.0,2.2,93.0,1.7
2026-04-15 17:00:00,2026,4,15,17,Vĩnh Long,Xã Hưng Nhượng,10.0882474,106.4841665,83.0,Moderate,1,33.0,54,0.0,15.2,126,1004.8,59,12.7,15.1,163.0,4.1,92.0,2.3
2026-04-15 17:00:00,2026,4,15,17,Vĩnh Long,Xã Hưng Nhượng,10.0882474,106.4841665,83.0,Moderate,1,33.4,50,0.0,13.5,136,1005.1,78,14.4,17.1,163.0,4.2,85.0,2.2
2026-04-15 18:00:00,2026,4,15,18,Vĩnh Long,Xã Hưng Nhượng,10.0882474,106.4841665,83.0,Moderate,1,31.3,59,0.0,14.8,135,1006.0,40,16.1,18.6,173.0,7.0,74.0,3.0
2026-04-15 18:00:00,2026,4,15,18,Vĩnh Long,Xã Hưng Nhượng,10.0882474,106.4841665,82.0,Moderate,1,31.3,62,0.0,14.3,135,1005.6,47,14.2,16.3,173.0,6.8,81.0,2.9
2026-04-15 19:00:00,2026,4,15,19,Vĩnh Long,Xã Hưng Nhượng,10.0882474,106.4841665,83.0,Moderate,1,29.9,67,0.0,13.1,148,1006.8,0,19.4,21.8,184.0,9.7,65.0,3.7
2026-04-15 19:00:00,2026,4,15,19,Vĩnh Long,Xã Hưng Nhượng,10.0882474,106.4841665,82.0,Moderate,1,29.9,70,0.0,12.7,151,1006.4,29,16.8,18.9,184.0,9.3,70.0,3.5
2026-04-15 20:00:00,2026,4,15,20,Vĩnh Long,Xã Hưng Nhượng,10.0882474,106.4841665,82.0,Moderate,1,29.0,72,0.0,10.5,153,1007.5,0,23.1,25.6,199.0,12.3,57.0,4.4
2026-04-15 20:00:00,2026,4,15,20,Vĩnh Long,Xã Hưng Nhượng,10.0882474,106.4841665,82.0,Moderate,1,28.9,77,0.0,11.2,159,1007.1,18,19.9,21.9,199.0,11.6,62.0,4.1
2026-04-15 21:00:00,2026,4,15,21,Vĩnh Long,Xã Hưng Nhượng,10.0882474,106.4841665,81.0,Moderate,1,28.3,80,0.0,8.4,160,1007.9,24,23.4,25.4,216.0,13.8,56.0,4.8
2026-04-15 21:00:00,2026,4,15,21,Vĩnh Long,Xã Hưng Nhượng,10.0882474,106.4841665,82.0,Moderate,1,28.2,78,0.0,7.8,158,1008.2,26,27.0,29.5,216.0,14.9,50.0,5.1
2026-04-15 22:00:00,2026,4,15,22,Vĩnh Long,Xã Hưng Nhượng,10.0882474,106.4841665,82.0,Moderate,1,27.7,82,0.0,6.2,159,1008.6,20,31.5,34.0,225.0,17.1,45.0,5.5
2026-04-15 22:00:00,2026,4,15,22,Vĩnh Long,Xã Hưng Nhượng,10.0882474,106.4841665,81.0,Moderate,1,27.7,84,0.0,6.4,164,1008.4,36,27.0,29.0,225.0,15.6,51.0,5.1
2026-04-15 23:00:00,2026,4,15,23,Vĩnh Long,Xã Hưng Nhượng,10.0882474,106.4841665,82.0,Moderate,1,27.3,85,0.0,5.4,176,1008.7,24,36.7,39.2,221.0,18.5,42.0,5.4
2026-04-15 23:00:00,2026,4,15,23,Vĩnh Long,Xã Hưng Nhượng,10.0882474,106.4841665,81.0,Moderate,1,27.4,87,0.0,5.4,188,1008.5,43,30.5,32.5,221.0,16.5,49.0,4.9
2026-04-16 00:00:00,2026,4,16,0,Vĩnh Long,Xã Hưng Nhượng,10.0882474,106.4841665,83.0,Moderate,1,27.1,87,0.0,5.6,207,1008.5,49,38.6,41.1,210.0,19.7,40.0,4.9
2026-04-16 00:00:00,2026,4,16,0,Vĩnh Long,Xã Hưng Nhượng,10.0882474,106.4841665,81.0,Moderate,1,27.3,89,0.0,5.7,198,1008.3,66,31.2,33.1,210.0,17.0,48.0,4.5
2026-04-16 01:00:00,2026,4,16,1,Vĩnh Long,Xã Hưng Nhượng,10.0882474,106.4841665,84.0,Moderate,1,26.9,88,0.0,5.3,208,1008.1,52,39.6,42.0,201.0,21.5,38.0,4.7
2026-04-16 01:00:00,2026,4,16,1,Vĩnh Long,Xã Hưng Nhượng,10.0882474,106.4841665,81.0,Moderate,1,27.2,89,0.0,4.8,193,1008.0,67,30.6,32.6,201.0,17.9,47.0,4.2
2026-04-16 02:00:00,2026,4,16,2,Vĩnh Long,Xã Hưng Nhượng,10.0882474,106.4841665,85.0,Moderate,1,26.7,89,0.0,3.7,191,1007.8,56,43.7,46.2,199.0,25.1,33.0,4.8
2026-04-16 02:00:00,2026,4,16,2,Vĩnh Long,Xã Hưng Nhượng,10.0882474,106.4841665,80.0,Moderate,1,27.1,90,0.0,4.0,180,1007.6,60,31.7,33.8,199.0,19.7,44.0,4.1
2026-04-16 03:00:00,2026,4,16,3,Vĩnh Long,Xã Hưng Nhượng,10.0882474,106.4841665,80.0,Moderate,1,26.9,91,0.0,4.0,175,1007.4,70,36.0,38.2,199.0,21.8,40.0,4.2
2026-04-16 03:00:00,2026,4,16,3,Vĩnh Long,Xã Hưng Nhượng,10.0882474,106.4841665,86.0,Moderate,1,26.7,90,0.0,3.3,186,1007.7,69,50.8,53.6,199.0,29.3,28.0,5.2
2026-04-16 04:00:00,2026,4,16,4,Vĩnh Long,Xã Hưng Nhượng,10.0882474,106.4841665,80.0,Moderate,1,26.8,92,0.0,3.6,174,1007.5,66,43.0,45.4,201.0,23.5,39.0,4.5
2026-04-16 04:00:00,2026,4,16,4,Vĩnh Long,Xã Hưng Nhượng,10.0882474,106.4841665,88.0,Moderate,1,26.7,90,0.0,3.2,207,1007.7,71,61.5,64.7,201.0,32.4,26.0,5.8
2026-04-16 05:00:00,2026,4,16,5,Vĩnh Long,Xã Hưng Nhượng,10.0882474,106.4841665,80.0,Moderate,1,26.7,93,0.0,2.9,180,1007.7,53,53.6,56.2,205.0,25.1,40.0,5.5
2026-04-16 05:00:00,2026,4,16,5,Vĩnh Long,Xã Hưng Nhượng,10.0882474,106.4841665,90.0,Moderate,1,26.5,92,0.0,3.1,216,1007.9,73,75.7,79.2,205.0,34.3,27.0,7.1
2026-04-16 06:00:00,2026,4,16,6,Vĩnh Long,Xã Hưng Nhượng,10.0882474,106.4841665,92.0,Moderate,1,26.4,93,0.0,2.5,225,1008.2,56,93.8,97.3,211.0,35.0,32.0,8.6
2026-04-16 06:00:00,2026,4,16,6,Vĩnh Long,Xã Hưng Nhượng,10.0882474,106.4841665,80.0,Moderate,1,26.5,93,0.0,2.2,180,1008.1,48,67.8,70.8,211.0,26.3,42.0,6.8
2026-04-16 07:00:00,2026,4,16,7,Vĩnh Long,Xã Hưng Nhượng,10.0882474,106.4841665,81.0,Moderate,1,27.4,89,0.0,3.3,167,1008.9,42,59.4,62.4,211.0,24.8,50.0,7.3
2026-04-16 07:00:00,2026,4,16,7,Vĩnh Long,Xã Hưng Nhượng,10.0882474,106.4841665,95.0,Moderate,1,27.2,89,0.0,2.8,230,1009.1,61,86.8,90.1,211.0,32.4,41.0,9.1
2026-04-16 08:00:00,2026,4,16,8,Vĩnh Long,Xã Hưng Nhượng,10.0882474,106.4841665,82.0,Moderate,1,28.9,79,0.0,6.3,156,1009.8,53,21.8,25.3,201.0,18.3,67.0,6.3
2026-04-16 08:00:00,2026,4,16,8,Vĩnh Long,Xã Hưng Nhượng,10.0882474,106.4841665,97.0,Moderate,1,28.5,81,0.0,4.4,189,1010.2,47,27.8,32.1,201.0,23.5,59.0,7.5
2026-04-16 09:00:00,2026,4,16,9,Vĩnh Long,Xã Hưng Nhượng,10.0882474,106.4841665,81.0,Moderate,1,30.3,70,0.0,7.5,145,1010.3,52,16.7,20.5,187.0,9.2,89.0,4.5
2026-04-16 09:00:00,2026,4,16,9,Vĩnh Long,Xã Hưng Nhượng,10.0882474,106.4841665,97.0,Moderate,1,29.9,73,0.0,4.7,171,1010.7,52,19.2,23.7,187.0,11.3,82.0,4.7
2026-04-16 10:00:00,2026,4,16,10,Vĩnh Long,Xã Hưng Nhượng,10.0882474,106.4841665,97.0,Moderate,1,31.2,65,0.0,5.0,150,1010.4,66,17.3,21.4,176.0,2.3,99.0,2.6
2026-04-16 10:00:00,2026,4,16,10,Vĩnh Long,Xã Hưng Nhượng,10.0882474,106.4841665,81.0,Moderate,1,31.6,62,0.0,7.7,139,1010.0,56,15.4,19.0,176.0,2.4,105.0,3.0
2026-04-16 11:00:00,2026,4,16,11,Vĩnh Long,Xã Hưng Nhượng,10.0882474,106.4841665,97.0,Moderate,1,32.6,58,0.0,6.6,131,1009.7,66,16.0,19.8,173.0,0.0,105.0,1.9
2026-04-16 11:00:00,2026,4,16,11,Vĩnh Long,Xã Hưng Nhượng,10.0882474,106.4841665,81.0,Moderate,1,32.8,56,0.0,7.4,141,1009.3,63,14.3,17.5,173.0,0.5,110.0,2.3
2026-04-16 12:00:00,2026,4,16,12,Vĩnh Long,Xã Hưng Nhượng,10.0882474,106.4841665,97.0,Moderate,1,33.6,53,0.0,7.9,129,1008.8,77,14.8,18.3,175.0,0.5,105.0,1.7
2026-04-16 12:00:00,2026,4,16,12,Vĩnh Long,Xã Hưng Nhượng,10.0882474,106.4841665,81.0,Moderate,1,33.9,51,0.0,8.4,130,1008.4,81,13.0,15.9,175.0,0.9,110.0,2.0
2026-04-16 13:00:00,2026,4,16,13,Vĩnh Long,Xã Hưng Nhượng,10.0882474,106.4841665,97.0,Moderate,1,33.5,54,0.0,9.5,115,1007.9,63,13.7,17.2,175.0,1.4,104.0,1.7
2026-04-16 13:00:00,2026,4,16,13,Vĩnh Long,Xã Hưng Nhượng,10.0882474,106.4841665,81.0,Moderate,1,33.9,51,0.0,9.5,119,1007.5,80,12.1,15.0,175.0,1.5,108.0,1.8
2026-04-16 14:00:00,2026,4,16,14,Vĩnh Long,Xã Hưng Nhượng,10.0882474,106.4841665,80.0,Moderate,1,33.7,54,0.0,10.4,124,1006.6,65,11.5,14.3,172.0,1.3,107.0,1.6
2026-04-16 14:00:00,2026,4,16,14,Vĩnh Long,Xã Hưng Nhượng,10.0882474,106.4841665,97.0,Moderate,1,32.9,57,0.1,10.8,116,1007.1,81,13.1,16.5,172.0,1.2,102.0,1.5
2026-04-16 15:00:00,2026,4,16,15,Vĩnh Long,Xã Hưng Nhượng,10.0882474,106.4841665,97.0,Moderate,1,33.1,55,0.0,10.9,124,1006.4,69,12.7,16.0,167.0,1.3,99.0,1.4
2026-04-16 15:00:00,2026,4,16,15,Vĩnh Long,Xã Hưng Nhượng,10.0882474,106.4841665,80.0,Moderate,1,33.3,57,0.0,12.0,134,1006.0,65,11.0,13.7,167.0,1.3,104.0,1.5
2026-04-16 16:00:00,2026,4,16,16,Vĩnh Long,Xã Hưng Nhượng,10.0882474,106.4841665,96.0,Moderate,1,32.9,56,0.0,11.5,136,1005.8,64,12.6,15.8,166.0,2.1,94.0,1.6
2026-04-16 16:00:00,2026,4,16,16,Vĩnh Long,Xã Hưng Nhượng,10.0882474,106.4841665,80.0,Moderate,1,32.8,58,0.1,12.3,142,1005.7,73,10.7,13.5,166.0,2.1,99.0,1.7
2026-04-16 17:00:00,2026,4,16,17,Vĩnh Long,Xã Hưng Nhượng,10.0882474,106.4841665,96.0,Moderate,1,32.1,59,0.0,12.5,141,1005.8,48,13.2,16.3,170.0,4.4,85.0,2.1
2026-04-16 17:00:00,2026,4,16,17,Vĩnh Long,Xã Hưng Nhượng,10.0882474,106.4841665,80.0,Moderate,1,32.1,60,0.0,12.3,148,1005.6,49,11.1,13.9,170.0,4.1,91.0,2.2
2026-04-16 18:00:00,2026,4,16,18,Vĩnh Long,Xã Hưng Nhượng,10.0882474,106.4841665,80.0,Moderate,1,30.8,65,0.0,12.1,143,1006.1,41,13.4,16.1,176.0,6.8,82.0,2.9
2026-04-16 18:00:00,2026,4,16,18,Vĩnh Long,Xã Hưng Nhượng,10.0882474,106.4841665,96.0,Moderate,1,30.6,65,0.0,12.5,141,1006.5,38,16.0,18.9,176.0,7.4,74.0,2.9
2026-04-16 19:00:00,2026,4,16,19,Vĩnh Long,Xã Hưng Nhượng,10.0882474,106.4841665,80.0,Moderate,1,29.5,73,0.0,10.9,136,1006.9,30,17.5,19.9,182.0,9.5,73.0,3.6
2026-04-16 19:00:00,2026,4,16,19,Vĩnh Long,Xã Hưng Nhượng,10.0882474,106.4841665,96.0,Moderate,1,29.3,73,0.0,10.9,136,1007.3,0,20.3,22.9,182.0,10.2,65.0,3.6
2026-04-16 20:00:00,2026,4,16,20,Vĩnh Long,Xã Hưng Nhượng,10.0882474,106.4841665,80.0,Moderate,1,28.6,78,0.0,9.7,132,1007.8,30,21.6,24.0,186.0,12.2,65.0,4.3
2026-04-16 20:00:00,2026,4,16,20,Vĩnh Long,Xã Hưng Nhượng,10.0882474,106.4841665,96.0,Moderate,1,28.4,77,0.0,9.2,129,1008.0,0,24.0,26.5,186.0,12.4,58.0,4.2
2026-04-16 21:00:00,2026,4,16,21,Vĩnh Long,Xã Hưng Nhượng,10.0882474,106.4841665,96.0,Moderate,1,27.8,80,0.0,8.2,131,1008.5,0,27.7,30.3,190.0,14.3,53.0,4.8
2026-04-16 21:00:00,2026,4,16,21,Vĩnh Long,Xã Hưng Nhượng,10.0882474,106.4841665,80.0,Moderate,1,28.1,81,0.0,8.7,138,1008.5,35,26.8,29.2,190.0,14.9,58.0,5.0
2026-04-16 22:00:00,2026,4,16,22,Vĩnh Long,Xã Hưng Nhượng,10.0882474,106.4841665,80.0,Moderate,1,27.7,84,0.0,7.8,146,1009.1,41,30.4,32.7,191.0,16.8,53.0,5.4
2026-04-16 22:00:00,2026,4,16,22,Vĩnh Long,Xã Hưng Nhượng,10.0882474,106.4841665,96.0,Moderate,1,27.4,83,0.0,7.1,135,1009.0,17,29.7,32.4,191.0,15.4,50.0,5.0
2026-04-16 23:00:00,2026,4,16,23,Vĩnh Long,Xã Hưng Nhượng,10.0882474,106.4841665,96.0,Moderate,1,27.2,86,0.0,6.6,139,1009.2,59,29.6,32.1,187.0,15.2,50.0,4.6
2026-04-16 23:00:00,2026,4,16,23,Vĩnh Long,Xã Hưng Nhượng,10.0882474,106.4841665,80.0,Moderate,1,27.5,85,0.0,7.2,153,1009.1,54,31.7,34.0,187.0,17.4,52.0,5.1
2026-04-17 00:00:00,2026,4,17,0,Vĩnh Long,Xã Hưng Nhượng,10.0882474,106.4841665,95.0,Moderate,1,27.2,88,0.0,6.3,149,1009.0,71,28.5,31.0,179.0,14.2,52.0,3.9
2026-04-17 00:00:00,2026,4,17,0,Vĩnh Long,Xã Hưng Nhượng,10.0882474,106.4841665,81.0,Moderate,1,27.3,87,0.0,6.6,151,1008.8,63,32.6,35.2,179.0,17.2,53.0,4.4
2026-04-17 01:00:00,2026,4,17,1,Vĩnh Long,Xã Hưng Nhượng,10.0882474,106.4841665,81.0,Moderate,1,27.2,87,0.0,5.8,150,1008.4,64,32.6,35.0,175.0,17.1,54.0,3.9
2026-04-17 01:00:00,2026,4,17,1,Vĩnh Long,Xã Hưng Nhượng,10.0882474,106.4841665,94.0,Moderate,1,27.1,87,0.0,6.2,159,1008.6,60,27.5,29.9,175.0,13.6,54.0,3.3
2026-04-17 02:00:00,2026,4,17,2,Vĩnh Long,Xã Hưng Nhượng,10.0882474,106.4841665,93.0,Moderate,1,26.9,87,0.0,5.4,160,1008.1,49,27.1,29.5,177.0,14.1,53.0,3.1
2026-04-17 02:00:00,2026,4,17,2,Vĩnh Long,Xã Hưng Nhượng,10.0882474,106.4841665,81.0,Moderate,1,27.0,88,0.0,4.7,157,1008.2,67,31.5,34.0,177.0,17.5,54.0,3.7
2026-04-17 03:00:00,2026,4,17,3,Vĩnh Long,Xã Hưng Nhượng,10.0882474,106.4841665,92.0,Moderate,1,26.7,88,0.0,4.8,153,1007.9,64,28.8,31.3,181.0,15.0,52.0,3.1
2026-04-17 03:00:00,2026,4,17,3,Vĩnh Long,Xã Hưng Nhượng,10.0882474,106.4841665,81.0,Moderate,1,26.9,88,0.0,3.7,169,1008.1,71,32.7,35.3,181.0,18.0,53.0,3.6
2026-04-17 04:00:00,2026,4,17,4,Vĩnh Long,Xã Hưng Nhượng,10.0882474,106.4841665,90.0,Moderate,1,26.6,88,0.0,4.3,156,1008.1,72,31.9,34.5,186.0,15.8,51.0,3.3
2026-04-17 04:00:00,2026,4,17,4,Vĩnh Long,Xã Hưng Nhượng,10.0882474,106.4841665,81.0,Moderate,1,26.9,88,0.0,3.3,174,1008.2,74,36.2,39.0,186.0,18.4,53.0,3.8
2026-04-17 05:00:00,2026,4,17,5,Vĩnh Long,Xã Hưng Nhượng,10.0882474,106.4841665,80.0,Moderate,1,26.9,88,0.0,3.1,159,1008.6,74,41.1,43.9,192.0,19.3,53.0,4.5
2026-04-17 05:00:00,2026,4,17,5,Vĩnh Long,Xã Hưng Nhượng,10.0882474,106.4841665,87.0,Moderate,1,26.6,88,0.0,3.5,156,1008.5,69,35.3,38.0,192.0,16.7,50.0,3.9
2026-04-17 06:00:00,2026,4,17,6,Vĩnh Long,Xã Hưng Nhượng,10.0882474,106.4841665,79.0,Moderate,1,27.0,88,0.0,3.3,139,1009.1,73,47.5,50.5,198.0,20.1,53.0,5.4
2026-04-17 06:00:00,2026,4,17,6,Vĩnh Long,Xã Hưng Nhượng,10.0882474,106.4841665,84.0,Moderate,1,26.5,88,0.0,2.6,146,1009.1,67,38.8,41.4,198.0,17.5,49.0,4.7
2026-04-17 07:00:00,2026,4,17,7,Vĩnh Long,Xã Hưng Nhượng,10.0882474,106.4841665,79.0,Moderate,1,27.4,84,0.0,2.6,164,1009.9,56,38.5,40.9,199.0,16.5,53.0,5.0
2026-04-17 07:00:00,2026,4,17,7,Vĩnh Long,Xã Hưng Nhượng,10.0882474,106.4841665,77.0,Moderate,1,27.4,85,0.0,4.1,128,1009.6,73,44.7,47.5,199.0,18.9,58.0,5.7
2026-04-17 08:00:00,2026,4,17,8,Vĩnh Long,Xã Hưng Nhượng,10.0882474,106.4841665,74.0,Moderate,1,28.6,77,0.0,3.9,158,1010.4,54,20.1,23.4,190.0,12.2,64.0,4.2
2026-04-17 08:00:00,2026,4,17,8,Vĩnh Long,Xã Hưng Nhượng,10.0882474,106.4841665,76.0,Moderate,1,28.5,79,0.0,4.6,135,1010.1,70,17.9,21.4,190.0,13.9,71.0,4.8
2026-04-17 09:00:00,2026,4,17,9,Vĩnh Long,Xã Hưng Nhượng,10.0882474,106.4841665,75.0,Moderate,1,30.1,70,0.0,5.7,145,1010.6,66,13.5,16.9,176.0,7.0,88.0,3.3
2026-04-17 09:00:00,2026,4,17,9,Vĩnh Long,Xã Hưng Nhượng,10.0882474,106.4841665,74.0,Moderate,1,30.2,67,0.0,6.1,152,1010.7,51,12.6,15.8,176.0,6.2,80.0,2.8
2026-04-17 10:00:00,2026,4,17,10,Vĩnh Long,Xã Hưng Nhượng,10.0882474,106.4841665,73.0,Moderate,1,31.6,58,0.0,7.6,149,1010.7,49,11.9,15.2,166.0,1.8,92.0,1.8
2026-04-17 10:00:00,2026,4,17,10,Vĩnh Long,Xã Hưng Nhượng,10.0882474,106.4841665,75.0,Moderate,1,31.5,62,0.0,6.8,148,1010.6,63,12.8,16.0,166.0,1.9,101.0,2.1
2026-04-17 11:00:00,2026,4,17,11,Vĩnh Long,Xã Hưng Nhượng,10.0882474,106.4841665,75.0,Moderate,1,32.7,55,0.0,7.9,141,1009.9,72,11.8,14.8,164.0,0.4,106.0,1.7
2026-04-17 11:00:00,2026,4,17,11,Vĩnh Long,Xã Hưng Nhượng,10.0882474,106.4841665,73.0,Moderate,1,33.0,52,0.0,7.7,139,1010.0,62,11.4,14.5,164.0,0.6,98.0,1.5
2026-04-17 12:00:00,2026,4,17,12,Vĩnh Long,Xã Hưng Nhượng,10.0882474,106.4841665,75.0,Moderate,1,33.9,49,0.0,9.2,135,1008.7,81,11.0,13.6,166.0,0.8,106.0,1.7
2026-04-17 12:00:00,2026,4,17,12,Vĩnh Long,Xã Hưng Nhượng,10.0882474,106.4841665,72.0,Moderate,1,34.2,47,0.0,7.2,127,1008.8,76,10.8,13.8,166.0,0.9,101.0,1.5
2026-04-17 13:00:00,2026,4,17,13,Vĩnh Long,Xã Hưng Nhượng,10.0882474,106.4841665,74.0,Moderate,1,34.6,45,0.0,10.5,131,1007.7,90,10.4,12.8,166.0,1.3,106.0,1.7
2026-04-17 13:00:00,2026,4,17,13,Vĩnh Long,Xã Hưng Nhượng,10.0882474,106.4841665,72.0,Moderate,1,34.9,44,0.0,7.6,121,1007.8,89,10.5,13.3,166.0,1.4,102.0,1.6
2026-04-17 14:00:00,2026,4,17,14,Vĩnh Long,Xã Hưng Nhượng,10.0882474,106.4841665,74.0,Moderate,1,34.9,43,0.0,11.5,134,1007.0,66,10.0,12.2,162.0,1.1,106.0,1.6
2026-04-17 14:00:00,2026,4,17,14,Vĩnh Long,Xã Hưng Nhượng,10.0882474,106.4841665,72.0,Moderate,1,34.9,44,0.0,9.0,127,1007.1,80,10.2,12.8,162.0,1.2,104.0,1.6
2026-04-17 15:00:00,2026,4,17,15,Vĩnh Long,Xã Hưng Nhượng,10.0882474,106.4841665,71.0,Moderate,1,34.4,46,0.0,11.2,135,1006.5,72,10.1,12.5,156.0,1.1,104.0,1.6
2026-04-17 15:00:00,2026,4,17,15,Vĩnh Long,Xã Hưng Nhượng,10.0882474,106.4841665,74.0,Moderate,1,34.7,42,0.0,12.8,140,1006.4,43,9.8,11.8,156.0,1.1,106.0,1.6
2026-04-17 16:00:00,2026,4,17,16,Vĩnh Long,Xã Hưng Nhượng,10.0882474,106.4841665,71.0,Moderate,1,33.6,50,0.0,13.0,138,1006.2,63,10.1,12.3,155.0,2.2,101.0,1.9
2026-04-17 16:00:00,2026,4,17,16,Vĩnh Long,Xã Hưng Nhượng,10.0882474,106.4841665,74.0,Moderate,1,34.1,44,0.0,13.1,143,1006.2,19,9.8,11.7,155.0,2.1,102.0,1.8
2026-04-17 17:00:00,2026,4,17,17,Vĩnh Long,Xã Hưng Nhượng,10.0882474,106.4841665,74.0,Moderate,1,32.8,48,0.0,12.9,144,1006.4,13,10.7,12.6,160.0,4.8,94.0,2.4
2026-04-17 17:00:00,2026,4,17,17,Vĩnh Long,Xã Hưng Nhượng,10.0882474,106.4841665,71.0,Moderate,1,32.4,55,0.0,13.5,138,1006.4,42,11.0,13.1,160.0,5.4,91.0,2.7
2026-04-17 18:00:00,2026,4,17,18,Vĩnh Long,Xã Hưng Nhượng,10.0882474,106.4841665,71.0,Moderate,1,30.9,62,0.0,13.2,135,1007.0,21,16.5,18.5,169.0,9.7,78.0,3.7
2026-04-17 18:00:00,2026,4,17,18,Vĩnh Long,Xã Hưng Nhượng,10.0882474,106.4841665,74.0,Moderate,1,31.2,54,0.0,12.1,143,1006.9,6,15.1,16.8,169.0,8.5,82.0,3.4
2026-04-17 19:00:00,2026,4,17,19,Vĩnh Long,Xã Hưng Nhượng,10.0882474,106.4841665,71.0,Moderate,1,29.6,68,0.0,12.5,134,1007.7,0,22.6,24.6,181.0,13.6,66.0,4.7
2026-04-17 19:00:00,2026,4,17,19,Vĩnh Long,Xã Hưng Nhượng,10.0882474,106.4841665,74.0,Moderate,1,29.8,60,0.0,10.8,143,1007.5,0,21.0,23.0,181.0,12.2,72.0,4.3
2026-04-17 20:00:00,2026,4,17,20,Vĩnh Long,Xã Hưng Nhượng,10.0882474,106.4841665,71.0,Moderate,1,28.7,73,0.0,10.7,135,1008.5,4,27.9,29.9,201.0,16.7,57.0,5.5
2026-04-17 20:00:00,2026,4,17,20,Vĩnh Long,Xã Hưng Nhượng,10.0882474,106.4841665,74.0,Moderate,1,28.8,67,0.0,9.3,144,1008.3,23,27.4,29.4,201.0,15.8,63.0,5.4
2026-04-17 21:00:00,2026,4,17,21,Vĩnh Long,Xã Hưng Nhượng,10.0882474,106.4841665,71.0,Moderate,1,28.0,78,0.0,8.2,142,1009.3,8,34.0,36.1,224.0,19.2,50.0,6.3
2026-04-17 21:00:00,2026,4,17,21,Vĩnh Long,Xã Hưng Nhượng,10.0882474,106.4841665,75.0,Moderate,1,28.1,74,0.0,7.8,146,1009.1,47,34.1,36.3,224.0,19.4,55.0,6.5
2026-04-17 22:00:00,2026,4,17,22,Vĩnh Long,Xã Hưng Nhượng,10.0882474,106.4841665,72.0,Moderate,1,27.6,82,0.0,6.3,149,1009.8,12,36.0,38.1,238.0,20.6,46.0,6.5
2026-04-17 22:00:00,2026,4,17,22,Vĩnh Long,Xã Hưng Nhượng,10.0882474,106.4841665,76.0,Moderate,1,27.6,80,0.0,6.3,149,1009.6,70,39.0,41.3,238.0,21.8,49.0,7.0
2026-04-17 23:00:00,2026,4,17,23,Vĩnh Long,Xã Hưng Nhượng,10.0882474,106.4841665,72.0,Moderate,1,27.3,84,0.0,5.2,155,1009.8,34,34.2,36.4,233.0,19.7,46.0,5.8
2026-04-17 23:00:00,2026,4,17,23,Vĩnh Long,Xã Hưng Nhượng,10.0882474,106.4841665,76.0,Moderate,1,27.2,83,0.0,5.2,155,1009.5,69,38.8,41.2,233.0,21.7,48.0,6.4
2026-04-18 00:00:00,2026,4,18,0,Vĩnh Long,Xã Hưng Nhượng,10.0882474,106.4841665,73.0,Moderate,1,27.2,84,0.0,4.2,160,1009.4,57,31.7,33.9,219.0,17.6,48.0,4.7
2026-04-18 00:00:00,2026,4,18,0,Vĩnh Long,Xã Hưng Nhượng,10.0882474,106.4841665,77.0,Moderate,1,27.1,85,0.0,4.6,162,1009.1,69,37.5,39.8,219.0,20.3,49.0,5.2
2026-04-18 01:00:00,2026,4,18,1,Vĩnh Long,Xã Hưng Nhượng,10.0882474,106.4841665,73.0,Moderate,1,27.2,84,0.0,3.8,163,1009.1,79,30.3,32.5,208.0,16.7,49.0,3.9
2026-04-18 01:00:00,2026,4,18,1,Vĩnh Long,Xã Hưng Nhượng,10.0882474,106.4841665,77.0,Moderate,1,27.0,86,0.0,3.7,169,1008.7,68,38.4,40.7,208.0,20.6,49.0,4.5
2026-04-18 02:00:00,2026,4,18,2,Vĩnh Long,Xã Hưng Nhượng,10.0882474,106.4841665,78.0,Moderate,1,26.8,87,0.0,2.9,173,1008.4,67,41.4,43.9,205.0,24.5,45.0,4.8
2026-04-18 02:00:00,2026,4,18,2,Vĩnh Long,Xã Hưng Nhượng,10.0882474,106.4841665,73.0,Moderate,1,27.1,85,0.0,3.2,153,1008.8,82,31.1,33.3,205.0,18.5,46.0,3.8
2026-04-18 03:00:00,2026,4,18,3,Vĩnh Long,Xã Hưng Nhượng,10.0882474,106.4841665,79.0,Moderate,1,26.8,88,0.0,2.3,162,1008.2,67,50.2,53.0,206.0,30.1,40.0,5.6
2026-04-18 03:00:00,2026,4,18,3,Vĩnh Long,Xã Hưng Nhượng,10.0882474,106.4841665,74.0,Moderate,1,26.9,86,0.0,3.3,139,1008.5,86,35.7,38.1,206.0,21.4,43.0,4.1
2026-04-18 04:00:00,2026,4,18,4,Vĩnh Long,Xã Hưng Nhượng,10.0882474,106.4841665,80.0,Moderate,1,26.8,88,0.0,1.6,153,1008.1,66,64.3,67.3,208.0,33.8,38.0,6.4
2026-04-18 04:00:00,2026,4,18,4,Vĩnh Long,Xã Hưng Nhượng,10.0882474,106.4841665,74.0,Moderate,1,26.9,87,0.0,3.3,131,1008.4,89,44.6,47.1,208.0,23.5,41.0,4.6
2026-04-18 05:00:00,2026,4,18,5,Vĩnh Long,Xã Hưng Nhượng,10.0882474,106.4841665,76.0,Moderate,1,26.9,88,0.0,3.3,131,1008.6,76,53.2,56.0,213.0,24.5,42.0,5.5
2026-04-18 05:00:00,2026,4,18,5,Vĩnh Long,Xã Hưng Nhượng,10.0882474,106.4841665,83.0,Moderate,1,26.8,89,0.0,1.6,153,1008.4,68,76.6,79.9,213.0,33.9,42.0,7.2
2026-04-18 06:00:00,2026,4,18,6,Vĩnh Long,Xã Hưng Nhượng,10.0882474,106.4841665,86.0,Moderate,1,26.8,89,0.0,1.5,166,1008.8,70,85.2,88.7,220.0,32.1,50.0,8.0
2026-04-18 06:00:00,2026,4,18,6,Vĩnh Long,Xã Hưng Nhượng,10.0882474,106.4841665,77.0,Moderate,1,26.9,88,0.0,3.3,131,1009.0,64,60.8,63.8,220.0,24.7,46.0,6.6
2026-04-18 07:00:00,2026,4,18,7,Vĩnh Long,Xã Hưng Nhượng,10.0882474,106.4841665,89.0,Moderate,1,27.4,86,0.0,1.9,158,1009.2,72,74.5,77.5,223.0,30.7,55.0,8.6
2026-04-18 07:00:00,2026,4,18,7,Vĩnh Long,Xã Hưng Nhượng,10.0882474,106.4841665,79.0,Moderate,1,27.4,85,0.0,3.6,127,1009.3,51,54.6,57.4,313.5,22.7,53.0,6.9
2026-04-18 08:00:00,2026,4,18,8,Vĩnh Long,Xã Hưng Nhượng,10.0882474,106.4841665,92.0,Moderate,1,28.7,79,0.0,3.6,143,1009.5,65,38.1,41.05,224.0,19.6,59.5,6.25
2026-04-18 08:00:00,2026,4,18,8,Vĩnh Long,Xã Hưng Nhượng,10.0882474,106.4841665,80.0,Moderate,1,28.7,77,0.0,4.7,122,1009.6,53,21.6,24.7,345.5,16.5,66.0,5.6
2026-04-18 09:00:00,2026,4,18,9,Vĩnh Long,Xã Hưng Nhượng,10.0882474,106.4841665,80.5,Moderate,1,30.5,69,0.0,5.6,135,1009.8,59,17.15,20.2,224.0,12.25,74.5,4.55
2026-04-18 09:00:00,2026,4,18,9,Vĩnh Long,Xã Hưng Nhượng,10.0882474,106.4841665,81.0,Moderate,1,30.5,66,0.0,5.6,117,1009.9,54,12.7,15.7,271.2,8.0,83.0,3.5
2026-04-18 10:00:00,2026,4,18,10,Vĩnh Long,Xã Hưng Nhượng,10.0882474,106.4841665,81.0,Moderate,1,32.1,60,0.0,7.1,131,1009.7,52,11.8,14.75,213.1,4.9,89.0,2.7
2026-04-18 10:00:00,2026,4,18,10,Vĩnh Long,Xã Hưng Nhượng,10.0882474,106.4841665,81.0,Moderate,1,32.1,57,0.0,7.0,111,1009.8,56,10.9,13.8,155.0,1.8,95.0,1.9
2026-04-18 11:00:00,2026,4,18,11,Vĩnh Long,Xã Hưng Nhượng,10.0882474,106.4841665,81.0,Moderate,1,33.3,54,0.0,7.6,121,1009.1,67,10.350000000000001,13.25,138.5,0.9500000000000001,97.5,1.65
2026-04-18 11:00:00,2026,4,18,11,Vĩnh Long,Xã Hưng Nhượng,10.0882474,106.4841665,81.0,Moderate,1,33.5,51,0.0,7.6,98,1009.1,64,9.8,12.7,122.0,0.1,100.0,1.4
2026-04-18 12:00:00,2026,4,18,12,Vĩnh Long,Xã Hưng Nhượng,10.0882474,106.4841665,80.5,Moderate,1,34.3,50,0.0,7.5,107,1008.1,81,9.600000000000001,12.45,129.5,0.4,100.5,1.4
2026-04-18 12:00:00,2026,4,18,12,Vĩnh Long,Xã Hưng Nhượng,10.0882474,106.4841665,80.0,Moderate,1,34.6,46,0.0,8.6,88,1008.1,73,9.4,12.2,137.0,0.7,101.0,1.4
2026-04-18 13:00:00,2026,4,18,13,Vĩnh Long,Xã Hưng Nhượng,10.0882474,106.4841665,80.0,Moderate,1,35.3,44,0.0,9.4,86,1007.2,81,9.7,12.5,153.0,1.4,101.0,1.4
2026-04-18 13:00:00,2026,4,18,13,Vĩnh Long,Xã Hưng Nhượng,10.0882474,106.4841665,80.0,Moderate,1,34.9,47,0.0,8.1,103,1007.2,96,9.7,12.45,152.5,1.35,101.0,1.35
2026-04-18 14:00:00,2026,4,18,14,Vĩnh Long,Xã Hưng Nhượng,10.0882474,106.4841665,80.0,Moderate,1,35.2,44,0.0,9.6,103,1006.5,65,9.7,12.4,152.0,1.3,101.0,1.3
2026-04-18 14:00:00,2026,4,18,14,Vĩnh Long,Xã Hưng Nhượng,10.0882474,106.4841665,80.0,Moderate,1,34.9,47,0.1,8.7,114,1006.5,78,9.666666666666666,12.366666666666667,151.66666666666666,1.3,101.0,1.3
2026-04-18 15:00:00,2026,4,18,15,Vĩnh Long,Xã Hưng Nhượng,10.0882474,106.4841665,80.0,Moderate,1,34.4,48,0.1,10.2,129,1005.9,60,9.633333333333333,12.333333333333334,151.33333333333334,1.3,101.0,1.3
2026-04-18 15:00:00,2026,4,18,15,Vĩnh Long,Xã Hưng Nhượng,10.0882474,106.4841665,80.0,Moderate,1,34.5,46,0.0,11.1,126,1006.0,49,9.6,12.3,151.0,1.3,101.0,1.3
2026-04-18 16:00:00,2026,4,18,16,Vĩnh Long,Xã Hưng Nhượng,10.0882474,106.4841665,80.0,Moderate,1,33.6,51,0.1,11.7,137,1005.7,42,9.649999999999999,12.3,154.0,1.65,99.0,1.35
2026-04-18 16:00:00,2026,4,18,16,Vĩnh Long,Xã Hưng Nhượng,10.0882474,106.4841665,80.0,Moderate,1,33.6,49,0.0,13.0,138,1005.8,33,9.7,12.3,157.0,2.0,97.0,1.4
2026-04-18 17:00:00,2026,4,18,17,Vĩnh Long,Xã Hưng Nhượng,10.0882474,106.4841665,80.0,Moderate,1,32.3,55,0.0,13.8,139,1006.1,35,9.8,12.3,176.0,4.0,88.0,1.9
2026-04-18 17:00:00,2026,4,18,17,Vĩnh Long,Xã Hưng Nhượng,10.0882474,106.4841665,80.0,Moderate,1,32.4,55,0.0,12.8,140,1006.1,45,10.850000000000001,13.2,188.5,5.3,82.0,2.2
2026-04-18 18:00:00,2026,4,18,18,Vĩnh Long,Xã Hưng Nhượng,10.0882474,106.4841665,80.0,Moderate,1,30.6,62,0.0,13.8,137,1006.9,37,11.9,14.1,201.0,6.6,76.0,2.5
2026-04-18 18:00:00,2026,4,18,18,Vĩnh Long,Xã Hưng Nhượng,10.0882474,106.4841665,80.0,Moderate,1,30.8,60,0.0,13.0,138,1006.8,47,13.25,15.350000000000001,210.5,7.55,71.5,2.75
2026-04-18 19:00:00,2026,4,18,19,Vĩnh Long,Xã Hưng Nhượng,10.0882474,106.4841665,80.0,Moderate,1,29.3,68,0.0,12.7,135,1007.6,39,14.6,16.6,220.0,8.5,67.0,3.0
2026-04-18 19:00:00,2026,4,18,19,Vĩnh Long,Xã Hưng Nhượng,10.0882474,106.4841665,79.5,Moderate,1,29.5,65,0.0,12.5,139,1007.5,50,14.6,16.6,220.0,8.5,67.0,3.0
2026-04-18 20:00:00,2026,4,18,20,Vĩnh Long,Xã Hưng Nhượng,10.0882474,106.4841665,79.0,Moderate,1,28.7,72,0.0,10.4,136,1008.4,59,14.6,16.6,220.0,8.5,67.0,3.0
2026-04-18 20:00:00,2026,4,18,20,Vĩnh Long,Xã Hưng Nhượng,10.0882474,106.4841665,79.0,Moderate,1,28.7,70,0.0,10.5,139,1008.2,61,14.6,16.6,220.0,8.5,67.0,3.0
2026-04-18 21:00:00,2026,4,18,21,Vĩnh Long,Xã Hưng Nhượng,10.0882474,106.4841665,79.0,Moderate,1,28.1,74,0.0,7.7,143,1009.0,73,14.6,16.6,220.0,8.5,67.0,3.0
2026-04-18 21:00:00,2026,4,18,21,Vĩnh Long,Xã Hưng Nhượng,10.0882474,106.4841665,79.0,Moderate,1,28.3,75,0.0,6.9,141,1009.3,79,14.6,16.6,220.0,8.5,67.0,3.0
2026-04-18 22:00:00,2026,4,18,22,Vĩnh Long,Xã Hưng Nhượng,10.0882474,106.4841665,79.0,Moderate,1,27.7,78,0.0,5.0,150,1009.4,84,14.6,16.6,220.0,8.5,67.0,3.0
2026-04-18 22:00:00,2026,4,18,22,Vĩnh Long,Xã Hưng Nhượng,10.0882474,106.4841665,79.0,Moderate,1,28.0,78,0.0,4.4,145,1009.8,99,14.6,16.6,220.0,8.5,67.0,3.0
2026-04-18 23:00:00,2026,4,18,23,Vĩnh Long,Xã Hưng Nhượng,10.0882474,106.4841665,79.0,Moderate,1,27.5,80,0.0,3.6,174,1009.3,89,14.6,16.6,220.0,8.5,67.0,3.0
2026-04-18 23:00:00,2026,4,18,23,Vĩnh Long,Xã Hưng Nhượng,10.0882474,106.4841665,79.0,Moderate,1,27.6,81,0.1,3.6,135,1009.7,97,14.6,16.6,220.0,8.5,67.0,3.0
2026-04-19 00:00:00,2026,4,19,0,Vĩnh Long,Xã Hưng Nhượng,10.0882474,106.4841665,79.0,Moderate,1,27.2,83,0.1,3.9,124,1009.2,95,14.6,16.6,220.0,8.5,67.0,3.0
2026-04-19 00:00:00,2026,4,19,0,Vĩnh Long,Xã Hưng Nhượng,10.0882474,106.4841665,79.0,Moderate,1,27.4,81,0.0,3.2,207,1009.0,95,14.6,16.6,220.0,8.5,67.0,3.0
2026-04-19 01:00:00,2026,4,19,1,Vĩnh Long,Xã Hưng Nhượng,10.0882474,106.4841665,79.0,Moderate,1,27.2,82,0.0,3.3,221,1008.6,100,14.6,16.6,220.0,8.5,67.0,3.0
2026-04-19 01:00:00,2026,4,19,1,Vĩnh Long,Xã Hưng Nhượng,10.0882474,106.4841665,79.0,Moderate,1,26.9,85,0.1,4.3,114,1008.8,93,14.6,16.6,220.0,8.5,67.0,3.0
2026-04-19 02:00:00,2026,4,19,2,Vĩnh Long,Xã Hưng Nhượng,10.0882474,106.4841665,79.0,Moderate,1,27.0,84,0.0,1.9,202,1008.2,97,14.6,16.6,220.0,8.5,67.0,3.0
2026-04-19 03:00:00,2026,4,19,3,Vĩnh Long,Xã Hưng Nhượng,10.0882474,106.4841665,79.0,Moderate,1,26.8,87,0.0,2.9,120,1007.8,95,14.6,16.6,220.0,8.5,67.0,3.0
2026-04-19 04:00:00,2026,4,19,4,Vĩnh Long,Xã Hưng Nhượng,10.0882474,106.4841665,79.0,Moderate,1,26.6,88,0.0,4.8,103,1007.7,92,14.6,16.6,220.0,8.5,67.0,3.0
2026-04-19 05:00:00,2026,4,19,5,Vĩnh Long,Xã Hưng Nhượng,10.0882474,106.4841665,79.0,Moderate,1,26.5,88,0.0,5.9,101,1008.1,90,14.6,16.6,220.0,8.5,67.0,3.0
2026-04-19 06:00:00,2026,4,19,6,Vĩnh Long,Xã Hưng Nhượng,10.0882474,106.4841665,79.0,Moderate,1,26.5,88,0.0,6.4,106,1008.7,89,14.6,16.6,220.0,8.5,67.0,3.0
2026-04-19 07:00:00,2026,4,19,7,Vĩnh Long,Xã Hưng Nhượng,10.0882474,106.4841665,79.0,Moderate,1,26.8,86,0.0,6.8,108,1009.2,87,14.6,16.6,220.0,8.5,67.0,3.0
2026-04-19 08:00:00,2026,4,19,8,Vĩnh Long,Xã Hưng Nhượng,10.0882474,106.4841665,79.0,Moderate,1,27.7,82,0.1,7.8,112,1009.5,84,14.6,16.6,220.0,8.5,67.0,3.0
2026-04-19 09:00:00,2026,4,19,9,Vĩnh Long,Xã Hưng Nhượng,10.0882474,106.4841665,79.0,Moderate,1,28.9,76,0.1,8.4,115,1009.7,80,14.6,16.6,220.0,8.5,67.0,3.0
2026-04-19 10:00:00,2026,4,19,10,Vĩnh Long,Xã Hưng Nhượng,10.0882474,106.4841665,79.0,Moderate,1,29.9,71,0.1,9.3,118,1009.7,77,14.6,16.6,220.0,8.5,67.0,3.0
2026-04-19 11:00:00,2026,4,19,11,Vĩnh Long,Xã Hưng Nhượng,10.0882474,106.4841665,79.0,Moderate,1,30.5,68,0.2,10.5,117,1009.2,85,14.6,16.6,220.0,8.5,67.0,3.0
2026-04-19 12:00:00,2026,4,19,12,Vĩnh Long,Xã Hưng Nhượng,10.0882474,106.4841665,79.0,Moderate,1,30.8,67,0.2,11.9,115,1008.5,92,14.6,16.6,220.0,8.5,67.0,3.0
2026-04-19 13:00:00,2026,4,19,13,Vĩnh Long,Xã Hưng Nhượng,10.0882474,106.4841665,79.0,Moderate,1,30.9,66,0.2,12.9,117,1007.8,100,14.6,16.6,220.0,8.5,67.0,3.0
2026-04-19 14:00:00,2026,4,19,14,Vĩnh Long,Xã Hưng Nhượng,10.0882474,106.4841665,79.0,Moderate,1,30.7,67,0.3,13.4,121,1007.1,100,14.6,16.6,220.0,8.5,67.0,3.0
2026-04-19 15:00:00,2026,4,19,15,Vĩnh Long,Xã Hưng Nhượng,10.0882474,106.4841665,79.0,Moderate,1,30.3,68,0.3,13.6,127,1006.4,100,14.6,16.6,220.0,8.5,67.0,3.0
2026-04-19 16:00:00,2026,4,19,16,Vĩnh Long,Xã Hưng Nhượng,10.0882474,106.4841665,79.0,Moderate,1,29.8,70,0.3,13.5,132,1006.1,100,14.6,16.6,220.0,8.5,67.0,3.0
2026-04-19 17:00:00,2026,4,19,17,Vĩnh Long,Xã Hưng Nhượng,10.0882474,106.4841665,79.0,Moderate,1,29.2,72,0.0,12.0,134,1006.3,100,14.6,16.6,220.0,8.5,67.0,3.0
2026-04-19 18:00:00,2026,4,19,18,Vĩnh Long,Xã Hưng Nhượng,10.0882474,106.4841665,79.0,Moderate,1,28.6,74,0.0,9.7,135,1006.8,100,14.6,16.6,220.0,8.5,67.0,3.0
2026-04-19 19:00:00,2026,4,19,19,Vĩnh Long,Xã Hưng Nhượng,10.0882474,106.4841665,79.0,Moderate,1,28.0,76,0.0,7.6,135,1007.4,100,14.6,16.6,220.0,8.5,67.0,3.0
2026-04-19 20:00:00,2026,4,19,20,Vĩnh Long,Xã Hưng Nhượng,10.0882474,106.4841665,79.0,Moderate,1,27.5,79,0.0,6.1,130,1008.2,100,14.6,16.6,220.0,8.5,67.0,3.0
2026-04-19 21:00:00,2026,4,19,21,Vĩnh Long,Xã Hưng Nhượng,10.0882474,106.4841665,79.0,Moderate,1,27.0,82,0.0,5.2,124,1009.1,100,14.6,16.6,220.0,8.5,67.0,3.0
2026-04-19 22:00:00,2026,4,19,22,Vĩnh Long,Xã Hưng Nhượng,10.0882474,106.4841665,79.0,Moderate,1,26.7,84,0.0,4.3,114,1009.7,100,14.6,16.6,220.0,8.5,67.0,3.0
2026-04-19 23:00:00,2026,4,19,23,Vĩnh Long,Xã Hưng Nhượng,10.0882474,106.4841665,79.0,Moderate,1,26.4,85,0.0,3.9,112,1009.6,100,14.6,16.6,220.0,8.5,67.0,3.0
2026-04-20 00:00:00,2026,4,20,0,Vĩnh Long,Xã Hưng Nhượng,10.0882474,106.4841665,79.0,Moderate,1,26.3,86,0.0,3.7,119,1009.2,100,14.6,16.6,220.0,8.5,67.0,3.0
2026-04-20 01:00:00,2026,4,20,1,Vĩnh Long,Xã Hưng Nhượng,10.0882474,106.4841665,79.0,Moderate,1,26.1,87,0.0,3.4,122,1008.8,100,14.6,16.6,220.0,8.5,67.0,3.0
2026-04-20 02:00:00,2026,4,20,2,Vĩnh Long,Xã Hưng Nhượng,10.0882474,106.4841665,79.0,Moderate,1,25.9,88,0.0,3.7,119,1008.4,78,14.6,16.6,220.0,8.5,67.0,3.0
2026-04-20 03:00:00,2026,4,20,3,Vĩnh Long,Xã Hưng Nhượng,10.0882474,106.4841665,79.0,Moderate,1,25.6,89,0.0,4.0,117,1008.0,56,14.6,16.6,220.0,8.5,67.0,3.0
2026-04-20 04:00:00,2026,4,20,4,Vĩnh Long,Xã Hưng Nhượng,10.0882474,106.4841665,79.0,Moderate,1,25.6,89,0.0,4.3,114,1007.8,34,14.6,16.6,220.0,8.5,67.0,3.0
2026-04-20 05:00:00,2026,4,20,5,Vĩnh Long,Xã Hưng Nhượng,10.0882474,106.4841665,79.0,Moderate,1,25.6,88,0.0,4.3,114,1008.1,54,14.6,16.6,220.0,8.5,67.0,3.0
2026-04-20 06:00:00,2026,4,20,6,Vĩnh Long,Xã Hưng Nhượng,10.0882474,106.4841665,79.0,Moderate,1,25.9,86,0.0,4.6,108,1008.8,75,14.6,16.6,220.0,8.5,67.0,3.0
2026-04-20 07:00:00,2026,4,20,7,Vĩnh Long,Xã Hưng Nhượng,10.0882474,106.4841665,79.0,Moderate,1,26.5,82,0.0,5.4,110,1009.3,95,14.6,16.6,220.0,8.5,67.0,3.0
2026-04-20 08:00:00,2026,4,20,8,Vĩnh Long,Xã Hưng Nhượng,10.0882474,106.4841665,79.0,Moderate,1,27.9,74,0.0,7.8,112,1009.7,80,14.6,16.6,220.0,8.5,67.0,3.0
2026-04-20 09:00:00,2026,4,20,9,Vĩnh Long,Xã Hưng Nhượng,10.0882474,106.4841665,79.0,Moderate,1,29.8,65,0.0,10.6,114,1009.9,65,14.6,16.6,220.0,8.5,67.0,3.0
2026-04-20 10:00:00,2026,4,20,10,Vĩnh Long,Xã Hưng Nhượng,10.0882474,106.4841665,79.0,Moderate,1,31.3,57,0.0,13.0,114,1009.9,50,14.6,16.6,220.0,8.5,67.0,3.0
2026-04-20 11:00:00,2026,4,20,11,Vĩnh Long,Xã Hưng Nhượng,10.0882474,106.4841665,79.0,Moderate,1,32.3,53,0.0,13.8,110,1009.5,61,14.6,16.6,220.0,8.5,67.0,3.0
2026-04-20 12:00:00,2026,4,20,12,Vĩnh Long,Xã Hưng Nhượng,10.0882474,106.4841665,79.0,Moderate,1,32.9,50,0.0,14.1,105,1008.7,72,14.6,16.6,220.0,8.5,67.0,3.0
2026-04-20 13:00:00,2026,4,20,13,Vĩnh Long,Xã Hưng Nhượng,10.0882474,106.4841665,79.0,Moderate,1,33.3,49,0.0,14.4,103,1008.0,83,14.6,16.6,220.0,8.5,67.0,3.0
2026-04-20 14:00:00,2026,4,20,14,Vĩnh Long,Xã Hưng Nhượng,10.0882474,106.4841665,79.0,Moderate,1,33.4,48,0.0,14.8,108,1007.2,74,14.6,16.6,220.0,8.5,67.0,3.0
2026-04-20 15:00:00,2026,4,20,15,Vĩnh Long,Xã Hưng Nhượng,10.0882474,106.4841665,79.0,Moderate,1,33.2,48,0.0,15.1,115,1006.3,66,14.6,16.6,220.0,8.5,67.0,3.0
2026-04-20 16:00:00,2026,4,20,16,Vĩnh Long,Xã Hưng Nhượng,10.0882474,106.4841665,79.0,Moderate,1,32.6,49,0.0,14.9,122,1005.9,57,14.6,16.6,220.0,8.5,67.0,3.0
2026-04-20 17:00:00,2026,4,20,17,Vĩnh Long,Xã Hưng Nhượng,10.0882474,106.4841665,79.0,Moderate,1,31.5,52,0.0,13.4,126,1006.1,38,14.6,16.6,220.0,8.5,67.0,3.0
2026-04-20 18:00:00,2026,4,20,18,Vĩnh Long,Xã Hưng Nhượng,10.0882474,106.4841665,79.0,Moderate,1,30.0,57,0.0,11.0,131,1006.7,19,14.6,16.6,220.0,8.5,67.0,3.0
2026-04-20 19:00:00,2026,4,20,19,Vĩnh Long,Xã Hưng Nhượng,10.0882474,106.4841665,79.0,Moderate,1,28.7,62,0.0,8.7,135,1007.4,0,14.6,16.6,220.0,8.5,67.0,3.0
2026-04-20 20:00:00,2026,4,20,20,Vĩnh Long,Xã Hưng Nhượng,10.0882474,106.4841665,79.0,Moderate,1,27.9,68,0.0,7.1,135,1008.1,14,14.6,16.6,220.0,8.5,67.0,3.0
2026-04-20 21:00:00,2026,4,20,21,Vĩnh Long,Xã Hưng Nhượng,10.0882474,106.4841665,79.0,Moderate,1,27.3,76,0.0,6.1,130,1008.9,27,14.6,16.6,220.0,8.5,67.0,3.0
2026-04-20 22:00:00,2026,4,20,22,Vĩnh Long,Xã Hưng Nhượng,10.0882474,106.4841665,79.0,Moderate,1,26.8,81,0.0,5.4,127,1009.3,41,14.6,16.6,220.0,8.5,67.0,3.0
2026-04-20 23:00:00,2026,4,20,23,Vĩnh Long,Xã Hưng Nhượng,10.0882474,106.4841665,79.0,Moderate,1,26.5,84,0.0,4.9,126,1009.2,61,14.6,16.6,220.0,8.5,67.0,3.0
