timestamp,year,month,day,hour,province,location,lat,lon,aqi,pollution_level,pollution_class,temp,humidity,rain,wind_speed,wind_dir,pressure,cloud,pm2_5,pm10,co,no2,o3,so2
2026-01-14 20:00:00,2026,1,14,20,Hải Phòng,Xã Kiến Hải,20.7150982,106.7277399,116,Unhealthy for Sensitive Groups,2,19.0,85,0.0,11.7,80,1015.9,12,28.8,29.7,402.0,11.7,106.0,12.2
2026-01-14 21:00:00,2026,1,14,21,Hải Phòng,Xã Kiến Hải,20.7150982,106.7277399,116,Unhealthy for Sensitive Groups,2,18.8,89,0.0,10.2,72,1016.4,9,29.2,30.0,400.0,11.5,102.0,11.8
2026-01-14 22:00:00,2026,1,14,22,Hải Phòng,Xã Kiến Hải,20.7150982,106.7277399,115,Unhealthy for Sensitive Groups,2,18.5,91,0.0,9.6,67,1017.0,17,30.2,31.0,397.0,11.4,98.0,11.4
2026-01-14 23:00:00,2026,1,14,23,Hải Phòng,Xã Kiến Hải,20.7150982,106.7277399,114,Unhealthy for Sensitive Groups,2,18.3,92,0.0,8.8,71,1017.3,27,31.2,32.0,394.0,11.5,94.0,10.9
2026-01-15 00:00:00,2026,1,15,0,Hải Phòng,Xã Kiến Hải,20.7150982,106.7277399,113,Unhealthy for Sensitive Groups,2,18.2,93,0.0,9.7,72,1017.4,27,31.4,32.2,391.0,11.6,89.0,10.5
2026-01-15 01:00:00,2026,1,15,1,Hải Phòng,Xã Kiến Hải,20.7150982,106.7277399,113,Unhealthy for Sensitive Groups,2,18.2,94,0.0,11.2,75,1017.3,18,31.3,32.0,389.0,11.6,87.0,10.3
2026-01-15 02:00:00,2026,1,15,2,Hải Phòng,Xã Kiến Hải,20.7150982,106.7277399,112,Unhealthy for Sensitive Groups,2,18.2,94,0.0,12.2,66,1016.8,18,30.7,31.3,386.0,11.2,88.0,10.6
2026-01-15 03:00:00,2026,1,15,3,Hải Phòng,Xã Kiến Hải,20.7150982,106.7277399,110,Unhealthy for Sensitive Groups,2,18.1,94,0.0,11.5,65,1016.4,27,30.5,31.1,386.0,10.6,92.0,11.3
2026-01-15 04:00:00,2026,1,15,4,Hải Phòng,Xã Kiến Hải,20.7150982,106.7277399,108,Unhealthy for Sensitive Groups,2,18.1,93,0.0,11.1,63,1016.4,24,30.7,31.3,399.0,10.5,94.0,12.0
2026-01-15 05:00:00,2026,1,15,5,Hải Phòng,Xã Kiến Hải,20.7150982,106.7277399,105,Unhealthy for Sensitive Groups,2,18.1,91,0.0,9.6,64,1016.2,1,31.2,31.8,445.0,11.4,93.0,13.0
2026-01-15 06:00:00,2026,1,15,6,Hải Phòng,Xã Kiến Hải,20.7150982,106.7277399,101,Unhealthy for Sensitive Groups,2,18.0,91,0.0,8.9,66,1016.9,2,31.8,32.4,505.0,12.7,92.0,14.0
2026-01-15 07:00:00,2026,1,15,7,Hải Phòng,Xã Kiến Hải,20.7150982,106.7277399,97,Moderate,1,18.7,88,0.0,11.2,69,1017.3,100,37.3,38.1,536.0,13.1,91.0,14.1
2026-01-15 08:00:00,2026,1,15,8,Hải Phòng,Xã Kiến Hải,20.7150982,106.7277399,93,Moderate,1,19.0,88,0.4,12.6,76,1017.9,100,36.6,37.3,514.0,12.1,97.0,13.9
2026-01-15 09:00:00,2026,1,15,9,Hải Phòng,Xã Kiến Hải,20.7150982,106.7277399,90,Moderate,1,19.6,85,0.3,11.0,72,1018.2,100,32.9,34.1,462.0,10.7,105.0,13.6
2026-01-15 10:00:00,2026,1,15,10,Hải Phòng,Xã Kiến Hải,20.7150982,106.7277399,89,Moderate,1,20.7,75,0.1,11.2,78,1018.3,95,29.9,31.5,414.0,9.7,111.0,13.0
2026-01-15 11:00:00,2026,1,15,11,Hải Phòng,Xã Kiến Hải,20.7150982,106.7277399,89,Moderate,1,21.8,71,0.0,11.5,88,1017.7,45,27.4,29.2,377.0,9.5,114.0,11.7
2026-01-15 12:00:00,2026,1,15,12,Hải Phòng,Xã Kiến Hải,20.7150982,106.7277399,89,Moderate,1,22.8,68,0.0,11.9,100,1016.4,50,26.9,28.9,342.0,9.7,116.0,10.0
2026-01-15 13:00:00,2026,1,15,13,Hải Phòng,Xã Kiến Hải,20.7150982,106.7277399,89,Moderate,1,22.4,72,0.0,11.8,111,1015.4,49,35.7,38.3,318.0,10.1,117.0,8.8
2026-01-15 14:00:00,2026,1,15,14,Hải Phòng,Xã Kiến Hải,20.7150982,106.7277399,90,Moderate,1,22.2,75,0.0,11.8,111,1014.3,63,29.2,31.4,310.0,10.6,118.0,8.5
2026-01-15 15:00:00,2026,1,15,15,Hải Phòng,Xã Kiến Hải,20.7150982,106.7277399,90,Moderate,1,22.0,76,0.0,11.1,117,1013.6,42,36.3,39.0,312.0,11.2,119.0,8.8
2026-01-15 16:00:00,2026,1,15,16,Hải Phòng,Xã Kiến Hải,20.7150982,106.7277399,91,Moderate,1,21.4,78,0.0,10.7,125,1013.5,23,29.6,31.8,316.0,11.8,118.0,9.0
2026-01-15 17:00:00,2026,1,15,17,Hải Phòng,Xã Kiến Hải,20.7150982,106.7277399,91,Moderate,1,20.2,83,0.0,10.7,127,1013.7,16,28.5,30.6,320.0,12.3,115.0,9.1
2026-01-15 18:00:00,2026,1,15,18,Hải Phòng,Xã Kiến Hải,20.7150982,106.7277399,91,Moderate,1,19.2,92,0.0,9.3,124,1013.5,7,29.8,31.5,327.0,12.9,111.0,9.3
2026-01-15 19:00:00,2026,1,15,19,Hải Phòng,Xã Kiến Hải,20.7150982,106.7277399,91,Moderate,1,19.1,94,0.0,8.0,118,1014.0,9,32.0,33.8,336.0,18.3,80.0,10.1
2026-01-15 20:00:00,2026,1,15,20,Hải Phòng,Xã Kiến Hải,20.7150982,106.7277399,91,Moderate,1,19.0,94,0.0,7.6,102,1014.1,2,34.9,36.8,351.0,18.7,77.0,10.8
2026-01-15 21:00:00,2026,1,15,21,Hải Phòng,Xã Kiến Hải,20.7150982,106.7277399,91,Moderate,1,18.8,95,0.0,6.0,106,1014.0,3,38.1,40.2,369.0,19.3,73.0,11.8
2026-01-15 22:00:00,2026,1,15,22,Hải Phòng,Xã Kiến Hải,20.7150982,106.7277399,92,Moderate,1,18.1,95,0.0,4.4,99,1014.1,9,41.3,43.8,375.0,19.6,69.0,11.9
2026-01-15 23:00:00,2026,1,15,23,Hải Phòng,Xã Kiến Hải,20.7150982,106.7277399,93,Moderate,1,18.2,95,0.0,5.1,122,1014.0,4,47.8,50.3,362.0,19.5,65.0,10.6
2026-01-16 00:00:00,2026,1,16,0,Hải Phòng,Xã Kiến Hải,20.7150982,106.7277399,95,Moderate,1,18.5,95,0.0,5.9,142,1013.8,24,54.9,57.4,338.0,19.1,60.0,8.5
2026-01-16 01:00:00,2026,1,16,1,Hải Phòng,Xã Kiến Hải,20.7150982,106.7277399,97,Moderate,1,18.5,96,0.0,5.9,140,1013.7,21,63.1,65.7,315.0,18.7,55.0,6.7
2026-01-16 02:00:00,2026,1,16,2,Hải Phòng,Xã Kiến Hải,20.7150982,106.7277399,100,Moderate,1,18.3,97,0.0,4.7,133,1013.0,29,74.0,76.1,294.0,18.3,48.0,5.2
2026-01-16 03:00:00,2026,1,16,3,Hải Phòng,Xã Kiến Hải,20.7150982,106.7277399,104,Unhealthy for Sensitive Groups,2,18.8,96,0.0,7.5,132,1012.8,93,81.3,83.1,275.0,17.8,41.0,3.9
2026-01-16 04:00:00,2026,1,16,4,Hải Phòng,Xã Kiến Hải,20.7150982,106.7277399,109,Unhealthy for Sensitive Groups,2,19.1,97,0.0,7.8,138,1012.7,85,81.7,83.6,270.0,17.3,37.0,3.5
2026-01-16 05:00:00,2026,1,16,5,Hải Phòng,Xã Kiến Hải,20.7150982,106.7277399,115,Unhealthy for Sensitive Groups,2,19.0,98,0.0,6.1,140,1012.6,52,60.1,61.9,291.0,16.8,38.0,4.8
2026-01-16 06:00:00,2026,1,16,6,Hải Phòng,Xã Kiến Hải,20.7150982,106.7277399,118,Unhealthy for Sensitive Groups,2,18.8,97,0.0,5.0,136,1013.1,97,52.6,54.2,326.0,16.3,42.0,7.1
2026-01-16 07:00:00,2026,1,16,7,Hải Phòng,Xã Kiến Hải,20.7150982,106.7277399,120,Unhealthy for Sensitive Groups,2,19.5,96,0.0,7.4,113,1013.7,100,50.4,52.2,346.0,17.3,47.0,11.7
2026-01-16 08:00:00,2026,1,16,8,Hải Phòng,Xã Kiến Hải,20.7150982,106.7277399,121,Unhealthy for Sensitive Groups,2,20.1,95,0.1,10.4,120,1014.0,100,44.1,45.8,336.0,17.7,55.0,11.7
2026-01-16 09:00:00,2026,1,16,9,Hải Phòng,Xã Kiến Hải,20.7150982,106.7277399,122,Unhealthy for Sensitive Groups,2,20.6,91,0.1,11.3,137,1014.9,100,37.6,39.3,310.0,18.2,66.0,11.7
2026-01-16 10:00:00,2026,1,16,10,Hải Phòng,Xã Kiến Hải,20.7150982,106.7277399,122,Unhealthy for Sensitive Groups,2,21.5,84,0.1,12.2,151,1014.8,99,33.1,34.8,285.0,17.9,77.0,11.2
2026-01-16 11:00:00,2026,1,16,11,Hải Phòng,Xã Kiến Hải,20.7150982,106.7277399,123,Unhealthy for Sensitive Groups,2,22.0,82,0.1,14.7,156,1014.2,100,29.0,30.6,265.0,16.3,87.0,10.0
2026-01-16 12:00:00,2026,1,16,12,Hải Phòng,Xã Kiến Hải,20.7150982,106.7277399,123,Unhealthy for Sensitive Groups,2,22.2,80,0.0,16.4,150,1013.0,62,25.1,26.8,245.0,13.9,96.0,8.3
2026-01-16 13:00:00,2026,1,16,13,Hải Phòng,Xã Kiến Hải,20.7150982,106.7277399,123,Unhealthy for Sensitive Groups,2,22.5,80,0.0,18.1,151,1012.1,49,23.2,25.0,231.0,11.9,103.0,7.1
2026-01-16 14:00:00,2026,1,16,14,Hải Phòng,Xã Kiến Hải,20.7150982,106.7277399,121,Unhealthy for Sensitive Groups,2,22.4,80,0.0,20.3,154,1011.1,41,22.5,24.5,223.0,10.6,107.0,6.5
2026-01-16 15:00:00,2026,1,16,15,Hải Phòng,Xã Kiến Hải,20.7150982,106.7277399,121,Unhealthy for Sensitive Groups,2,22.1,81,0.0,19.7,156,1010.5,3,21.2,23.3,220.0,9.7,110.0,6.4
2026-01-16 16:00:00,2026,1,16,16,Hải Phòng,Xã Kiến Hải,20.7150982,106.7277399,119,Unhealthy for Sensitive Groups,2,21.5,83,0.0,17.5,158,1010.5,3,20.0,22.2,222.0,9.5,109.0,6.4
2026-01-16 17:00:00,2026,1,16,17,Hải Phòng,Xã Kiến Hải,20.7150982,106.7277399,118,Unhealthy for Sensitive Groups,2,20.8,88,0.0,14.6,151,1010.6,2,20.6,22.9,231.0,10.4,104.0,6.8
2026-01-16 18:00:00,2026,1,16,18,Hải Phòng,Xã Kiến Hải,20.7150982,106.7277399,117,Unhealthy for Sensitive Groups,2,20.0,94,0.0,12.3,136,1010.8,1,21.6,23.3,244.0,11.9,97.0,7.4
2026-01-16 19:00:00,2026,1,16,19,Hải Phòng,Xã Kiến Hải,20.7150982,106.7277399,116,Unhealthy for Sensitive Groups,2,20.1,96,0.0,11.4,118,1011.3,5,29.3,31.1,256.0,13.6,86.0,7.9
2026-01-16 20:00:00,2026,1,16,20,Hải Phòng,Xã Kiến Hải,20.7150982,106.7277399,116,Unhealthy for Sensitive Groups,2,20.0,96,0.0,10.5,107,1012.2,11,29.8,31.5,265.0,13.3,83.0,7.8
2026-01-16 21:00:00,2026,1,16,21,Hải Phòng,Xã Kiến Hải,20.7150982,106.7277399,116,Unhealthy for Sensitive Groups,2,19.8,96,0.0,10.1,89,1012.6,16,29.5,31.2,271.0,12.9,80.0,7.5
2026-01-16 22:00:00,2026,1,16,22,Hải Phòng,Xã Kiến Hải,20.7150982,106.7277399,115,Unhealthy for Sensitive Groups,2,19.8,95,0.0,10.4,92,1012.4,11,29.9,31.4,274.0,12.4,76.0,7.2
2026-01-16 23:00:00,2026,1,16,23,Hải Phòng,Xã Kiến Hải,20.7150982,106.7277399,114,Unhealthy for Sensitive Groups,2,19.5,96,0.0,9.5,88,1012.4,12,30.9,32.4,270.0,12.0,71.0,6.7
2026-01-17 00:00:00,2026,1,17,0,Hải Phòng,Xã Kiến Hải,20.7150982,106.7277399,112,Unhealthy for Sensitive Groups,2,19.5,96,0.0,9.5,88,1012.5,25,32.5,34.0,261.0,11.5,67.0,6.0
2026-01-17 01:00:00,2026,1,17,1,Hải Phòng,Xã Kiến Hải,20.7150982,106.7277399,109,Unhealthy for Sensitive Groups,2,19.5,97,0.0,11.3,91,1012.6,54,33.8,35.2,256.0,11.0,64.0,5.4
2026-01-17 02:00:00,2026,1,17,2,Hải Phòng,Xã Kiến Hải,20.7150982,106.7277399,106,Unhealthy for Sensitive Groups,2,19.5,97,0.1,12.3,78,1012.0,87,32.9,34.2,253.0,10.1,65.0,4.9
2026-01-17 03:00:00,2026,1,17,3,Hải Phòng,Xã Kiến Hải,20.7150982,106.7277399,102,Unhealthy for Sensitive Groups,2,19.5,98,0.1,12.9,74,1011.8,100,31.7,32.8,253.0,9.2,68.0,4.4
2026-01-17 04:00:00,2026,1,17,4,Hải Phòng,Xã Kiến Hải,20.7150982,106.7277399,97,Moderate,1,19.5,98,0.4,12.8,76,1011.6,100,30.2,31.2,263.0,8.7,71.0,4.3
2026-01-17 05:00:00,2026,1,17,5,Hải Phòng,Xã Kiến Hải,20.7150982,106.7277399,93,Moderate,1,19.6,97,0.4,12.7,82,1011.6,100,28.5,29.5,294.0,9.1,71.0,4.7
2026-01-17 06:00:00,2026,1,17,6,Hải Phòng,Xã Kiến Hải,20.7150982,106.7277399,90,Moderate,1,19.6,97,0.1,10.5,78,1012.0,100,27.6,28.6,336.0,10.0,71.0,5.4
2026-01-17 07:00:00,2026,1,17,7,Hải Phòng,Xã Kiến Hải,20.7150982,106.7277399,88,Moderate,1,19.9,97,0.1,11.1,76,1012.3,92,24.7,25.6,358.0,9.6,73.0,5.2
2026-01-17 08:00:00,2026,1,17,8,Hải Phòng,Xã Kiến Hải,20.7150982,106.7277399,86,Moderate,1,20.3,95,0.1,14.4,66,1013.6,100,23.3,24.3,344.0,10.2,78.0,5.9
2026-01-17 09:00:00,2026,1,17,9,Hải Phòng,Xã Kiến Hải,20.7150982,106.7277399,84,Moderate,1,20.4,94,0.2,15.5,68,1014.3,100,22.2,23.2,312.0,11.1,86.0,6.9
2026-01-17 10:00:00,2026,1,17,10,Hải Phòng,Xã Kiến Hải,20.7150982,106.7277399,82,Moderate,1,20.5,92,0.3,12.2,73,1014.2,100,19.2,20.3,283.0,11.8,92.0,7.5
2026-01-17 11:00:00,2026,1,17,11,Hải Phòng,Xã Kiến Hải,20.7150982,106.7277399,81,Moderate,1,21.9,81,0.1,13.8,82,1013.9,100,17.1,18.3,266.0,12.0,96.0,7.3
2026-01-17 12:00:00,2026,1,17,12,Hải Phòng,Xã Kiến Hải,20.7150982,106.7277399,80,Moderate,1,21.4,85,0.3,14.0,83,1012.7,100,17.3,18.6,252.0,11.9,98.0,6.8
2026-01-17 13:00:00,2026,1,17,13,Hải Phòng,Xã Kiến Hải,20.7150982,106.7277399,79,Moderate,1,20.4,87,0.4,14.4,105,1011.9,100,17.3,18.5,244.0,11.9,101.0,6.7
2026-01-17 14:00:00,2026,1,17,14,Hải Phòng,Xã Kiến Hải,20.7150982,106.7277399,79,Moderate,1,20.5,88,0.3,11.6,102,1011.2,100,19.4,20.4,241.0,11.8,105.0,7.4
2026-01-17 15:00:00,2026,1,17,15,Hải Phòng,Xã Kiến Hải,20.7150982,106.7277399,79,Moderate,1,20.9,84,0.0,12.1,89,1010.4,100,20.8,21.9,244.0,11.7,109.0,8.6
2026-01-17 16:00:00,2026,1,17,16,Hải Phòng,Xã Kiến Hải,20.7150982,106.7277399,79,Moderate,1,20.6,84,0.0,11.9,85,1010.3,100,21.1,22.3,253.0,12.3,109.0,9.5
2026-01-17 17:00:00,2026,1,17,17,Hải Phòng,Xã Kiến Hải,20.7150982,106.7277399,79,Moderate,1,20.4,84,0.0,11.0,84,1010.4,95,23.0,24.2,273.0,14.2,103.0,10.0
2026-01-17 18:00:00,2026,1,17,18,Hải Phòng,Xã Kiến Hải,20.7150982,106.7277399,79,Moderate,1,20.0,87,0.0,10.1,80,1011.0,98,29.6,30.5,300.0,16.7,93.0,10.3
2026-01-17 19:00:00,2026,1,17,19,Hải Phòng,Xã Kiến Hải,20.7150982,106.7277399,80,Moderate,1,19.2,94,0.0,9.7,101,1011.1,2,33.4,34.2,319.0,14.6,89.0,9.6
2026-01-17 20:00:00,2026,1,17,20,Hải Phòng,Xã Kiến Hải,20.7150982,106.7277399,80,Moderate,1,18.9,95,0.0,6.3,117,1011.4,16,35.6,36.6,323.0,14.6,87.0,9.5
2026-01-17 21:00:00,2026,1,17,21,Hải Phòng,Xã Kiến Hải,20.7150982,106.7277399,80,Moderate,1,19.0,94,0.0,6.9,99,1011.6,11,37.5,38.4,318.0,14.5,83.0,9.3
2026-01-17 22:00:00,2026,1,17,22,Hải Phòng,Xã Kiến Hải,20.7150982,106.7277399,81,Moderate,1,19.0,94,0.0,7.8,86,1011.7,3,39.6,40.6,314.0,14.3,80.0,9.0
2026-01-17 23:00:00,2026,1,17,23,Hải Phòng,Xã Kiến Hải,20.7150982,106.7277399,82,Moderate,1,18.7,94,0.0,6.1,85,1011.7,7,42.3,43.3,312.0,13.9,77.0,8.3
2026-01-18 00:00:00,2026,1,18,0,Hải Phòng,Xã Kiến Hải,20.7150982,106.7277399,83,Moderate,1,18.6,94,0.0,6.0,80,1011.6,9,44.0,45.2,310.0,13.4,73.0,7.5
2026-01-18 01:00:00,2026,1,18,1,Hải Phòng,Xã Kiến Hải,20.7150982,106.7277399,84,Moderate,1,18.5,95,0.0,4.4,102,1011.7,44,43.0,44.1,309.0,13.0,70.0,7.0
2026-01-18 02:00:00,2026,1,18,2,Hải Phòng,Xã Kiến Hải,20.7150982,106.7277399,85,Moderate,1,18.1,95,0.0,4.5,83,1011.3,39,40.6,41.6,309.0,12.6,68.0,6.9
2026-01-18 03:00:00,2026,1,18,3,Hải Phòng,Xã Kiến Hải,20.7150982,106.7277399,86,Moderate,1,18.5,95,0.0,5.8,70,1011.1,20,39.8,40.9,309.0,12.4,67.0,7.2
2026-01-18 04:00:00,2026,1,18,4,Hải Phòng,Xã Kiến Hải,20.7150982,106.7277399,86,Moderate,1,18.5,94,0.0,6.5,62,1010.8,41,40.4,41.3,313.0,12.7,66.0,7.6
2026-01-18 05:00:00,2026,1,18,5,Hải Phòng,Xã Kiến Hải,20.7150982,106.7277399,87,Moderate,1,18.7,95,0.0,6.4,63,1010.7,88,41.3,42.1,326.0,14.2,62.0,8.3
2026-01-18 06:00:00,2026,1,18,6,Hải Phòng,Xã Kiến Hải,20.7150982,106.7277399,88,Moderate,1,18.5,96,0.0,6.5,66,1011.3,5,42.5,43.3,341.0,16.3,57.0,9.2
2026-01-18 07:00:00,2026,1,18,7,Hải Phòng,Xã Kiến Hải,20.7150982,106.7277399,90,Moderate,1,18.8,93,0.0,9.2,84,1011.9,23,50.9,51.9,346.0,17.5,55.0,10.0
2026-01-18 08:00:00,2026,1,18,8,Hải Phòng,Xã Kiến Hải,20.7150982,106.7277399,92,Moderate,1,20.1,87,0.0,10.6,94,1012.6,34,46.4,47.3,328.0,16.8,68.0,11.1
2026-01-18 09:00:00,2026,1,18,9,Hải Phòng,Xã Kiến Hải,20.7150982,106.7277399,94,Moderate,1,21.4,79,0.0,9.0,113,1013.2,30,35.4,36.6,299.0,15.8,86.0,12.6
2026-01-18 10:00:00,2026,1,18,10,Hải Phòng,Xã Kiến Hải,20.7150982,106.7277399,95,Moderate,1,22.1,75,0.0,9.8,110,1013.7,27,29.6,30.6,278.0,14.4,102.0,13.3
2026-01-18 11:00:00,2026,1,18,11,Hải Phòng,Xã Kiến Hải,20.7150982,106.7277399,96,Moderate,1,22.5,73,0.0,10.1,117,1013.3,20,27.4,28.5,273.0,12.3,113.0,12.4
2026-01-18 12:00:00,2026,1,18,12,Hải Phòng,Xã Kiến Hải,20.7150982,106.7277399,97,Moderate,1,22.8,71,0.0,12.3,117,1012.2,12,28.7,29.8,275.0,9.9,121.0,10.8
2026-01-18 13:00:00,2026,1,18,13,Hải Phòng,Xã Kiến Hải,20.7150982,106.7277399,98,Moderate,1,22.2,74,0.0,14.7,121,1011.4,29,31.5,32.6,278.0,8.1,128.0,10.2
2026-01-18 14:00:00,2026,1,18,14,Hải Phòng,Xã Kiến Hải,20.7150982,106.7277399,99,Moderate,1,22.1,75,0.0,15.8,117,1010.6,27,33.2,34.3,281.0,7.4,136.0,11.7
2026-01-18 15:00:00,2026,1,18,15,Hải Phòng,Xã Kiến Hải,20.7150982,106.7277399,101,Unhealthy for Sensitive Groups,2,21.9,77,0.0,15.8,116,1010.1,62,35.4,36.7,285.0,7.3,143.0,14.1
2026-01-18 16:00:00,2026,1,18,16,Hải Phòng,Xã Kiến Hải,20.7150982,106.7277399,102,Unhealthy for Sensitive Groups,2,21.3,81,0.0,14.9,112,1010.0,67,38.0,39.5,290.0,7.8,146.0,15.7
2026-01-18 17:00:00,2026,1,18,17,Hải Phòng,Xã Kiến Hải,20.7150982,106.7277399,104,Unhealthy for Sensitive Groups,2,20.5,86,0.0,13.4,102,1010.2,51,40.4,42.0,296.0,9.3,141.0,15.8
2026-01-18 18:00:00,2026,1,18,18,Hải Phòng,Xã Kiến Hải,20.7150982,106.7277399,106,Unhealthy for Sensitive Groups,2,19.8,92,0.0,13.4,95,1010.3,66,42.7,44.2,303.0,11.3,132.0,15.1
2026-01-18 19:00:00,2026,1,18,19,Hải Phòng,Xã Kiến Hải,20.7150982,106.7277399,107,Unhealthy for Sensitive Groups,2,19.9,91,0.0,14.0,98,1010.7,77,44.7,46.2,308.0,12.0,112.0,14.7
2026-01-18 20:00:00,2026,1,18,20,Hải Phòng,Xã Kiến Hải,20.7150982,106.7277399,108,Unhealthy for Sensitive Groups,2,19.8,93,0.0,13.4,104,1011.2,70,44.1,45.6,310.0,11.6,111.0,14.0
2026-01-18 21:00:00,2026,1,18,21,Hải Phòng,Xã Kiến Hải,20.7150982,106.7277399,109,Unhealthy for Sensitive Groups,2,19.6,94,0.0,12.5,110,1011.4,51,43.2,44.6,310.0,11.0,109.0,13.0
2026-01-18 22:00:00,2026,1,18,22,Hải Phòng,Xã Kiến Hải,20.7150982,106.7277399,110,Unhealthy for Sensitive Groups,2,19.6,94,0.0,10.5,119,1011.8,66,43.4,44.8,307.0,10.7,107.0,12.1
2026-01-18 23:00:00,2026,1,18,23,Hải Phòng,Xã Kiến Hải,20.7150982,106.7277399,110,Unhealthy for Sensitive Groups,2,19.5,94,0.0,7.3,121,1011.9,64,44.0,45.6,301.0,10.9,104.0,11.4
2026-01-19 00:00:00,2026,1,19,0,Hải Phòng,Xã Kiến Hải,20.7150982,106.7277399,110,Unhealthy for Sensitive Groups,2,19.3,94,0.0,6.1,118,1011.8,61,45.3,47.0,292.0,11.5,100.0,10.8
2026-01-19 01:00:00,2026,1,19,1,Hải Phòng,Xã Kiến Hải,20.7150982,106.7277399,110,Unhealthy for Sensitive Groups,2,19.5,95,0.0,6.4,122,1011.5,9,50.8,52.6,286.0,11.9,96.0,10.3
2026-01-19 02:00:00,2026,1,19,2,Hải Phòng,Xã Kiến Hải,20.7150982,106.7277399,111,Unhealthy for Sensitive Groups,2,19.6,95,0.0,6.8,117,1010.8,14,54.7,56.6,282.0,12.1,90.0,10.0
2026-01-19 03:00:00,2026,1,19,3,Hải Phòng,Xã Kiến Hải,20.7150982,106.7277399,113,Unhealthy for Sensitive Groups,2,19.6,95,0.0,8.3,108,1010.7,17,54.1,55.9,280.0,12.2,84.0,9.9
2026-01-19 04:00:00,2026,1,19,4,Hải Phòng,Xã Kiến Hải,20.7150982,106.7277399,114,Unhealthy for Sensitive Groups,2,19.5,96,0.0,10.1,94,1010.6,33,49.1,50.6,287.0,12.4,80.0,9.9
2026-01-19 05:00:00,2026,1,19,5,Hải Phòng,Xã Kiến Hải,20.7150982,106.7277399,115,Unhealthy for Sensitive Groups,2,19.4,97,0.0,11.9,93,1010.7,53,45.3,46.7,313.0,12.9,80.0,10.2
2026-01-19 06:00:00,2026,1,19,6,Hải Phòng,Xã Kiến Hải,20.7150982,106.7277399,116,Unhealthy for Sensitive Groups,2,19.6,95,0.0,13.9,91,1011.6,100,42.8,44.2,348.0,13.5,83.0,10.5
2026-01-19 07:00:00,2026,1,19,7,Hải Phòng,Xã Kiến Hải,20.7150982,106.7277399,116,Unhealthy for Sensitive Groups,2,19.5,94,0.0,14.8,87,1012.8,99,59.1,61.0,365.0,15.9,79.0,12.6
2026-01-19 08:00:00,2026,1,19,8,Hải Phòng,Xã Kiến Hải,20.7150982,106.7277399,116,Unhealthy for Sensitive Groups,2,20.5,89,0.1,15.9,93,1013.7,19,54.6,56.2,347.0,14.2,89.0,11.6
2026-01-19 09:00:00,2026,1,19,9,Hải Phòng,Xã Kiến Hải,20.7150982,106.7277399,117,Unhealthy for Sensitive Groups,2,21.9,81,0.0,15.9,102,1014.2,34,43.1,45.9,311.0,11.8,103.0,10.1
2026-01-19 10:00:00,2026,1,19,10,Hải Phòng,Xã Kiến Hải,20.7150982,106.7277399,118,Unhealthy for Sensitive Groups,2,22.2,80,0.2,14.4,108,1014.6,62,37.3,40.0,284.0,9.6,114.0,8.8
2026-01-19 11:00:00,2026,1,19,11,Hải Phòng,Xã Kiến Hải,20.7150982,106.7277399,119,Unhealthy for Sensitive Groups,2,22.7,77,0.1,14.6,116,1014.0,99,33.3,35.9,277.0,7.9,119.0,7.8
2026-01-19 12:00:00,2026,1,19,12,Hải Phòng,Xã Kiến Hải,20.7150982,106.7277399,119,Unhealthy for Sensitive Groups,2,22.8,76,0.1,14.2,123,1013.0,95,31.2,33.8,278.0,6.4,122.0,7.0
2026-01-19 13:00:00,2026,1,19,13,Hải Phòng,Xã Kiến Hải,20.7150982,106.7277399,120,Unhealthy for Sensitive Groups,2,22.7,76,0.4,15.9,132,1012.3,96,30.3,32.7,280.0,5.6,123.0,6.4
2026-01-19 14:00:00,2026,1,19,14,Hải Phòng,Xã Kiến Hải,20.7150982,106.7277399,120,Unhealthy for Sensitive Groups,2,22.4,79,0.0,15.7,129,1011.7,98,29.9,32.2,279.0,5.7,123.0,6.2
2026-01-19 15:00:00,2026,1,19,15,Hải Phòng,Xã Kiến Hải,20.7150982,106.7277399,119,Unhealthy for Sensitive Groups,2,22.3,79,0.0,14.4,132,1011.0,98,29.6,32.0,278.0,6.5,123.0,6.2
2026-01-19 16:00:00,2026,1,19,16,Hải Phòng,Xã Kiến Hải,20.7150982,106.7277399,119,Unhealthy for Sensitive Groups,2,21.9,82,0.0,12.9,129,1011.0,55,30.3,32.7,282.0,7.8,119.0,6.5
2026-01-19 17:00:00,2026,1,19,17,Hải Phòng,Xã Kiến Hải,20.7150982,106.7277399,118,Unhealthy for Sensitive Groups,2,21.0,86,0.0,12.1,120,1011.3,57,31.5,33.9,295.0,9.9,111.0,7.2
2026-01-19 18:00:00,2026,1,19,18,Hải Phòng,Xã Kiến Hải,20.7150982,106.7277399,117,Unhealthy for Sensitive Groups,2,20.1,92,0.0,10.5,110,1011.6,45,34.3,36.3,312.0,12.5,101.0,8.1
2026-01-19 19:00:00,2026,1,19,19,Hải Phòng,Xã Kiến Hải,20.7150982,106.7277399,116,Unhealthy for Sensitive Groups,2,20.6,94,0.0,12.0,109,1012.0,64,34.7,36.2,320.0,13.5,86.0,8.6
2026-01-19 20:00:00,2026,1,19,20,Hải Phòng,Xã Kiến Hải,20.7150982,106.7277399,115,Unhealthy for Sensitive Groups,2,20.5,95,0.0,13.1,109,1012.2,40,34.9,36.6,312.0,13.2,84.0,8.4
2026-01-19 21:00:00,2026,1,19,21,Hải Phòng,Xã Kiến Hải,20.7150982,106.7277399,114,Unhealthy for Sensitive Groups,2,20.2,96,0.0,14.4,112,1012.3,59,33.3,34.8,295.0,12.8,82.0,8.1
2026-01-19 22:00:00,2026,1,19,22,Hải Phòng,Xã Kiến Hải,20.7150982,106.7277399,113,Unhealthy for Sensitive Groups,2,20.2,95,0.0,13.4,116,1012.8,80,32.2,33.6,278.0,12.1,79.0,7.5
2026-01-19 23:00:00,2026,1,19,23,Hải Phòng,Xã Kiến Hải,20.7150982,106.7277399,112,Unhealthy for Sensitive Groups,2,20.2,95,0.0,12.7,120,1012.8,95,30.9,32.1,262.0,10.9,76.0,6.5
2026-01-20 00:00:00,2026,1,20,0,Hải Phòng,Xã Kiến Hải,20.7150982,106.7277399,110,Unhealthy for Sensitive Groups,2,20.1,95,0.0,13.3,118,1012.9,92,28.1,29.3,246.0,9.3,73.0,5.2
2026-01-20 01:00:00,2026,1,20,1,Hải Phòng,Xã Kiến Hải,20.7150982,106.7277399,109,Unhealthy for Sensitive Groups,2,20.3,97,0.1,11.0,142,1012.6,66,25.5,26.7,233.0,8.1,72.0,4.2
2026-01-20 02:00:00,2026,1,20,2,Hải Phòng,Xã Kiến Hải,20.7150982,106.7277399,106,Unhealthy for Sensitive Groups,2,20.2,96,0.3,10.6,129,1012.2,69,23.1,24.2,223.0,7.3,73.0,3.8
2026-01-20 03:00:00,2026,1,20,3,Hải Phòng,Xã Kiến Hải,20.7150982,106.7277399,103,Unhealthy for Sensitive Groups,2,20.1,97,0.4,10.5,114,1011.8,60,20.0,21.0,216.0,6.8,76.0,3.6
2026-01-20 04:00:00,2026,1,20,4,Hải Phòng,Xã Kiến Hải,20.7150982,106.7277399,99,Moderate,1,20.0,97,0.1,12.3,108,1012.0,20,16.9,18.2,220.0,6.6,78.0,3.7
2026-01-20 05:00:00,2026,1,20,5,Hải Phòng,Xã Kiến Hải,20.7150982,106.7277399,96,Moderate,1,20.1,95,0.0,14.5,105,1012.4,20,15.6,16.8,246.0,7.0,78.0,4.0
2026-01-20 06:00:00,2026,1,20,6,Hải Phòng,Xã Kiến Hải,20.7150982,106.7277399,94,Moderate,1,20.0,95,0.0,14.8,96,1013.1,36,15.7,17.3,283.0,7.6,78.0,4.6
2026-01-20 07:00:00,2026,1,20,7,Hải Phòng,Xã Kiến Hải,20.7150982,106.7277399,91,Moderate,1,20.2,95,0.1,12.9,97,1014.4,42,16.2,17.5,309.0,8.9,82.0,5.8
2026-01-20 08:00:00,2026,1,20,8,Hải Phòng,Xã Kiến Hải,20.7150982,106.7277399,88,Moderate,1,21.1,92,0.0,14.6,106,1015.3,45,17.0,18.7,313.0,8.7,84.0,5.9
2026-01-20 09:00:00,2026,1,20,9,Hải Phòng,Xã Kiến Hải,20.7150982,106.7277399,84,Moderate,1,22.0,84,0.0,16.0,107,1016.2,43,18.2,20.1,306.0,8.3,87.0,5.9
2026-01-20 10:00:00,2026,1,20,10,Hải Phòng,Xã Kiến Hải,20.7150982,106.7277399,82,Moderate,1,22.8,81,0.0,16.5,106,1016.7,33,16.5,18.3,298.0,7.9,90.0,5.8
2026-01-20 11:00:00,2026,1,20,11,Hải Phòng,Xã Kiến Hải,20.7150982,106.7277399,80,Moderate,1,23.0,79,0.0,17.6,104,1016.4,37,15.6,17.1,290.0,7.4,94.0,5.3
2026-01-20 12:00:00,2026,1,20,12,Hải Phòng,Xã Kiến Hải,20.7150982,106.7277399,79,Moderate,1,22.9,80,0.0,18.2,108,1015.7,76,15.4,16.8,281.0,6.9,98.0,4.6
2026-01-20 13:00:00,2026,1,20,13,Hải Phòng,Xã Kiến Hải,20.7150982,106.7277399,77,Moderate,1,22.5,80,0.1,17.2,123,1015.2,47,14.9,16.4,274.0,6.6,102.0,4.2
2026-01-20 14:00:00,2026,1,20,14,Hải Phòng,Xã Kiến Hải,20.7150982,106.7277399,76,Moderate,1,22.5,80,0.0,16.5,125,1014.3,47,16.4,18.1,269.0,6.4,105.0,4.2
2026-01-20 15:00:00,2026,1,20,15,Hải Phòng,Xã Kiến Hải,20.7150982,106.7277399,75,Moderate,1,22.2,80,0.0,15.7,123,1013.8,45,17.3,19.2,267.0,6.4,107.0,4.4
2026-01-20 16:00:00,2026,1,20,16,Hải Phòng,Xã Kiến Hải,20.7150982,106.7277399,74,Moderate,1,21.8,84,0.0,16.3,113,1013.9,55,19.1,21.2,266.0,6.8,108.0,4.8
2026-01-20 17:00:00,2026,1,20,17,Hải Phòng,Xã Kiến Hải,20.7150982,106.7277399,73,Moderate,1,21.2,88,0.0,15.4,106,1014.1,55,21.1,23.3,268.0,8.0,106.0,5.3
2026-01-20 18:00:00,2026,1,20,18,Hải Phòng,Xã Kiến Hải,20.7150982,106.7277399,72,Moderate,1,20.7,91,0.0,13.2,105,1014.5,100,22.8,24.7,273.0,9.7,102.0,5.9
2026-01-20 19:00:00,2026,1,20,19,Hải Phòng,Xã Kiến Hải,20.7150982,106.7277399,71,Moderate,1,20.6,94,0.0,15.0,97,1014.8,57,27.2,29.5,277.0,12.2,83.0,7.0
2026-01-20 20:00:00,2026,1,20,20,Hải Phòng,Xã Kiến Hải,20.7150982,106.7277399,70,Moderate,1,20.6,93,0.0,13.2,92,1015.5,52,28.6,30.5,273.0,12.1,82.0,6.8
2026-01-20 21:00:00,2026,1,20,21,Hải Phòng,Xã Kiến Hải,20.7150982,106.7277399,69,Moderate,1,20.5,91,0.0,12.3,84,1015.7,19,28.6,30.4,268.0,12.0,80.0,6.6
2026-01-20 22:00:00,2026,1,20,22,Hải Phòng,Xã Kiến Hải,20.7150982,106.7277399,69,Moderate,1,20.1,92,0.0,12.0,74,1016.2,19,27.7,29.4,288.0,11.7,78.0,6.6
2026-01-20 23:00:00,2026,1,20,23,Hải Phòng,Xã Kiến Hải,20.7150982,106.7277399,69,Moderate,1,20.0,92,0.0,15.0,80,1016.4,18,25.6,27.2,357.0,10.9,76.0,6.9
2026-01-21 00:00:00,2026,1,21,0,Hải Phòng,Xã Kiến Hải,20.7150982,106.7277399,68,Moderate,1,19.8,88,0.0,23.1,79,1016.7,32,24.0,25.4,450.0,9.8,75.0,7.4
2026-01-21 01:00:00,2026,1,21,1,Hải Phòng,Xã Kiến Hải,20.7150982,106.7277399,68,Moderate,1,19.5,83,0.0,24.1,77,1016.5,58,27.1,28.1,514.0,9.1,71.0,8.6
2026-01-21 02:00:00,2026,1,21,2,Hải Phòng,Xã Kiến Hải,20.7150982,106.7277399,68,Moderate,1,19.1,78,0.0,24.2,70,1016.2,92,32.1,32.8,520.0,9.2,64.0,11.0
2026-01-21 03:00:00,2026,1,21,3,Hải Phòng,Xã Kiến Hải,20.7150982,106.7277399,69,Moderate,1,18.9,77,0.0,24.8,67,1016.1,66,34.8,35.4,496.0,9.7,55.0,14.0
2026-01-21 04:00:00,2026,1,21,4,Hải Phòng,Xã Kiến Hải,20.7150982,106.7277399,70,Moderate,1,18.8,78,0.0,25.8,65,1016.4,75,34.8,35.6,478.0,10.2,48.0,16.2
2026-01-21 05:00:00,2026,1,21,5,Hải Phòng,Xã Kiến Hải,20.7150982,106.7277399,72,Moderate,1,18.4,78,0.0,28.2,66,1016.8,95,33.9,34.6,478.0,10.8,45.0,16.8
2026-01-21 06:00:00,2026,1,21,6,Hải Phòng,Xã Kiến Hải,20.7150982,106.7277399,73,Moderate,1,18.0,78,0.0,29.5,69,1017.6,80,32.2,33.1,484.0,11.5,45.0,16.6
2026-01-21 07:00:00,2026,1,21,7,Hải Phòng,Xã Kiến Hải,20.7150982,106.7277399,75,Moderate,1,18.0,80,0.0,29.1,67,1017.9,30,34.8,35.5,492.0,12.4,41.0,16.5
2026-01-21 08:00:00,2026,1,21,8,Hải Phòng,Xã Kiến Hải,20.7150982,106.7277399,76,Moderate,1,18.3,76,0.0,26.8,68,1019.1,40,32.4,32.9,504.0,11.7,42.0,16.3
2026-01-21 09:00:00,2026,1,21,9,Hải Phòng,Xã Kiến Hải,20.7150982,106.7277399,78,Moderate,1,18.9,72,0.0,27.1,70,1020.6,90,27.9,28.5,518.0,10.7,44.0,16.0
2026-01-21 10:00:00,2026,1,21,10,Hải Phòng,Xã Kiến Hải,20.7150982,106.7277399,79,Moderate,1,18.9,70,0.0,28.5,67,1021.1,100,25.0,25.4,530.0,9.7,49.0,15.9
2026-01-21 11:00:00,2026,1,21,11,Hải Phòng,Xã Kiến Hải,20.7150982,106.7277399,79,Moderate,1,19.0,68,0.0,29.1,68,1021.1,79,22.9,23.2,539.0,8.6,61.0,16.0
2026-01-21 12:00:00,2026,1,21,12,Hải Phòng,Xã Kiến Hải,20.7150982,106.7277399,80,Moderate,1,19.1,67,0.0,29.0,67,1020.2,100,23.9,24.3,546.0,7.6,76.0,16.3
2026-01-21 13:00:00,2026,1,21,13,Hải Phòng,Xã Kiến Hải,20.7150982,106.7277399,81,Moderate,1,18.5,70,0.0,26.5,63,1019.2,100,26.3,26.6,549.0,7.2,89.0,16.6
2026-01-21 14:00:00,2026,1,21,14,Hải Phòng,Xã Kiến Hải,20.7150982,106.7277399,82,Moderate,1,18.6,70,0.0,26.3,66,1018.3,100,29.6,30.0,544.0,7.7,99.0,17.0
2026-01-21 15:00:00,2026,1,21,15,Hải Phòng,Xã Kiến Hải,20.7150982,106.7277399,83,Moderate,1,18.4,70,0.0,23.0,64,1017.9,100,31.9,32.4,535.0,8.9,106.0,17.4
2026-01-21 16:00:00,2026,1,21,16,Hải Phòng,Xã Kiến Hải,20.7150982,106.7277399,84,Moderate,1,18.0,70,0.0,20.5,63,1018.4,100,33.2,33.6,529.0,10.2,108.0,17.7
2026-01-21 17:00:00,2026,1,21,17,Hải Phòng,Xã Kiến Hải,20.7150982,106.7277399,85,Moderate,1,17.3,72,0.0,20.7,61,1018.8,100,32.9,33.4,527.0,11.6,102.0,17.9
2026-01-21 18:00:00,2026,1,21,18,Hải Phòng,Xã Kiến Hải,20.7150982,106.7277399,87,Moderate,1,16.8,73,0.0,19.2,62,1019.0,82,32.6,33.1,527.0,13.2,91.0,18.1
2026-01-21 19:00:00,2026,1,21,19,Hải Phòng,Xã Kiến Hải,20.7150982,106.7277399,87,Moderate,1,16.4,77,0.0,18.5,63,1019.4,100,33.5,34.1,531.0,20.8,36.0,20.6
2026-01-21 20:00:00,2026,1,21,20,Hải Phòng,Xã Kiến Hải,20.7150982,106.7277399,88,Moderate,1,16.5,74,0.0,21.0,66,1019.7,20,29.5,29.8,544.0,21.5,33.0,21.0
2026-01-21 21:00:00,2026,1,21,21,Hải Phòng,Xã Kiến Hải,20.7150982,106.7277399,88,Moderate,1,16.0,76,0.0,16.8,64,1020.2,50,26.6,26.9,561.0,22.5,29.0,21.6
2026-01-21 22:00:00,2026,1,21,22,Hải Phòng,Xã Kiến Hải,20.7150982,106.7277399,88,Moderate,1,16.0,75,0.0,17.0,59,1020.7,100,24.2,24.3,571.0,23.0,26.0,21.8
2026-01-21 23:00:00,2026,1,21,23,Hải Phòng,Xã Kiến Hải,20.7150982,106.7277399,88,Moderate,1,15.8,74,0.0,16.6,53,1020.9,100,22.1,22.2,567.0,22.8,25.0,21.4
2026-01-22 00:00:00,2026,1,22,0,Hải Phòng,Xã Kiến Hải,20.7150982,106.7277399,87,Moderate,1,15.2,75,0.0,16.5,49,1021.2,100,20.1,20.3,555.0,22.2,25.0,20.6
2026-01-22 01:00:00,2026,1,22,1,Hải Phòng,Xã Kiến Hải,20.7150982,106.7277399,87,Moderate,1,15.1,79,0.1,17.5,51,1021.1,100,19.1,19.2,541.0,21.5,25.0,20.0
2026-01-22 02:00:00,2026,1,22,2,Hải Phòng,Xã Kiến Hải,20.7150982,106.7277399,86,Moderate,1,14.6,81,0.2,17.1,36,1020.8,100,24.8,25.2,522.0,20.7,26.0,19.6
2026-01-22 03:00:00,2026,1,22,3,Hải Phòng,Xã Kiến Hải,20.7150982,106.7277399,86,Moderate,1,14.1,79,0.1,15.5,23,1020.8,100,22.0,22.2,500.0,19.8,27.0,19.4
2026-01-22 04:00:00,2026,1,22,4,Hải Phòng,Xã Kiến Hải,20.7150982,106.7277399,84,Moderate,1,13.4,75,0.0,15.0,16,1021.1,100,20.2,20.4,488.0,19.2,27.0,19.2
2026-01-22 05:00:00,2026,1,22,5,Hải Phòng,Xã Kiến Hải,20.7150982,106.7277399,83,Moderate,1,12.9,74,0.0,16.7,25,1021.5,100,18.1,18.2,494.0,19.1,26.0,19.1
2026-01-22 06:00:00,2026,1,22,6,Hải Phòng,Xã Kiến Hải,20.7150982,106.7277399,82,Moderate,1,12.6,73,0.0,15.5,25,1022.2,100,15.7,15.7,510.0,19.3,24.0,19.1
2026-01-22 07:00:00,2026,1,22,7,Hải Phòng,Xã Kiến Hải,20.7150982,106.7277399,80,Moderate,1,11.9,83,0.0,13.5,9,1023.4,100,12.0,12.0,519.0,18.3,25.0,18.6
2026-01-22 08:00:00,2026,1,22,8,Hải Phòng,Xã Kiến Hải,20.7150982,106.7277399,78,Moderate,1,12.0,81,0.4,14.6,10,1024.5,100,10.7,10.7,513.0,17.4,27.0,18.4
2026-01-22 09:00:00,2026,1,22,9,Hải Phòng,Xã Kiến Hải,20.7150982,106.7277399,76,Moderate,1,12.8,68,0.0,15.4,14,1025.4,98,10.0,10.1,500.0,16.3,30.0,18.3
2026-01-22 10:00:00,2026,1,22,10,Hải Phòng,Xã Kiến Hải,20.7150982,106.7277399,75,Moderate,1,13.3,63,0.0,15.3,12,1026.0,100,10.3,10.4,488.0,15.6,33.0,18.4
2026-01-22 11:00:00,2026,1,22,11,Hải Phòng,Xã Kiến Hải,20.7150982,106.7277399,73,Moderate,1,13.7,61,0.0,13.9,11,1025.9,100,10.4,10.4,481.0,15.7,35.0,19.0
2026-01-22 12:00:00,2026,1,22,12,Hải Phòng,Xã Kiến Hải,20.7150982,106.7277399,72,Moderate,1,13.6,62,0.0,12.7,7,1025.0,100,12.3,12.5,475.0,16.2,36.0,20.0
2026-01-22 13:00:00,2026,1,22,13,Hải Phòng,Xã Kiến Hải,20.7150982,106.7277399,71,Moderate,1,13.1,66,0.0,13.2,12,1024.0,100,12.2,12.3,469.0,17.1,37.0,21.1
2026-01-22 14:00:00,2026,1,22,14,Hải Phòng,Xã Kiến Hải,20.7150982,106.7277399,70,Moderate,1,13.8,62,0.0,12.8,11,1023.2,100,13.2,13.3,462.0,18.5,38.0,22.4
2026-01-22 15:00:00,2026,1,22,15,Hải Phòng,Xã Kiến Hải,20.7150982,106.7277399,69,Moderate,1,14.0,60,0.0,12.5,11,1022.6,100,13.4,13.5,456.0,20.3,38.0,23.9
2026-01-22 16:00:00,2026,1,22,16,Hải Phòng,Xã Kiến Hải,20.7150982,106.7277399,67,Moderate,1,13.8,60,0.0,11.9,15,1022.4,100,12.5,12.5,455.0,22.2,37.0,25.1
2026-01-22 17:00:00,2026,1,22,17,Hải Phòng,Xã Kiến Hải,20.7150982,106.7277399,65,Moderate,1,13.6,59,0.0,10.6,18,1022.7,100,11.8,11.8,465.0,24.3,35.0,25.8
2026-01-22 18:00:00,2026,1,22,18,Hải Phòng,Xã Kiến Hải,20.7150982,106.7277399,63,Moderate,1,13.3,60,0.0,9.6,12,1023.1,100,11.7,11.7,482.0,26.6,32.0,26.3
2026-01-22 19:00:00,2026,1,22,19,Hải Phòng,Xã Kiến Hải,20.7150982,106.7277399,61,Moderate,1,12.6,69,0.0,12.6,28,1023.9,100,12.4,12.4,494.0,21.6,35.0,20.0
2026-01-22 20:00:00,2026,1,22,20,Hải Phòng,Xã Kiến Hải,20.7150982,106.7277399,60,Moderate,1,12.2,71,0.0,13.1,27,1024.4,100,14.1,14.1,497.0,21.5,34.0,20.0
2026-01-22 21:00:00,2026,1,22,21,Hải Phòng,Xã Kiến Hải,20.7150982,106.7277399,58,Moderate,1,12.1,71,0.0,11.3,20,1024.5,100,15.1,15.2,496.0,21.5,33.0,20.1
2026-01-22 22:00:00,2026,1,22,22,Hải Phòng,Xã Kiến Hải,20.7150982,106.7277399,57,Moderate,1,11.9,70,0.0,11.1,14,1024.6,100,16.6,16.6,496.0,21.4,32.0,20.1
2026-01-22 23:00:00,2026,1,22,23,Hải Phòng,Xã Kiến Hải,20.7150982,106.7277399,56,Moderate,1,11.6,70,0.0,10.8,360,1024.3,100,16.4,16.4,501.0,21.3,31.0,20.1
2026-01-23 00:00:00,2026,1,23,0,Hải Phòng,Xã Kiến Hải,20.7150982,106.7277399,56,Moderate,1,11.5,70,0.0,10.6,349,1024.4,100,15.9,16.0,507.0,21.2,31.0,20.2
2026-01-23 01:00:00,2026,1,23,1,Hải Phòng,Xã Kiến Hải,20.7150982,106.7277399,56,Moderate,1,11.4,73,0.0,10.0,354,1024.6,100,16.1,16.1,508.0,21.3,30.0,20.3
2026-01-23 02:00:00,2026,1,23,2,Hải Phòng,Xã Kiến Hải,20.7150982,106.7277399,55,Moderate,1,11.4,73,0.0,11.7,356,1024.2,100,17.5,17.5,498.0,21.7,29.0,20.5
2026-01-23 03:00:00,2026,1,23,3,Hải Phòng,Xã Kiến Hải,20.7150982,106.7277399,55,Moderate,1,11.2,74,0.0,12.8,358,1023.8,100,18.1,18.2,482.0,22.3,28.0,20.9
2026-01-23 04:00:00,2026,1,23,4,Hải Phòng,Xã Kiến Hải,20.7150982,106.7277399,54,Moderate,1,10.9,75,0.0,11.9,357,1023.7,100,18.2,18.3,476.0,22.9,27.0,21.3
2026-01-23 05:00:00,2026,1,23,5,Hải Phòng,Xã Kiến Hải,20.7150982,106.7277399,54,Moderate,1,11.0,74,0.0,11.6,356,1024.0,100,18.3,18.3,490.0,23.8,25.0,22.0
2026-01-23 06:00:00,2026,1,23,6,Hải Phòng,Xã Kiến Hải,20.7150982,106.7277399,54,Moderate,1,11.0,73,0.0,10.1,356,1024.3,100,18.3,18.3,513.0,24.8,24.0,22.9
2026-01-23 07:00:00,2026,1,23,7,Hải Phòng,Xã Kiến Hải,20.7150982,106.7277399,54,Moderate,1,11.1,75,0.0,7.2,348,1025.1,100,16.2,16.2,527.0,22.1,28.0,21.5
2026-01-23 08:00:00,2026,1,23,8,Hải Phòng,Xã Kiến Hải,20.7150982,106.7277399,55,Moderate,1,11.8,72,0.0,6.3,358,1025.8,100,16.7,16.7,523.0,20.9,31.0,21.6
2026-01-23 09:00:00,2026,1,23,9,Hải Phòng,Xã Kiến Hải,20.7150982,106.7277399,55,Moderate,1,12.6,70,0.0,5.9,20,1026.3,100,16.6,16.6,510.0,19.3,35.0,21.7
2026-01-23 10:00:00,2026,1,23,10,Hải Phòng,Xã Kiến Hải,20.7150982,106.7277399,56,Moderate,1,13.9,71,0.0,7.7,49,1026.4,100,16.4,16.4,494.0,17.9,40.0,21.2
2026-01-23 11:00:00,2026,1,23,11,Hải Phòng,Xã Kiến Hải,20.7150982,106.7277399,56,Moderate,1,14.9,68,0.0,8.7,45,1025.6,100,16.4,16.4,474.0,17.0,47.0,19.7
2026-01-23 12:00:00,2026,1,23,12,Hải Phòng,Xã Kiến Hải,20.7150982,106.7277399,57,Moderate,1,16.0,65,0.0,6.5,51,1024.5,84,16.8,16.9,451.0,16.4,55.0,17.7
2026-01-23 13:00:00,2026,1,23,13,Hải Phòng,Xã Kiến Hải,20.7150982,106.7277399,57,Moderate,1,15.6,67,0.0,3.2,74,1023.9,100,17.3,17.3,435.0,15.9,62.0,15.7
2026-01-23 14:00:00,2026,1,23,14,Hải Phòng,Xã Kiến Hải,20.7150982,106.7277399,58,Moderate,1,16.5,65,0.0,4.5,119,1022.9,100,17.4,17.5,430.0,15.6,69.0,13.8
2026-01-23 15:00:00,2026,1,23,15,Hải Phòng,Xã Kiến Hải,20.7150982,106.7277399,58,Moderate,1,16.4,66,0.0,6.7,114,1022.1,95,17.8,17.9,431.0,15.5,75.0,11.9
2026-01-23 16:00:00,2026,1,23,16,Hải Phòng,Xã Kiến Hải,20.7150982,106.7277399,59,Moderate,1,16.2,66,0.0,8.3,103,1021.9,51,18.3,18.5,434.0,15.2,79.0,10.6
2026-01-23 17:00:00,2026,1,23,17,Hải Phòng,Xã Kiến Hải,20.7150982,106.7277399,59,Moderate,1,15.3,71,0.0,9.6,102,1021.8,20,19.3,19.4,438.0,14.7,81.0,10.2
2026-01-23 18:00:00,2026,1,23,18,Hải Phòng,Xã Kiến Hải,20.7150982,106.7277399,60,Moderate,1,14.6,76,0.0,7.2,93,1021.8,27,22.1,22.2,443.0,14.2,82.0,10.4
2026-01-23 19:00:00,2026,1,23,19,Hải Phòng,Xã Kiến Hải,20.7150982,106.7277399,61,Moderate,1,14.4,79,0.0,10.2,81,1022.5,14,26.8,26.9,448.0,16.4,56.0,10.6
2026-01-23 20:00:00,2026,1,23,20,Hải Phòng,Xã Kiến Hải,20.7150982,106.7277399,62,Moderate,1,14.6,80,0.0,11.0,79,1022.7,77,28.2,28.3,450.0,15.5,56.0,10.8
2026-01-23 21:00:00,2026,1,23,21,Hải Phòng,Xã Kiến Hải,20.7150982,106.7277399,63,Moderate,1,14.7,81,0.0,12.0,68,1022.9,100,29.3,29.5,451.0,14.1,56.0,11.0
2026-01-23 22:00:00,2026,1,23,22,Hải Phòng,Xã Kiến Hải,20.7150982,106.7277399,64,Moderate,1,15.2,78,0.0,14.3,63,1023.3,100,29.0,29.1,453.0,13.0,55.0,11.1
2026-01-23 23:00:00,2026,1,23,23,Hải Phòng,Xã Kiến Hải,20.7150982,106.7277399,66,Moderate,1,15.1,80,0.0,15.3,63,1023.3,100,29.0,29.2,456.0,12.2,53.0,10.8
2026-01-24 00:00:00,2026,1,24,0,Hải Phòng,Xã Kiến Hải,20.7150982,106.7277399,67,Moderate,1,15.0,81,0.1,14.9,62,1023.0,100,28.1,28.2,460.0,11.7,51.0,10.3
2026-01-24 01:00:00,2026,1,24,1,Hải Phòng,Xã Kiến Hải,20.7150982,106.7277399,68,Moderate,1,14.5,82,0.1,12.1,47,1022.8,100,26.9,27.0,461.0,11.4,49.0,9.9
2026-01-24 02:00:00,2026,1,24,2,Hải Phòng,Xã Kiến Hải,20.7150982,106.7277399,69,Moderate,1,14.2,83,0.1,11.6,33,1022.2,100,25.4,25.5,456.0,11.4,47.0,9.7
2026-01-24 03:00:00,2026,1,24,3,Hải Phòng,Xã Kiến Hải,20.7150982,106.7277399,69,Moderate,1,14.1,84,0.1,10.0,26,1022.1,100,24.7,24.7,449.0,11.7,44.0,9.7
2026-01-24 04:00:00,2026,1,24,4,Hải Phòng,Xã Kiến Hải,20.7150982,106.7277399,70,Moderate,1,13.9,84,0.1,9.2,12,1021.7,100,24.2,24.2,451.0,12.3,41.0,10.0
2026-01-24 05:00:00,2026,1,24,5,Hải Phòng,Xã Kiến Hải,20.7150982,106.7277399,71,Moderate,1,13.8,83,0.0,8.3,360,1022.0,100,23.6,23.7,468.0,13.5,37.0,10.7
2026-01-24 06:00:00,2026,1,24,6,Hải Phòng,Xã Kiến Hải,20.7150982,106.7277399,71,Moderate,1,13.8,82,0.0,8.5,354,1022.4,100,23.8,23.8,493.0,15.0,33.0,11.7
2026-01-24 07:00:00,2026,1,24,7,Hải Phòng,Xã Kiến Hải,20.7150982,106.7277399,71,Moderate,1,13.8,83,0.0,8.4,9,1023.1,100,26.7,26.8,516.0,17.9,30.0,13.6
2026-01-24 08:00:00,2026,1,24,8,Hải Phòng,Xã Kiến Hải,20.7150982,106.7277399,72,Moderate,1,14.2,80,0.0,7.7,11,1023.5,100,28.1,28.2,536.0,18.6,30.0,15.0
2026-01-24 09:00:00,2026,1,24,9,Hải Phòng,Xã Kiến Hải,20.7150982,106.7277399,73,Moderate,1,15.1,77,0.0,7.5,30,1023.9,100,29.3,29.5,554.0,19.6,31.0,16.9
2026-01-24 10:00:00,2026,1,24,10,Hải Phòng,Xã Kiến Hải,20.7150982,106.7277399,75,Moderate,1,15.6,76,0.1,8.3,42,1024.4,100,28.9,29.0,559.0,20.0,34.0,18.0
2026-01-24 11:00:00,2026,1,24,11,Hải Phòng,Xã Kiến Hải,20.7150982,106.7277399,76,Moderate,1,16.2,75,0.1,8.1,59,1023.9,100,27.9,27.9,542.0,19.5,40.0,17.7
2026-01-24 12:00:00,2026,1,24,12,Hải Phòng,Xã Kiến Hải,20.7150982,106.7277399,77,Moderate,1,16.8,74,0.1,7.9,66,1022.7,100,26.4,26.5,512.0,18.4,47.0,16.7
2026-01-24 13:00:00,2026,1,24,13,Hải Phòng,Xã Kiến Hải,20.7150982,106.7277399,78,Moderate,1,16.5,75,0.0,7.5,60,1021.8,100,24.7,24.7,487.0,17.3,54.0,15.5
2026-01-24 14:00:00,2026,1,24,14,Hải Phòng,Xã Kiến Hải,20.7150982,106.7277399,78,Moderate,1,16.7,75,0.0,6.8,61,1020.5,100,23.1,23.2,475.0,16.3,61.0,14.2
2026-01-24 15:00:00,2026,1,24,15,Hải Phòng,Xã Kiến Hải,20.7150982,106.7277399,79,Moderate,1,17.1,73,0.0,6.0,73,1019.7,100,22.2,22.4,468.0,15.3,68.0,12.7
2026-01-24 16:00:00,2026,1,24,16,Hải Phòng,Xã Kiến Hải,20.7150982,106.7277399,79,Moderate,1,17.0,74,0.0,6.1,71,1019.3,100,21.7,21.9,465.0,14.7,72.0,11.9
2026-01-24 17:00:00,2026,1,24,17,Hải Phòng,Xã Kiến Hải,20.7150982,106.7277399,79,Moderate,1,16.7,75,0.0,5.9,78,1019.5,100,21.8,22.1,465.0,15.0,72.0,12.1
2026-01-24 18:00:00,2026,1,24,18,Hải Phòng,Xã Kiến Hải,20.7150982,106.7277399,80,Moderate,1,16.3,78,0.0,6.2,82,1019.4,100,23.4,23.6,468.0,15.7,69.0,13.0
2026-01-24 19:00:00,2026,1,24,19,Hải Phòng,Xã Kiến Hải,20.7150982,106.7277399,80,Moderate,1,15.9,81,0.0,8.6,78,1019.5,100,23.1,23.2,471.0,15.0,46.0,12.2
2026-01-24 20:00:00,2026,1,24,20,Hải Phòng,Xã Kiến Hải,20.7150982,106.7277399,79,Moderate,1,15.9,84,0.0,11.0,86,1019.5,77,23.3,23.4,471.0,14.4,45.0,12.1
2026-01-24 21:00:00,2026,1,24,21,Hải Phòng,Xã Kiến Hải,20.7150982,106.7277399,79,Moderate,1,16.1,85,0.0,10.6,89,1019.2,84,23.7,23.8,471.0,13.6,43.0,12.0
2026-01-24 22:00:00,2026,1,24,22,Hải Phòng,Xã Kiến Hải,20.7150982,106.7277399,78,Moderate,1,15.9,89,0.0,8.1,89,1019.0,100,23.8,23.9,472.0,13.1,41.0,11.8
2026-01-24 23:00:00,2026,1,24,23,Hải Phòng,Xã Kiến Hải,20.7150982,106.7277399,78,Moderate,1,16.7,87,0.0,8.2,98,1018.7,100,23.7,23.9,475.0,13.0,39.0,11.4
2026-01-25 00:00:00,2026,1,25,0,Hải Phòng,Xã Kiến Hải,20.7150982,106.7277399,78,Moderate,1,17.0,88,0.0,8.0,104,1018.3,100,23.5,23.7,479.0,13.1,37.0,11.0
2026-01-25 01:00:00,2026,1,25,1,Hải Phòng,Xã Kiến Hải,20.7150982,106.7277399,77,Moderate,1,16.3,91,0.3,4.5,88,1017.9,100,23.7,23.9,482.0,13.3,35.0,10.7
2026-01-25 02:00:00,2026,1,25,2,Hải Phòng,Xã Kiến Hải,20.7150982,106.7277399,77,Moderate,1,16.1,95,0.3,3.9,47,1017.0,100,24.1,24.3,485.0,13.6,33.0,10.7
2026-01-25 03:00:00,2026,1,25,3,Hải Phòng,Xã Kiến Hải,20.7150982,106.7277399,77,Moderate,1,16.1,95,0.3,5.8,34,1016.4,100,24.8,25.1,487.0,14.1,30.0,10.8
2026-01-25 04:00:00,2026,1,25,4,Hải Phòng,Xã Kiến Hải,20.7150982,106.7277399,77,Moderate,1,15.9,96,0.2,7.7,33,1016.2,100,25.6,25.9,482.0,14.6,29.0,11.1
2026-01-25 05:00:00,2026,1,25,5,Hải Phòng,Xã Kiến Hải,20.7150982,106.7277399,77,Moderate,1,16.0,93,0.0,10.2,42,1016.1,100,26.3,27.1,464.0,15.5,29.0,11.7
2026-01-25 06:00:00,2026,1,25,6,Hải Phòng,Xã Kiến Hải,20.7150982,106.7277399,77,Moderate,1,16.4,94,0.0,9.8,60,1016.6,100,29.1,29.9,438.0,16.5,29.0,12.5
2026-01-25 07:00:00,2026,1,25,7,Hải Phòng,Xã Kiến Hải,20.7150982,106.7277399,78,Moderate,1,16.9,93,0.0,10.5,68,1017.5,70,36.3,36.7,418.0,20.6,24.0,14.5
2026-01-25 08:00:00,2026,1,25,8,Hải Phòng,Xã Kiến Hải,20.7150982,106.7277399,78,Moderate,1,18.2,87,0.0,11.4,77,1018.3,100,34.2,34.7,411.0,19.3,36.0,14.0
2026-01-25 09:00:00,2026,1,25,9,Hải Phòng,Xã Kiến Hải,20.7150982,106.7277399,79,Moderate,1,19.0,85,0.0,11.4,93,1018.8,100,31.0,31.9,409.0,17.5,53.0,13.1
2026-01-25 10:00:00,2026,1,25,10,Hải Phòng,Xã Kiến Hải,20.7150982,106.7277399,79,Moderate,1,19.8,83,0.0,10.6,114,1018.9,100,27.6,28.6,403.0,15.4,69.0,12.0
2026-01-25 11:00:00,2026,1,25,11,Hải Phòng,Xã Kiến Hải,20.7150982,106.7277399,79,Moderate,1,20.2,81,0.1,9.0,127,1018.5,100,25.7,26.8,386.0,12.9,82.0,10.2
2026-01-25 12:00:00,2026,1,25,12,Hải Phòng,Xã Kiến Hải,20.7150982,106.7277399,79,Moderate,1,20.9,79,0.0,8.9,135,1017.7,100,23.9,25.1,363.0,10.2,94.0,8.1
2026-01-25 13:00:00,2026,1,25,13,Hải Phòng,Xã Kiến Hải,20.7150982,106.7277399,79,Moderate,1,20.0,82,0.0,7.0,134,1017.0,100,21.3,22.4,346.0,8.2,103.0,6.5
2026-01-25 14:00:00,2026,1,25,14,Hải Phòng,Xã Kiến Hải,20.7150982,106.7277399,78,Moderate,1,20.6,80,0.0,6.2,131,1016.3,100,20.0,21.2,333.0,7.3,108.0,5.7
2026-01-25 15:00:00,2026,1,25,15,Hải Phòng,Xã Kiến Hải,20.7150982,106.7277399,78,Moderate,1,20.5,83,0.1,7.3,113,1016.0,100,20.3,21.8,325.0,7.2,109.0,5.4
2026-01-25 16:00:00,2026,1,25,16,Hải Phòng,Xã Kiến Hải,20.7150982,106.7277399,78,Moderate,1,20.5,83,0.1,7.7,120,1016.1,100,18.9,20.6,331.0,7.9,107.0,5.4
2026-01-25 17:00:00,2026,1,25,17,Hải Phòng,Xã Kiến Hải,20.7150982,106.7277399,78,Moderate,1,20.0,86,0.1,7.3,126,1016.4,100,17.7,19.6,367.0,10.0,98.0,6.0
2026-01-25 18:00:00,2026,1,25,18,Hải Phòng,Xã Kiến Hải,20.7150982,106.7277399,77,Moderate,1,19.6,89,0.0,6.5,113,1016.7,100,20.4,22.0,417.0,13.0,86.0,6.9
2026-01-25 19:00:00,2026,1,25,19,Hải Phòng,Xã Kiến Hải,20.7150982,106.7277399,77,Moderate,1,19.1,91,0.0,2.9,101,1017.0,30,20.1,23.1,444.0,13.6,76.0,6.7
2026-01-25 20:00:00,2026,1,25,20,Hải Phòng,Xã Kiến Hải,20.7150982,106.7277399,77,Moderate,1,18.4,94,0.0,4.4,81,1017.5,16,23.2,26.4,427.0,13.8,73.0,6.9
2026-01-25 21:00:00,2026,1,25,21,Hải Phòng,Xã Kiến Hải,20.7150982,106.7277399,77,Moderate,1,18.2,94,0.0,5.2,68,1017.9,27,22.2,25.1,386.0,14.1,69.0,7.1
2026-01-25 22:00:00,2026,1,25,22,Hải Phòng,Xã Kiến Hải,20.7150982,106.7277399,77,Moderate,1,18.4,94,0.0,6.7,70,1018.1,39,22.7,25.8,351.0,14.0,66.0,7.1
2026-01-25 23:00:00,2026,1,25,23,Hải Phòng,Xã Kiến Hải,20.7150982,106.7277399,76,Moderate,1,18.4,95,0.0,9.3,80,1018.2,58,24.9,28.2,330.0,13.3,65.0,6.8
2026-01-26 00:00:00,2026,1,26,0,Hải Phòng,Xã Kiến Hải,20.7150982,106.7277399,77,Moderate,1,18.5,95,0.0,12.3,82,1018.0,100,26.2,29.2,314.0,12.1,66.0,6.3
2026-01-26 01:00:00,2026,1,26,1,Hải Phòng,Xã Kiến Hải,20.7150982,106.7277399,77,Moderate,1,18.5,94,0.0,12.2,76,1018.1,92,27.0,28.9,304.0,10.9,68.0,5.8
2026-01-26 02:00:00,2026,1,26,2,Hải Phòng,Xã Kiến Hải,20.7150982,106.7277399,77,Moderate,1,18.6,94,0.0,12.6,71,1017.7,82,23.9,25.6,300.0,9.5,74.0,5.4
2026-01-26 03:00:00,2026,1,26,3,Hải Phòng,Xã Kiến Hải,20.7150982,106.7277399,77,Moderate,1,18.5,94,0.1,11.9,70,1017.6,87,22.2,23.6,302.0,8.0,81.0,5.0
2026-01-26 04:00:00,2026,1,26,4,Hải Phòng,Xã Kiến Hải,20.7150982,106.7277399,77,Moderate,1,18.5,94,0.0,13.2,68,1017.6,100,21.0,22.0,307.0,7.1,85.0,4.9
2026-01-26 05:00:00,2026,1,26,5,Hải Phòng,Xã Kiến Hải,20.7150982,106.7277399,76,Moderate,1,18.5,93,0.1,14.9,69,1018.0,100,20.4,21.3,320.0,7.5,83.0,5.1
2026-01-26 06:00:00,2026,1,26,6,Hải Phòng,Xã Kiến Hải,20.7150982,106.7277399,76,Moderate,1,18.7,91,0.0,14.5,68,1018.6,25,19.9,21.0,335.0,8.6,77.0,5.6
2026-01-26 07:00:00,2026,1,26,7,Hải Phòng,Xã Kiến Hải,20.7150982,106.7277399,75,Moderate,1,18.5,94,0.0,13.9,66,1019.5,52,19.8,20.8,339.0,9.9,78.0,6.7
2026-01-26 08:00:00,2026,1,26,8,Hải Phòng,Xã Kiến Hải,20.7150982,106.7277399,74,Moderate,1,19.2,92,0.1,15.2,73,1020.4,45,19.1,20.0,319.0,9.2,78.0,6.5
2026-01-26 09:00:00,2026,1,26,9,Hải Phòng,Xã Kiến Hải,20.7150982,106.7277399,72,Moderate,1,20.3,86,0.0,11.8,78,1021.2,63,15.1,17.2,286.0,8.3,79.0,6.2
2026-01-26 10:00:00,2026,1,26,10,Hải Phòng,Xã Kiến Hải,20.7150982,106.7277399,71,Moderate,1,21.1,81,0.1,11.7,85,1021.4,88,14.0,17.3,260.0,7.4,82.0,5.8
2026-01-26 11:00:00,2026,1,26,11,Hải Phòng,Xã Kiến Hải,20.7150982,106.7277399,70,Moderate,1,22.1,76,0.1,11.4,85,1020.8,45,13.8,17.8,247.0,6.5,88.0,5.1
2026-01-26 12:00:00,2026,1,26,12,Hải Phòng,Xã Kiến Hải,20.7150982,106.7277399,69,Moderate,1,22.9,73,0.0,11.9,100,1019.7,38,14.0,18.0,240.0,5.7,96.0,4.3
2026-01-26 13:00:00,2026,1,26,13,Hải Phòng,Xã Kiến Hải,20.7150982,106.7277399,68,Moderate,1,21.9,75,0.1,13.9,89,1019.0,23,14.8,18.9,236.0,5.4,102.0,3.9
2026-01-26 14:00:00,2026,1,26,14,Hải Phòng,Xã Kiến Hải,20.7150982,106.7277399,67,Moderate,1,22.3,72,0.0,13.2,101,1018.2,23,15.4,19.3,232.0,5.8,107.0,4.2
2026-01-26 15:00:00,2026,1,26,15,Hải Phòng,Xã Kiến Hải,20.7150982,106.7277399,67,Moderate,1,21.6,77,0.0,14.6,109,1017.7,80,17.1,21.0,231.0,6.7,110.0,4.9
2026-01-26 16:00:00,2026,1,26,16,Hải Phòng,Xã Kiến Hải,20.7150982,106.7277399,66,Moderate,1,20.9,81,0.0,14.2,105,1017.6,8,18.7,22.7,238.0,7.9,111.0,5.6
2026-01-26 17:00:00,2026,1,26,17,Hải Phòng,Xã Kiến Hải,20.7150982,106.7277399,66,Moderate,1,20.3,82,0.0,11.1,99,1017.7,2,18.8,22.4,257.0,9.6,107.0,6.3
2026-01-26 18:00:00,2026,1,26,18,Hải Phòng,Xã Kiến Hải,20.7150982,106.7277399,67,Moderate,1,19.1,89,0.0,6.5,90,1018.0,10,20.6,22.7,284.0,11.6,100.0,7.0
2026-01-26 19:00:00,2026,1,26,19,Hải Phòng,Xã Kiến Hải,20.7150982,106.7277399,67,Moderate,1,19.1,94,0.0,6.0,65,1018.6,48,25.7,27.1,311.0,15.4,73.0,8.0
2026-01-26 20:00:00,2026,1,26,20,Hải Phòng,Xã Kiến Hải,20.7150982,106.7277399,67,Moderate,1,19.0,94,0.0,6.2,75,1019.1,51,28.4,29.9,338.0,16.1,69.0,8.6
2026-01-26 21:00:00,2026,1,26,21,Hải Phòng,Xã Kiến Hải,20.7150982,106.7277399,68,Moderate,1,18.9,95,0.0,6.2,78,1019.2,49,31.2,32.7,364.0,17.1,62.0,9.3
2026-01-26 22:00:00,2026,1,26,22,Hải Phòng,Xã Kiến Hải,20.7150982,106.7277399,68,Moderate,1,18.5,96,0.0,5.2,78,1019.4,11,34.8,36.2,381.0,18.1,56.0,9.6
2026-01-26 23:00:00,2026,1,26,23,Hải Phòng,Xã Kiến Hải,20.7150982,106.7277399,69,Moderate,1,18.4,95,0.0,6.3,75,1019.0,5,40.0,41.3,385.0,19.0,50.0,9.1
2026-01-27 00:00:00,2026,1,27,0,Hải Phòng,Xã Kiến Hải,20.7150982,106.7277399,71,Moderate,1,18.2,95,0.0,7.3,74,1018.7,8,44.4,45.5,381.0,19.8,43.0,8.2
2026-01-27 01:00:00,2026,1,27,1,Hải Phòng,Xã Kiến Hải,20.7150982,106.7277399,72,Moderate,1,18.4,95,0.0,8.6,101,1018.5,14,49.0,50.3,369.0,20.4,38.0,7.0
2026-01-27 02:00:00,2026,1,27,2,Hải Phòng,Xã Kiến Hải,20.7150982,106.7277399,74,Moderate,1,18.5,95,0.0,9.2,110,1018.1,36,54.1,55.3,339.0,20.6,34.0,5.3
2026-01-27 03:00:00,2026,1,27,3,Hải Phòng,Xã Kiến Hải,20.7150982,106.7277399,77,Moderate,1,18.4,95,0.0,8.7,97,1018.3,16,57.5,58.6,302.0,20.5,31.0,3.4
2026-01-27 04:00:00,2026,1,27,4,Hải Phòng,Xã Kiến Hải,20.7150982,106.7277399,80,Moderate,1,18.0,96,0.0,10.3,78,1018.6,55,71.2,72.2,296.0,20.5,28.0,2.4
2026-01-27 05:00:00,2026,1,27,5,Hải Phòng,Xã Kiến Hải,20.7150982,106.7277399,85,Moderate,1,17.7,97,0.0,9.7,61,1018.8,49,72.6,73.6,350.0,21.2,22.0,2.6
2026-01-27 06:00:00,2026,1,27,6,Hải Phòng,Xã Kiến Hải,20.7150982,106.7277399,89,Moderate,1,17.5,96,0.0,10.6,60,1019.4,20,75.4,76.1,434.0,22.1,16.0,3.6
2026-01-27 07:00:00,2026,1,27,7,Hải Phòng,Xã Kiến Hải,20.7150982,106.7277399,94,Moderate,1,17.5,94,0.0,11.0,58,1020.1,20,95.0,96.6,499.0,22.6,19.0,4.6
2026-01-27 08:00:00,2026,1,27,8,Hải Phòng,Xã Kiến Hải,20.7150982,106.7277399,101,Unhealthy for Sensitive Groups,2,18.2,89,0.0,12.4,62,1021.0,7,86.6,87.5,526.0,19.5,35.0,8.0
2026-01-27 09:00:00,2026,1,27,9,Hải Phòng,Xã Kiến Hải,20.7150982,106.7277399,108,Unhealthy for Sensitive Groups,2,19.5,80,0.0,11.1,70,1021.5,1,52.5,53.7,534.0,15.1,58.0,12.5
2026-01-27 10:00:00,2026,1,27,10,Hải Phòng,Xã Kiến Hải,20.7150982,106.7277399,112,Unhealthy for Sensitive Groups,2,20.9,71,0.0,11.8,69,1021.8,1,37.4,38.5,532.0,11.5,79.0,15.6
2026-01-27 11:00:00,2026,1,27,11,Hải Phòng,Xã Kiến Hải,20.7150982,106.7277399,114,Unhealthy for Sensitive Groups,2,21.9,66,0.0,12.5,83,1021.2,0,32.8,33.8,515.0,9.3,96.0,15.5
2026-01-27 12:00:00,2026,1,27,12,Hải Phòng,Xã Kiến Hải,20.7150982,106.7277399,116,Unhealthy for Sensitive Groups,2,22.4,64,0.0,13.4,96,1020.1,0,32.0,32.8,489.0,7.9,112.0,13.9
2026-01-27 13:00:00,2026,1,27,13,Hải Phòng,Xã Kiến Hải,20.7150982,106.7277399,118,Unhealthy for Sensitive Groups,2,22.4,64,0.0,14.4,105,1019.0,0,32.0,32.8,479.0,7.3,124.0,13.0
2026-01-27 14:00:00,2026,1,27,14,Hải Phòng,Xã Kiến Hải,20.7150982,106.7277399,120,Unhealthy for Sensitive Groups,2,22.3,64,0.0,15.0,111,1018.4,0,33.1,33.8,498.0,7.7,132.0,13.8
2026-01-27 15:00:00,2026,1,27,15,Hải Phòng,Xã Kiến Hải,20.7150982,106.7277399,122,Unhealthy for Sensitive Groups,2,21.9,66,0.0,15.1,115,1018.2,1,34.5,34.9,532.0,8.8,137.0,15.2
2026-01-27 16:00:00,2026,1,27,16,Hải Phòng,Xã Kiến Hải,20.7150982,106.7277399,124,Unhealthy for Sensitive Groups,2,21.0,71,0.0,14.2,120,1018.3,3,37.1,37.5,567.0,10.2,137.0,16.3
2026-01-27 17:00:00,2026,1,27,17,Hải Phòng,Xã Kiến Hải,20.7150982,106.7277399,125,Unhealthy for Sensitive Groups,2,19.8,78,0.0,12.6,123,1018.6,4,40.4,40.7,605.0,11.9,131.0,16.7
2026-01-27 18:00:00,2026,1,27,18,Hải Phòng,Xã Kiến Hải,20.7150982,106.7277399,128,Unhealthy for Sensitive Groups,2,18.7,85,0.0,9.2,102,1019.0,0,44.5,44.7,644.0,13.8,121.0,16.7
2026-01-27 19:00:00,2026,1,27,19,Hải Phòng,Xã Kiến Hải,20.7150982,106.7277399,130,Unhealthy for Sensitive Groups,2,18.4,87,0.0,7.4,83,1019.5,1,40.0,40.0,661.0,15.6,94.0,17.1
2026-01-27 20:00:00,2026,1,27,20,Hải Phòng,Xã Kiến Hải,20.7150982,106.7277399,132,Unhealthy for Sensitive Groups,2,18.5,84,0.0,8.7,83,1020.2,5,43.0,43.1,637.0,15.7,90.0,17.0
2026-01-27 21:00:00,2026,1,27,21,Hải Phòng,Xã Kiến Hải,20.7150982,106.7277399,133,Unhealthy for Sensitive Groups,2,18.5,84,0.0,9.6,76,1020.6,6,46.0,46.2,591.0,15.8,86.0,16.8
2026-01-27 22:00:00,2026,1,27,22,Hải Phòng,Xã Kiến Hải,20.7150982,106.7277399,135,Unhealthy for Sensitive Groups,2,18.4,85,0.0,9.9,63,1020.7,2,49.7,49.8,564.0,15.6,82.0,16.5
2026-01-27 23:00:00,2026,1,27,23,Hải Phòng,Xã Kiến Hải,20.7150982,106.7277399,136,Unhealthy for Sensitive Groups,2,18.5,83,0.0,12.2,61,1020.4,1,51.8,51.9,577.0,14.9,82.0,16.1
2026-01-28 00:00:00,2026,1,28,0,Hải Phòng,Xã Kiến Hải,20.7150982,106.7277399,138,Unhealthy for Sensitive Groups,2,18.4,82,0.0,12.9,53,1020.1,0,49.6,49.7,608.0,13.9,83.0,15.6
2026-01-28 01:00:00,2026,1,28,1,Hải Phòng,Xã Kiến Hải,20.7150982,106.7277399,138,Unhealthy for Sensitive Groups,2,18.1,86,0.0,11.9,56,1019.8,3,45.8,45.9,633.0,13.0,82.0,14.9
2026-01-28 02:00:00,2026,1,28,2,Hải Phòng,Xã Kiến Hải,20.7150982,106.7277399,138,Unhealthy for Sensitive Groups,2,18.0,88,0.0,11.7,61,1019.2,10,42.5,42.6,635.0,12.2,78.0,13.8
2026-01-28 03:00:00,2026,1,28,3,Hải Phòng,Xã Kiến Hải,20.7150982,106.7277399,137,Unhealthy for Sensitive Groups,2,17.8,89,0.0,11.4,74,1019.4,8,40.0,40.2,631.0,11.5,71.0,12.5
2026-01-28 04:00:00,2026,1,28,4,Hải Phòng,Xã Kiến Hải,20.7150982,106.7277399,135,Unhealthy for Sensitive Groups,2,17.6,90,0.0,12.0,74,1019.5,1,38.4,38.4,650.0,11.6,64.0,11.7
2026-01-28 05:00:00,2026,1,28,5,Hải Phòng,Xã Kiến Hải,20.7150982,106.7277399,131,Unhealthy for Sensitive Groups,2,17.5,89,0.0,11.0,58,1019.7,2,38.8,38.9,728.0,13.4,53.0,11.6
2026-01-28 06:00:00,2026,1,28,6,Hải Phòng,Xã Kiến Hải,20.7150982,106.7277399,128,Unhealthy for Sensitive Groups,2,17.0,92,0.0,8.4,43,1020.3,12,41.4,41.4,829.0,16.0,40.0,12.0
2026-01-28 07:00:00,2026,1,28,7,Hải Phòng,Xã Kiến Hải,20.7150982,106.7277399,124,Unhealthy for Sensitive Groups,2,16.1,94,0.0,4.8,15,1021.3,3,43.5,43.8,870.0,16.6,40.0,13.2
2026-01-28 08:00:00,2026,1,28,8,Hải Phòng,Xã Kiến Hải,20.7150982,106.7277399,119,Unhealthy for Sensitive Groups,2,18.1,86,0.0,5.8,30,1021.9,0,41.9,41.9,795.0,15.0,52.0,14.4
2026-01-28 09:00:00,2026,1,28,9,Hải Phòng,Xã Kiến Hải,20.7150982,106.7277399,114,Unhealthy for Sensitive Groups,2,19.7,72,0.0,8.7,68,1022.3,0,37.1,37.3,661.0,12.8,69.0,16.0
2026-01-28 10:00:00,2026,1,28,10,Hải Phòng,Xã Kiến Hải,20.7150982,106.7277399,113,Unhealthy for Sensitive Groups,2,20.6,66,0.0,11.1,81,1022.1,0,35.5,35.7,556.0,10.7,86.0,16.7
2026-01-28 11:00:00,2026,1,28,11,Hải Phòng,Xã Kiến Hải,20.7150982,106.7277399,112,Unhealthy for Sensitive Groups,2,21.1,64,0.0,14.0,89,1021.3,20,35.4,35.7,516.0,8.6,104.0,15.5
2026-01-28 12:00:00,2026,1,28,12,Hải Phòng,Xã Kiến Hải,20.7150982,106.7277399,113,Unhealthy for Sensitive Groups,2,21.4,62,0.0,15.5,95,1020.2,21,36.6,36.9,505.0,6.7,123.0,13.4
2026-01-28 13:00:00,2026,1,28,13,Hải Phòng,Xã Kiến Hải,20.7150982,106.7277399,113,Unhealthy for Sensitive Groups,2,21.1,63,0.0,15.3,98,1019.4,1,38.1,38.4,504.0,5.5,137.0,12.2
2026-01-28 14:00:00,2026,1,28,14,Hải Phòng,Xã Kiến Hải,20.7150982,106.7277399,114,Unhealthy for Sensitive Groups,2,21.2,61,0.0,15.9,93,1018.5,0,39.0,39.5,507.0,5.6,145.0,12.8
2026-01-28 15:00:00,2026,1,28,15,Hải Phòng,Xã Kiến Hải,20.7150982,106.7277399,114,Unhealthy for Sensitive Groups,2,21.0,61,0.0,14.8,91,1017.8,0,39.6,40.0,519.0,6.5,148.0,14.3
2026-01-28 16:00:00,2026,1,28,16,Hải Phòng,Xã Kiến Hải,20.7150982,106.7277399,115,Unhealthy for Sensitive Groups,2,20.5,64,0.0,12.6,99,1017.6,0,39.2,39.6,537.0,7.8,147.0,15.4
2026-01-28 17:00:00,2026,1,28,17,Hải Phòng,Xã Kiến Hải,20.7150982,106.7277399,115,Unhealthy for Sensitive Groups,2,19.6,69,0.0,10.6,105,1017.7,11,38.4,38.9,564.0,9.9,139.0,15.7
2026-01-28 18:00:00,2026,1,28,18,Hải Phòng,Xã Kiến Hải,20.7150982,106.7277399,115,Unhealthy for Sensitive Groups,2,18.4,78,0.0,7.4,108,1017.5,2,40.9,41.1,596.0,12.4,126.0,15.5
2026-01-28 19:00:00,2026,1,28,19,Hải Phòng,Xã Kiến Hải,20.7150982,106.7277399,115,Unhealthy for Sensitive Groups,2,18.0,84,0.0,6.4,106,1018.1,3,36.7,36.9,620.0,14.6,93.0,15.5
2026-01-28 20:00:00,2026,1,28,20,Hải Phòng,Xã Kiến Hải,20.7150982,106.7277399,114,Unhealthy for Sensitive Groups,2,17.8,86,0.0,5.6,107,1018.5,0,39.9,40.3,628.0,14.7,90.0,15.4
2026-01-28 21:00:00,2026,1,28,21,Hải Phòng,Xã Kiến Hải,20.7150982,106.7277399,114,Unhealthy for Sensitive Groups,2,17.4,89,0.0,5.8,112,1018.7,0,41.7,42.0,627.0,14.9,87.0,15.2
2026-01-28 22:00:00,2026,1,28,22,Hải Phòng,Xã Kiến Hải,20.7150982,106.7277399,113,Unhealthy for Sensitive Groups,2,17.5,90,0.0,7.6,117,1018.7,0,42.0,42.4,626.0,14.5,86.0,15.0
2026-01-28 23:00:00,2026,1,28,23,Hải Phòng,Xã Kiến Hải,20.7150982,106.7277399,113,Unhealthy for Sensitive Groups,2,17.8,91,0.0,11.2,114,1018.3,0,41.0,41.3,628.0,13.2,90.0,14.7
2026-01-29 00:00:00,2026,1,29,0,Hải Phòng,Xã Kiến Hải,20.7150982,106.7277399,112,Unhealthy for Sensitive Groups,2,17.9,91,0.0,12.8,112,1018.0,0,38.9,39.3,629.0,11.4,96.0,14.4
2026-01-29 01:00:00,2026,1,29,1,Hải Phòng,Xã Kiến Hải,20.7150982,106.7277399,110,Unhealthy for Sensitive Groups,2,17.9,92,0.0,11.1,115,1017.8,0,38.5,39.1,626.0,9.9,101.0,14.1
2026-01-29 02:00:00,2026,1,29,2,Hải Phòng,Xã Kiến Hải,20.7150982,106.7277399,110,Unhealthy for Sensitive Groups,2,18.0,93,0.0,12.0,111,1017.0,0,39.8,40.4,615.0,8.8,105.0,13.8
2026-01-29 03:00:00,2026,1,29,3,Hải Phòng,Xã Kiến Hải,20.7150982,106.7277399,109,Unhealthy for Sensitive Groups,2,18.1,93,0.0,11.1,107,1016.4,2,41.8,42.6,601.0,8.0,107.0,13.5
2026-01-29 04:00:00,2026,1,29,4,Hải Phòng,Xã Kiến Hải,20.7150982,106.7277399,110,Unhealthy for Sensitive Groups,2,18.1,94,0.0,10.2,107,1016.2,13,43.7,44.7,595.0,7.8,107.0,13.2
2026-01-29 05:00:00,2026,1,29,5,Hải Phòng,Xã Kiến Hải,20.7150982,106.7277399,110,Unhealthy for Sensitive Groups,2,18.2,94,0.0,9.6,106,1016.2,9,45.1,46.3,610.0,9.0,102.0,12.9
2026-01-29 06:00:00,2026,1,29,6,Hải Phòng,Xã Kiến Hải,20.7150982,106.7277399,111,Unhealthy for Sensitive Groups,2,18.4,94,0.0,8.4,115,1016.8,22,46.6,48.1,635.0,10.8,94.0,12.6
2026-01-29 07:00:00,2026,1,29,7,Hải Phòng,Xã Kiến Hải,20.7150982,106.7277399,111,Unhealthy for Sensitive Groups,2,18.6,95,0.0,6.4,133,1017.6,19,52.3,53.7,644.0,12.0,93.0,13.3
2026-01-29 08:00:00,2026,1,29,8,Hải Phòng,Xã Kiến Hải,20.7150982,106.7277399,112,Unhealthy for Sensitive Groups,2,19.9,90,0.1,9.7,141,1018.3,24,48.2,49.5,632.0,10.8,101.0,12.4
2026-01-29 09:00:00,2026,1,29,9,Hải Phòng,Xã Kiến Hải,20.7150982,106.7277399,113,Unhealthy for Sensitive Groups,2,20.8,85,0.1,11.3,149,1018.8,31,38.9,40.9,605.0,9.2,112.0,11.2
2026-01-29 10:00:00,2026,1,29,10,Hải Phòng,Xã Kiến Hải,20.7150982,106.7277399,113,Unhealthy for Sensitive Groups,2,21.2,83,0.2,13.1,143,1018.9,35,27.5,29.3,560.0,7.7,118.0,9.8
2026-01-29 11:00:00,2026,1,29,11,Hải Phòng,Xã Kiến Hải,20.7150982,106.7277399,112,Unhealthy for Sensitive Groups,2,22.0,80,0.3,15.6,153,1018.5,35,19.6,21.5,483.0,6.6,116.0,8.2
2026-01-29 12:00:00,2026,1,29,12,Hải Phòng,Xã Kiến Hải,20.7150982,106.7277399,111,Unhealthy for Sensitive Groups,2,22.2,79,0.4,18.1,160,1017.4,35,13.8,15.7,388.0,5.8,110.0,6.4
2026-01-29 13:00:00,2026,1,29,13,Hải Phòng,Xã Kiến Hải,20.7150982,106.7277399,108,Unhealthy for Sensitive Groups,2,22.2,77,0.3,19.4,167,1016.2,16,12.4,15.1,319.0,5.2,105.0,5.1
2026-01-29 14:00:00,2026,1,29,14,Hải Phòng,Xã Kiến Hải,20.7150982,106.7277399,106,Unhealthy for Sensitive Groups,2,22.2,77,0.1,19.6,165,1015.4,27,11.3,13.9,298.0,5.0,104.0,4.5
2026-01-29 15:00:00,2026,1,29,15,Hải Phòng,Xã Kiến Hải,20.7150982,106.7277399,103,Unhealthy for Sensitive Groups,2,21.9,80,0.1,19.5,166,1015.0,30,11.4,14.2,303.0,5.1,104.0,4.4
2026-01-29 16:00:00,2026,1,29,16,Hải Phòng,Xã Kiến Hải,20.7150982,106.7277399,100,Moderate,1,21.5,83,0.0,17.7,167,1015.1,14,11.8,14.7,309.0,5.6,103.0,4.5
2026-01-29 17:00:00,2026,1,29,17,Hải Phòng,Xã Kiến Hải,20.7150982,106.7277399,97,Moderate,1,20.8,87,0.0,14.8,166,1015.4,41,12.3,15.2,307.0,6.9,99.0,5.0
2026-01-29 18:00:00,2026,1,29,18,Hải Phòng,Xã Kiến Hải,20.7150982,106.7277399,95,Moderate,1,20.0,91,0.0,13.5,157,1015.3,95,14.3,17.0,305.0,8.7,93.0,5.8
2026-01-29 19:00:00,2026,1,29,19,Hải Phòng,Xã Kiến Hải,20.7150982,106.7277399,93,Moderate,1,20.0,95,0.0,14.4,144,1015.8,84,15.7,18.5,307.0,10.1,85.0,6.3
2026-01-29 20:00:00,2026,1,29,20,Hải Phòng,Xã Kiến Hải,20.7150982,106.7277399,91,Moderate,1,19.7,95,0.0,13.5,132,1016.2,20,16.0,19.0,317.0,10.1,84.0,6.3
2026-01-29 21:00:00,2026,1,29,21,Hải Phòng,Xã Kiến Hải,20.7150982,106.7277399,89,Moderate,1,19.6,95,0.0,11.4,123,1016.7,11,16.1,19.2,331.0,10.1,83.0,6.3
2026-01-29 22:00:00,2026,1,29,22,Hải Phòng,Xã Kiến Hải,20.7150982,106.7277399,86,Moderate,1,19.5,95,0.0,8.5,118,1016.9,9,16.6,19.5,336.0,10.3,81.0,6.2
2026-01-29 23:00:00,2026,1,29,23,Hải Phòng,Xã Kiến Hải,20.7150982,106.7277399,84,Moderate,1,19.3,95,0.0,6.9,115,1016.9,14,18.3,21.0,324.0,10.8,77.0,5.9
2026-01-30 00:00:00,2026,1,30,0,Hải Phòng,Xã Kiến Hải,20.7150982,106.7277399,82,Moderate,1,19.4,95,0.0,8.4,121,1016.7,24,20.6,23.5,303.0,11.4,71.0,5.5
2026-01-30 01:00:00,2026,1,30,1,Hải Phòng,Xã Kiến Hải,20.7150982,106.7277399,81,Moderate,1,19.2,95,0.0,9.3,112,1016.3,25,23.0,26.1,288.0,11.7,67.0,5.2
2026-01-30 02:00:00,2026,1,30,2,Hải Phòng,Xã Kiến Hải,20.7150982,106.7277399,79,Moderate,1,19.0,96,0.0,10.1,107,1015.7,41,23.6,26.7,285.0,11.3,66.0,5.0
2026-01-30 03:00:00,2026,1,30,3,Hải Phòng,Xã Kiến Hải,20.7150982,106.7277399,78,Moderate,1,19.2,96,0.0,10.9,102,1015.5,74,24.6,27.3,288.0,10.7,67.0,5.0
2026-01-30 04:00:00,2026,1,30,4,Hải Phòng,Xã Kiến Hải,20.7150982,106.7277399,76,Moderate,1,19.3,96,0.0,11.5,99,1015.9,99,26.1,28.1,297.0,10.2,68.0,5.0
2026-01-30 05:00:00,2026,1,30,5,Hải Phòng,Xã Kiến Hải,20.7150982,106.7277399,75,Moderate,1,19.3,96,0.0,11.8,96,1016.4,100,25.2,27.0,320.0,10.3,69.0,5.3
2026-01-30 06:00:00,2026,1,30,6,Hải Phòng,Xã Kiến Hải,20.7150982,106.7277399,73,Moderate,1,19.4,96,0.0,13.0,94,1017.0,100,23.7,25.4,349.0,10.6,70.0,5.6
2026-01-30 07:00:00,2026,1,30,7,Hải Phòng,Xã Kiến Hải,20.7150982,106.7277399,71,Moderate,1,19.5,97,0.1,11.6,108,1018.0,100,23.8,25.3,360.0,11.0,70.0,6.2
2026-01-30 08:00:00,2026,1,30,8,Hải Phòng,Xã Kiến Hải,20.7150982,106.7277399,68,Moderate,1,20.2,95,0.1,13.3,103,1018.8,36,23.9,25.4,335.0,10.5,75.0,6.1
2026-01-30 09:00:00,2026,1,30,9,Hải Phòng,Xã Kiến Hải,20.7150982,106.7277399,66,Moderate,1,21.4,87,0.1,12.2,114,1019.7,85,15.9,18.3,293.0,9.7,81.0,5.8
2026-01-30 10:00:00,2026,1,30,10,Hải Phòng,Xã Kiến Hải,20.7150982,106.7277399,64,Moderate,1,22.6,80,0.1,12.7,120,1020.0,45,15.3,19.1,264.0,8.8,88.0,5.5
2026-01-30 11:00:00,2026,1,30,11,Hải Phòng,Xã Kiến Hải,20.7150982,106.7277399,63,Moderate,1,22.8,78,0.1,14.6,125,1019.5,60,12.9,16.8,264.0,7.5,95.0,4.9
2026-01-30 12:00:00,2026,1,30,12,Hải Phòng,Xã Kiến Hải,20.7150982,106.7277399,62,Moderate,1,22.5,79,0.2,17.4,128,1018.4,69,13.0,17.0,278.0,6.1,103.0,4.2
2026-01-30 13:00:00,2026,1,30,13,Hải Phòng,Xã Kiến Hải,20.7150982,106.7277399,62,Moderate,1,22.0,81,0.4,17.8,134,1017.6,59,13.8,18.1,290.0,5.3,108.0,3.8
2026-01-30 14:00:00,2026,1,30,14,Hải Phòng,Xã Kiến Hải,20.7150982,106.7277399,63,Moderate,1,22.3,78,0.2,17.4,131,1016.7,47,13.5,17.8,294.0,5.2,111.0,3.9
2026-01-30 15:00:00,2026,1,30,15,Hải Phòng,Xã Kiến Hải,20.7150982,106.7277399,63,Moderate,1,22.2,79,0.0,16.8,131,1016.0,27,14.6,18.9,296.0,5.7,113.0,4.4
2026-01-30 16:00:00,2026,1,30,16,Hải Phòng,Xã Kiến Hải,20.7150982,106.7277399,63,Moderate,1,21.8,83,0.0,13.9,117,1015.9,14,15.3,19.1,303.0,7.0,111.0,5.1
2026-01-30 17:00:00,2026,1,30,17,Hải Phòng,Xã Kiến Hải,20.7150982,106.7277399,63,Moderate,1,20.8,88,0.0,11.7,107,1016.3,34,16.4,19.8,320.0,9.6,104.0,6.1
2026-01-30 18:00:00,2026,1,30,18,Hải Phòng,Xã Kiến Hải,20.7150982,106.7277399,64,Moderate,1,19.7,94,0.0,9.4,98,1016.4,3,20.3,22.4,341.0,13.0,93.0,7.3
2026-01-30 19:00:00,2026,1,30,19,Hải Phòng,Xã Kiến Hải,20.7150982,106.7277399,64,Moderate,1,19.9,95,0.0,9.4,98,1016.7,17,28.1,30.9,354.0,17.0,73.0,8.8
2026-01-30 20:00:00,2026,1,30,20,Hải Phòng,Xã Kiến Hải,20.7150982,106.7277399,65,Moderate,1,19.8,95,0.0,9.0,90,1017.6,9,32.8,36.6,353.0,17.9,69.0,9.2
2026-01-30 21:00:00,2026,1,30,21,Hải Phòng,Xã Kiến Hải,20.7150982,106.7277399,67,Moderate,1,19.6,94,0.0,9.2,88,1017.8,2,34.5,38.0,345.0,19.0,63.0,9.8
2026-01-30 22:00:00,2026,1,30,22,Hải Phòng,Xã Kiến Hải,20.7150982,106.7277399,68,Moderate,1,19.2,93,0.0,6.5,84,1018.2,0,32.5,35.2,337.0,19.1,60.0,9.7
2026-01-30 23:00:00,2026,1,30,23,Hải Phòng,Xã Kiến Hải,20.7150982,106.7277399,70,Moderate,1,19.0,94,0.0,6.1,66,1018.2,1,29.5,30.9,331.0,17.1,62.0,8.4
2026-01-31 00:00:00,2026,1,31,0,Hải Phòng,Xã Kiến Hải,20.7150982,106.7277399,71,Moderate,1,18.9,95,0.0,6.5,84,1018.6,10,25.8,27.1,324.0,14.1,66.0,6.6
2026-01-31 01:00:00,2026,1,31,1,Hải Phòng,Xã Kiến Hải,20.7150982,106.7277399,71,Moderate,1,18.8,98,0.0,10.0,108,1018.3,42,24.0,25.1,319.0,11.9,68.0,5.2
2026-01-31 02:00:00,2026,1,31,2,Hải Phòng,Xã Kiến Hải,20.7150982,106.7277399,71,Moderate,1,18.5,99,0.0,11.7,113,1018.1,99,24.2,25.4,307.0,11.4,64.0,4.6
2026-01-31 03:00:00,2026,1,31,3,Hải Phòng,Xã Kiến Hải,20.7150982,106.7277399,71,Moderate,1,18.2,99,0.0,10.2,104,1018.2,100,26.7,27.8,296.0,11.6,58.0,4.5
2026-01-31 04:00:00,2026,1,31,4,Hải Phòng,Xã Kiến Hải,20.7150982,106.7277399,72,Moderate,1,18.0,99,0.0,10.5,82,1018.8,100,29.5,30.5,310.0,12.2,52.0,5.2
2026-01-31 05:00:00,2026,1,31,5,Hải Phòng,Xã Kiến Hải,20.7150982,106.7277399,72,Moderate,1,18.1,99,0.0,17.3,73,1019.5,100,30.7,31.7,373.0,13.2,47.0,6.9
2026-01-31 06:00:00,2026,1,31,6,Hải Phòng,Xã Kiến Hải,20.7150982,106.7277399,72,Moderate,1,18.2,89,0.0,17.3,73,1020.3,44,28.3,29.2,460.0,14.5,43.0,9.4
2026-01-31 07:00:00,2026,1,31,7,Hải Phòng,Xã Kiến Hải,20.7150982,106.7277399,73,Moderate,1,18.6,89,0.0,16.3,77,1020.6,25,25.4,26.3,525.0,14.5,45.0,10.4
2026-01-31 08:00:00,2026,1,31,8,Hải Phòng,Xã Kiến Hải,20.7150982,106.7277399,73,Moderate,1,19.5,78,0.0,19.8,68,1021.5,27,19.2,19.7,542.0,13.3,46.0,12.7
2026-01-31 09:00:00,2026,1,31,9,Hải Phòng,Xã Kiến Hải,20.7150982,106.7277399,73,Moderate,1,20.9,75,0.0,17.1,52,1022.4,100,15.8,16.2,536.0,11.6,47.0,15.9
2026-01-31 10:00:00,2026,1,31,10,Hải Phòng,Xã Kiến Hải,20.7150982,106.7277399,73,Moderate,1,21.0,69,0.0,14.9,37,1022.9,100,14.4,14.9,533.0,10.2,53.0,18.0
2026-01-31 11:00:00,2026,1,31,11,Hải Phòng,Xã Kiến Hải,20.7150982,106.7277399,72,Moderate,1,20.9,63,0.0,13.0,37,1022.6,100,14.3,14.8,542.0,9.2,66.0,17.8
2026-01-31 12:00:00,2026,1,31,12,Hải Phòng,Xã Kiến Hải,20.7150982,106.7277399,73,Moderate,1,21.9,58,0.0,10.2,56,1021.5,100,15.4,15.9,554.0,8.5,84.0,16.5
2026-01-31 13:00:00,2026,1,31,13,Hải Phòng,Xã Kiến Hải,20.7150982,106.7277399,73,Moderate,1,22.0,64,0.0,13.3,98,1020.4,99,17.2,18.0,569.0,8.3,98.0,15.4
2026-01-31 14:00:00,2026,1,31,14,Hải Phòng,Xã Kiến Hải,20.7150982,106.7277399,73,Moderate,1,21.1,71,0.0,14.5,109,1019.6,91,19.0,20.0,593.0,8.5,108.0,14.8
2026-01-31 15:00:00,2026,1,31,15,Hải Phòng,Xã Kiến Hải,20.7150982,106.7277399,74,Moderate,1,20.8,71,0.0,14.1,115,1019.0,55,20.2,21.3,620.0,9.2,114.0,14.4
2026-01-31 16:00:00,2026,1,31,16,Hải Phòng,Xã Kiến Hải,20.7150982,106.7277399,74,Moderate,1,20.5,69,0.0,14.4,108,1019.0,42,20.8,21.9,631.0,10.9,114.0,14.1
2026-01-31 17:00:00,2026,1,31,17,Hải Phòng,Xã Kiến Hải,20.7150982,106.7277399,75,Moderate,1,20.1,68,0.0,13.0,95,1019.4,8,21.9,22.8,613.0,14.5,104.0,14.2
2026-01-31 18:00:00,2026,1,31,18,Hải Phòng,Xã Kiến Hải,20.7150982,106.7277399,75,Moderate,1,19.2,74,0.0,10.6,92,1019.6,27,29.2,29.8,580.0,19.0,87.0,14.5
2026-01-31 19:00:00,2026,1,31,19,Hải Phòng,Xã Kiến Hải,20.7150982,106.7277399,76,Moderate,1,18.9,79,0.0,13.1,98,1020.1,11,21.1,21.2,553.0,15.2,66.0,12.8
2026-01-31 20:00:00,2026,1,31,20,Hải Phòng,Xã Kiến Hải,20.7150982,106.7277399,75,Moderate,1,18.7,80,0.0,13.4,85,1021.0,31,21.5,21.7,538.0,14.0,64.0,12.6
2026-01-31 21:00:00,2026,1,31,21,Hải Phòng,Xã Kiến Hải,20.7150982,106.7277399,74,Moderate,1,18.5,78,0.0,16.5,76,1021.2,56,20.7,20.7,529.0,12.4,60.0,12.3
2026-01-31 22:00:00,2026,1,31,22,Hải Phòng,Xã Kiến Hải,20.7150982,106.7277399,73,Moderate,1,18.2,76,0.0,17.2,65,1021.5,3,19.4,19.5,528.0,11.2,57.0,12.0
2026-01-31 23:00:00,2026,1,31,23,Hải Phòng,Xã Kiến Hải,20.7150982,106.7277399,72,Moderate,1,17.8,76,0.0,17.4,63,1021.3,0,18.0,18.0,540.0,10.6,54.0,11.6
2026-02-01 00:00:00,2026,2,1,0,Hải Phòng,Xã Kiến Hải,20.7150982,106.7277399,71,Moderate,1,17.2,76,0.0,16.2,59,1021.0,5,16.5,16.5,559.0,10.5,52.0,11.2
2026-02-01 01:00:00,2026,2,1,1,Hải Phòng,Xã Kiến Hải,20.7150982,106.7277399,70,Moderate,1,17.1,78,0.0,15.5,58,1021.1,16,16.0,16.1,573.0,10.6,49.0,11.1
2026-02-01 02:00:00,2026,2,1,2,Hải Phòng,Xã Kiến Hải,20.7150982,106.7277399,69,Moderate,1,17.0,76,0.0,15.9,58,1020.4,20,16.1,16.2,573.0,11.2,46.0,11.5
2026-02-01 03:00:00,2026,2,1,3,Hải Phòng,Xã Kiến Hải,20.7150982,106.7277399,69,Moderate,1,17.2,73,0.0,15.9,57,1020.5,100,16.5,16.5,566.0,12.1,43.0,12.2
2026-02-01 04:00:00,2026,2,1,4,Hải Phòng,Xã Kiến Hải,20.7150982,106.7277399,68,Moderate,1,17.4,70,0.0,16.2,59,1020.5,100,16.4,16.5,565.0,13.0,41.0,13.0
2026-02-01 05:00:00,2026,2,1,5,Hải Phòng,Xã Kiến Hải,20.7150982,106.7277399,66,Moderate,1,17.3,69,0.0,17.8,59,1021.0,100,15.9,16.0,577.0,13.8,41.0,13.8
2026-02-01 06:00:00,2026,2,1,6,Hải Phòng,Xã Kiến Hải,20.7150982,106.7277399,65,Moderate,1,17.1,69,0.0,19.1,59,1022.0,100,15.3,15.4,594.0,14.5,42.0,14.7
2026-02-01 07:00:00,2026,2,1,7,Hải Phòng,Xã Kiến Hải,20.7150982,106.7277399,64,Moderate,1,17.1,69,0.0,17.0,53,1022.7,100,9.4,9.5,601.0,13.9,47.0,14.1
2026-02-01 08:00:00,2026,2,1,8,Hải Phòng,Xã Kiến Hải,20.7150982,106.7277399,63,Moderate,1,17.4,67,0.0,16.0,54,1023.4,97,9.2,9.4,587.0,13.0,51.0,14.0
2026-02-01 09:00:00,2026,2,1,9,Hải Phòng,Xã Kiến Hải,20.7150982,106.7277399,62,Moderate,1,18.1,63,0.0,14.5,55,1024.2,100,10.2,10.5,563.0,11.7,57.0,13.7
2026-02-01 10:00:00,2026,2,1,10,Hải Phòng,Xã Kiến Hải,20.7150982,106.7277399,61,Moderate,1,19.0,60,0.0,14.3,59,1024.5,98,12.1,12.5,543.0,10.7,64.0,13.5
2026-02-01 11:00:00,2026,2,1,11,Hải Phòng,Xã Kiến Hải,20.7150982,106.7277399,61,Moderate,1,19.2,60,0.0,13.6,62,1023.9,100,14.7,15.3,534.0,10.2,72.0,13.2
2026-02-01 12:00:00,2026,2,1,12,Hải Phòng,Xã Kiến Hải,20.7150982,106.7277399,61,Moderate,1,19.8,58,0.0,13.6,70,1023.0,100,17.8,18.4,530.0,10.1,81.0,12.8
2026-02-01 13:00:00,2026,2,1,13,Hải Phòng,Xã Kiến Hải,20.7150982,106.7277399,61,Moderate,1,20.2,57,0.0,13.5,85,1021.8,81,20.9,21.7,527.0,10.4,88.0,12.6
2026-02-01 14:00:00,2026,2,1,14,Hải Phòng,Xã Kiến Hải,20.7150982,106.7277399,62,Moderate,1,19.8,59,0.0,15.1,90,1021.0,50,24.1,24.9,523.0,11.3,94.0,12.7
2026-02-01 15:00:00,2026,2,1,15,Hải Phòng,Xã Kiến Hải,20.7150982,106.7277399,62,Moderate,1,19.9,59,0.0,14.5,96,1020.5,66,26.4,27.4,521.0,12.6,98.0,12.9
2026-02-01 16:00:00,2026,2,1,16,Hải Phòng,Xã Kiến Hải,20.7150982,106.7277399,63,Moderate,1,19.6,62,0.0,13.3,98,1020.3,1,28.3,29.3,525.0,14.3,97.0,13.1
2026-02-01 17:00:00,2026,2,1,17,Hải Phòng,Xã Kiến Hải,20.7150982,106.7277399,63,Moderate,1,18.8,67,0.0,12.9,97,1020.6,0,30.0,31.0,542.0,17.0,89.0,13.1
2026-02-01 18:00:00,2026,2,1,18,Hải Phòng,Xã Kiến Hải,20.7150982,106.7277399,64,Moderate,1,17.8,73,0.0,11.0,94,1020.9,2,35.7,36.4,566.0,20.1,76.0,13.0
2026-02-01 19:00:00,2026,2,1,19,Hải Phòng,Xã Kiến Hải,20.7150982,106.7277399,65,Moderate,1,17.5,75,0.0,9.5,89,1021.3,1,29.0,29.3,583.0,16.4,70.0,12.0
2026-02-01 20:00:00,2026,2,1,20,Hải Phòng,Xã Kiến Hải,20.7150982,106.7277399,65,Moderate,1,17.7,76,0.0,10.6,89,1021.9,0,27.9,28.3,587.0,14.4,72.0,11.2
2026-02-01 21:00:00,2026,2,1,21,Hải Phòng,Xã Kiến Hải,20.7150982,106.7277399,66,Moderate,1,17.5,77,0.0,11.4,74,1022.2,0,26.8,27.2,583.0,11.6,74.0,10.1
2026-02-01 22:00:00,2026,2,1,22,Hải Phòng,Xã Kiến Hải,20.7150982,106.7277399,66,Moderate,1,17.3,79,0.0,11.9,63,1022.1,0,26.8,27.2,576.0,9.7,75.0,9.4
2026-02-01 23:00:00,2026,2,1,23,Hải Phòng,Xã Kiến Hải,20.7150982,106.7277399,67,Moderate,1,17.0,80,0.0,13.5,57,1022.2,1,27.0,27.4,563.0,9.3,72.0,9.4
2026-02-02 00:00:00,2026,2,2,0,Hải Phòng,Xã Kiến Hải,20.7150982,106.7277399,68,Moderate,1,16.9,78,0.0,15.8,58,1022.1,2,27.1,27.4,546.0,9.8,66.0,9.8
2026-02-02 01:00:00,2026,2,2,1,Hải Phòng,Xã Kiến Hải,20.7150982,106.7277399,69,Moderate,1,17.1,76,0.0,16.3,59,1021.8,21,28.4,28.7,535.0,10.2,62.0,10.5
2026-02-02 02:00:00,2026,2,2,2,Hải Phòng,Xã Kiến Hải,20.7150982,106.7277399,70,Moderate,1,17.2,72,0.0,15.8,56,1021.9,100,30.2,30.5,534.0,10.3,59.0,11.5
2026-02-02 03:00:00,2026,2,2,3,Hải Phòng,Xã Kiến Hải,20.7150982,106.7277399,71,Moderate,1,17.6,68,0.0,17.3,56,1022.0,100,31.8,32.2,540.0,10.5,57.0,12.8
2026-02-02 04:00:00,2026,2,2,4,Hải Phòng,Xã Kiến Hải,20.7150982,106.7277399,72,Moderate,1,17.5,68,0.0,16.5,54,1022.1,100,32.7,33.2,546.0,10.9,56.0,13.8
2026-02-02 05:00:00,2026,2,2,5,Hải Phòng,Xã Kiến Hải,20.7150982,106.7277399,74,Moderate,1,17.6,67,0.0,14.8,50,1022.6,100,33.2,33.8,555.0,11.7,55.0,14.2
2026-02-02 06:00:00,2026,2,2,6,Hải Phòng,Xã Kiến Hải,20.7150982,106.7277399,75,Moderate,1,17.5,67,0.0,13.4,42,1023.3,100,34.0,34.6,564.0,12.7,54.0,14.3
2026-02-02 07:00:00,2026,2,2,7,Hải Phòng,Xã Kiến Hải,20.7150982,106.7277399,77,Moderate,1,17.5,67,0.0,13.4,43,1024.1,100,35.2,35.7,566.0,13.1,55.0,14.6
2026-02-02 08:00:00,2026,2,2,8,Hải Phòng,Xã Kiến Hải,20.7150982,106.7277399,79,Moderate,1,17.9,63,0.0,13.8,39,1025.3,100,37.1,37.8,551.0,13.1,57.0,14.7
2026-02-02 09:00:00,2026,2,2,9,Hải Phòng,Xã Kiến Hải,20.7150982,106.7277399,82,Moderate,1,18.1,59,0.0,14.1,40,1026.0,100,40.9,41.9,529.0,13.0,60.0,14.9
2026-02-02 10:00:00,2026,2,2,10,Hải Phòng,Xã Kiến Hải,20.7150982,106.7277399,85,Moderate,1,18.4,58,0.0,12.8,42,1026.1,100,43.8,44.8,512.0,12.7,65.0,14.8
2026-02-02 11:00:00,2026,2,2,11,Hải Phòng,Xã Kiến Hải,20.7150982,106.7277399,87,Moderate,1,19.0,57,0.0,12.6,49,1025.5,91,45.3,46.4,508.0,11.8,73.0,14.3
2026-02-02 12:00:00,2026,2,2,12,Hải Phòng,Xã Kiến Hải,20.7150982,106.7277399,90,Moderate,1,19.8,55,0.0,12.7,55,1024.5,69,46.3,47.5,510.0,10.8,83.0,13.6
2026-02-02 13:00:00,2026,2,2,13,Hải Phòng,Xã Kiến Hải,20.7150982,106.7277399,93,Moderate,1,20.5,54,0.0,12.5,69,1023.4,41,46.6,47.7,512.0,10.4,90.0,13.2
2026-02-02 14:00:00,2026,2,2,14,Hải Phòng,Xã Kiến Hải,20.7150982,106.7277399,95,Moderate,1,21.1,52,0.0,11.4,84,1022.4,23,46.8,48.0,511.0,10.8,95.0,13.1
2026-02-02 15:00:00,2026,2,2,15,Hải Phòng,Xã Kiến Hải,20.7150982,106.7277399,97,Moderate,1,21.0,53,0.0,11.2,87,1021.7,15,46.8,48.0,510.0,11.9,98.0,13.3
2026-02-02 16:00:00,2026,2,2,16,Hải Phòng,Xã Kiến Hải,20.7150982,106.7277399,99,Moderate,1,20.5,55,0.0,11.6,96,1021.4,25,47.1,48.2,516.0,14.3,96.0,13.9
2026-02-02 17:00:00,2026,2,2,17,Hải Phòng,Xã Kiến Hải,20.7150982,106.7277399,100,Moderate,1,19.5,60,0.0,9.7,94,1021.7,7,48.7,49.6,524.0,19.1,85.0,15.1
2026-02-02 18:00:00,2026,2,2,18,Hải Phòng,Xã Kiến Hải,20.7150982,106.7277399,102,Unhealthy for Sensitive Groups,2,18.0,69,0.0,4.8,103,1022.1,11,57.0,57.9,538.0,25.1,68.0,16.7
2026-02-02 19:00:00,2026,2,2,19,Hải Phòng,Xã Kiến Hải,20.7150982,106.7277399,105,Unhealthy for Sensitive Groups,2,17.4,76,0.0,3.4,74,1022.9,7,61.5,61.9,577.0,28.6,52.0,18.3
2026-02-02 20:00:00,2026,2,2,20,Hải Phòng,Xã Kiến Hải,20.7150982,106.7277399,108,Unhealthy for Sensitive Groups,2,16.9,80,0.0,2.3,23,1023.7,23,67.3,67.8,654.0,29.9,46.0,19.5
2026-02-02 21:00:00,2026,2,2,21,Hải Phòng,Xã Kiến Hải,20.7150982,106.7277399,112,Unhealthy for Sensitive Groups,2,16.5,82,0.0,2.1,345,1023.9,34,71.0,71.7,757.0,31.5,39.0,21.1
2026-02-02 22:00:00,2026,2,2,22,Hải Phòng,Xã Kiến Hải,20.7150982,106.7277399,117,Unhealthy for Sensitive Groups,2,15.9,84,0.0,2.8,333,1024.0,5,74.7,75.4,863.0,32.1,33.0,22.1
2026-02-02 23:00:00,2026,2,2,23,Hải Phòng,Xã Kiến Hải,20.7150982,106.7277399,122,Unhealthy for Sensitive Groups,2,15.4,84,0.0,2.3,356,1023.9,0,76.4,76.8,984.0,30.7,32.0,22.1
2026-02-03 00:00:00,2026,2,3,0,Hải Phòng,Xã Kiến Hải,20.7150982,106.7277399,127,Unhealthy for Sensitive Groups,2,14.9,86,0.0,3.3,22,1023.5,0,75.7,76.4,1110.0,28.3,32.0,21.5
2026-02-03 01:00:00,2026,2,3,1,Hải Phòng,Xã Kiến Hải,20.7150982,106.7277399,132,Unhealthy for Sensitive Groups,2,14.9,86,0.0,5.1,32,1023.2,20,75.2,75.7,1186.0,26.2,32.0,20.5
2026-02-03 02:00:00,2026,2,3,2,Hải Phòng,Xã Kiến Hải,20.7150982,106.7277399,137,Unhealthy for Sensitive Groups,2,14.8,88,0.0,5.5,17,1022.6,32,73.3,73.8,1173.0,25.0,30.0,18.7
2026-02-03 03:00:00,2026,2,3,3,Hải Phòng,Xã Kiến Hải,20.7150982,106.7277399,141,Unhealthy for Sensitive Groups,2,14.8,89,0.0,7.0,3,1022.2,88,69.6,70.3,1111.0,24.3,27.0,16.6
2026-02-03 04:00:00,2026,2,3,4,Hải Phòng,Xã Kiến Hải,20.7150982,106.7277399,145,Unhealthy for Sensitive Groups,2,14.2,89,0.0,5.7,349,1022.3,72,67.8,68.2,1069.0,23.6,25.0,15.1
2026-02-03 05:00:00,2026,2,3,5,Hải Phòng,Xã Kiến Hải,20.7150982,106.7277399,149,Unhealthy for Sensitive Groups,2,13.7,87,0.0,4.2,350,1022.5,0,67.5,68.0,1098.0,23.5,21.0,15.0
2026-02-03 06:00:00,2026,2,3,6,Hải Phòng,Xã Kiến Hải,20.7150982,106.7277399,151,Unhealthy,3,13.7,87,0.0,4.0,10,1023.2,91,68.0,68.5,1147.0,23.4,18.0,15.5
2026-02-03 07:00:00,2026,2,3,7,Hải Phòng,Xã Kiến Hải,20.7150982,106.7277399,151,Unhealthy,3,14.4,90,0.0,4.7,16,1024.1,84,62.2,62.9,1125.0,19.3,30.0,14.0
2026-02-03 08:00:00,2026,2,3,8,Hải Phòng,Xã Kiến Hải,20.7150982,106.7277399,152,Unhealthy,3,16.9,77,0.0,6.5,34,1024.6,58,55.2,55.9,960.0,16.2,47.0,14.8
2026-02-03 09:00:00,2026,2,3,9,Hải Phòng,Xã Kiến Hải,20.7150982,106.7277399,152,Unhealthy,3,18.5,62,0.0,11.8,63,1025.3,9,45.4,46.3,726.0,11.9,70.0,15.8
2026-02-03 10:00:00,2026,2,3,10,Hải Phòng,Xã Kiến Hải,20.7150982,106.7277399,152,Unhealthy,3,19.3,58,0.0,13.8,73,1025.6,48,41.1,42.0,551.0,8.5,91.0,16.1
2026-02-03 11:00:00,2026,2,3,11,Hải Phòng,Xã Kiến Hải,20.7150982,106.7277399,152,Unhealthy,3,20.0,61,0.0,11.6,75,1024.8,23,40.5,41.3,498.0,7.0,106.0,15.0
2026-02-03 12:00:00,2026,2,3,12,Hải Phòng,Xã Kiến Hải,20.7150982,106.7277399,152,Unhealthy,3,20.6,62,0.0,10.1,91,1023.8,9,40.3,41.3,505.0,6.5,119.0,13.2
2026-02-03 13:00:00,2026,2,3,13,Hải Phòng,Xã Kiến Hải,20.7150982,106.7277399,152,Unhealthy,3,19.8,67,0.0,11.2,100,1022.8,13,40.6,41.8,517.0,6.4,129.0,12.0
2026-02-03 14:00:00,2026,2,3,14,Hải Phòng,Xã Kiến Hải,20.7150982,106.7277399,152,Unhealthy,3,20.6,63,0.0,11.8,103,1021.6,9,42.0,43.3,516.0,6.4,139.0,11.9
2026-02-03 15:00:00,2026,2,3,15,Hải Phòng,Xã Kiến Hải,20.7150982,106.7277399,152,Unhealthy,3,20.5,65,0.0,13.0,100,1021.0,1,42.3,43.7,521.0,6.8,146.0,12.2
2026-02-03 16:00:00,2026,2,3,16,Hải Phòng,Xã Kiến Hải,20.7150982,106.7277399,152,Unhealthy,3,20.0,67,0.0,12.8,96,1020.6,8,41.7,43.1,534.0,7.9,148.0,12.8
2026-02-03 17:00:00,2026,2,3,17,Hải Phòng,Xã Kiến Hải,20.7150982,106.7277399,152,Unhealthy,3,19.3,70,0.0,11.2,88,1020.5,46,42.6,44.0,560.0,10.1,140.0,13.4
2026-02-03 18:00:00,2026,2,3,18,Hải Phòng,Xã Kiến Hải,20.7150982,106.7277399,151,Unhealthy,3,18.0,77,0.0,8.3,77,1020.4,81,47.6,48.7,595.0,13.0,126.0,14.1
2026-02-03 19:00:00,2026,2,3,19,Hải Phòng,Xã Kiến Hải,20.7150982,106.7277399,151,Unhealthy,3,17.4,84,0.0,7.1,75,1020.6,39,45.3,45.9,620.0,18.4,87.0,14.7
2026-02-03 20:00:00,2026,2,3,20,Hải Phòng,Xã Kiến Hải,20.7150982,106.7277399,151,Unhealthy,3,17.2,86,0.0,5.5,73,1020.9,2,51.6,52.2,632.0,20.1,83.0,16.3
2026-02-03 21:00:00,2026,2,3,21,Hải Phòng,Xã Kiến Hải,20.7150982,106.7277399,151,Unhealthy,3,16.6,89,0.0,4.9,80,1021.1,0,58.8,59.5,635.0,22.4,76.0,18.5
2026-02-03 22:00:00,2026,2,3,22,Hải Phòng,Xã Kiến Hải,20.7150982,106.7277399,150,Unhealthy for Sensitive Groups,2,16.4,89,0.0,4.9,84,1021.0,2,65.4,66.1,627.0,23.9,71.0,19.7
2026-02-03 23:00:00,2026,2,3,23,Hải Phòng,Xã Kiến Hải,20.7150982,106.7277399,150,Unhealthy for Sensitive Groups,2,16.2,88,0.0,5.0,92,1020.5,1,69.4,70.1,603.0,23.7,67.0,19.1
2026-02-04 00:00:00,2026,2,4,0,Hải Phòng,Xã Kiến Hải,20.7150982,106.7277399,150,Unhealthy for Sensitive Groups,2,16.6,87,0.0,6.0,100,1020.1,0,68.9,69.6,568.0,22.7,64.0,17.5
2026-02-04 01:00:00,2026,2,4,1,Hải Phòng,Xã Kiến Hải,20.7150982,106.7277399,149,Unhealthy for Sensitive Groups,2,17.2,86,0.0,8.2,112,1019.2,1,67.8,68.5,539.0,21.7,62.0,16.2
2026-02-04 02:00:00,2026,2,4,2,Hải Phòng,Xã Kiến Hải,20.7150982,106.7277399,148,Unhealthy for Sensitive Groups,2,17.5,87,0.0,8.5,111,1018.5,0,68.0,68.9,516.0,20.7,61.0,15.8
2026-02-04 03:00:00,2026,2,4,3,Hải Phòng,Xã Kiến Hải,20.7150982,106.7277399,148,Unhealthy for Sensitive Groups,2,17.2,89,0.0,7.2,112,1018.2,1,69.2,69.8,498.0,19.7,60.0,15.8
2026-02-04 04:00:00,2026,2,4,4,Hải Phòng,Xã Kiến Hải,20.7150982,106.7277399,148,Unhealthy for Sensitive Groups,2,16.7,89,0.0,5.4,111,1018.1,2,71.7,72.4,500.0,19.6,57.0,15.3
2026-02-04 05:00:00,2026,2,4,5,Hải Phòng,Xã Kiến Hải,20.7150982,106.7277399,148,Unhealthy for Sensitive Groups,2,16.5,88,0.0,3.8,109,1018.4,7,79.2,79.9,543.0,21.4,46.0,13.8
2026-02-04 06:00:00,2026,2,4,6,Hải Phòng,Xã Kiến Hải,20.7150982,106.7277399,149,Unhealthy for Sensitive Groups,2,16.6,87,0.0,2.3,108,1018.9,11,90.3,91.0,606.0,24.1,32.0,11.9
2026-02-04 07:00:00,2026,2,4,7,Hải Phòng,Xã Kiến Hải,20.7150982,106.7277399,150,Unhealthy for Sensitive Groups,2,16.4,91,0.0,2.1,31,1019.4,35,101.0,101.7,634.0,22.6,29.0,8.7
2026-02-04 08:00:00,2026,2,4,8,Hải Phòng,Xã Kiến Hải,20.7150982,106.7277399,151,Unhealthy,3,18.9,82,0.0,4.0,87,1020.0,38,78.2,78.7,593.0,22.1,50.0,11.2
2026-02-04 09:00:00,2026,2,4,9,Hải Phòng,Xã Kiến Hải,20.7150982,106.7277399,152,Unhealthy,3,20.4,73,0.2,8.4,138,1020.6,60,41.1,42.3,518.0,21.2,80.0,14.6
2026-02-04 10:00:00,2026,2,4,10,Hải Phòng,Xã Kiến Hải,20.7150982,106.7277399,152,Unhealthy,3,20.8,71,0.0,8.4,133,1020.5,38,33.9,35.4,458.0,19.9,103.0,16.3
2026-02-04 11:00:00,2026,2,4,11,Hải Phòng,Xã Kiến Hải,20.7150982,106.7277399,151,Unhealthy,3,21.5,69,0.0,8.4,132,1019.6,97,31.0,32.5,431.0,17.6,113.0,14.9
2026-02-04 12:00:00,2026,2,4,12,Hải Phòng,Xã Kiến Hải,20.7150982,106.7277399,151,Unhealthy,3,21.2,70,0.0,10.5,123,1018.3,96,30.9,32.2,419.0,14.7,117.0,11.8
2026-02-04 13:00:00,2026,2,4,13,Hải Phòng,Xã Kiến Hải,20.7150982,106.7277399,151,Unhealthy,3,20.9,72,0.0,11.4,128,1017.3,98,32.0,33.4,415.0,12.5,120.0,9.4
2026-02-04 14:00:00,2026,2,4,14,Hải Phòng,Xã Kiến Hải,20.7150982,106.7277399,151,Unhealthy,3,20.9,74,0.0,11.5,124,1016.2,56,32.8,34.2,419.0,11.3,125.0,8.6
2026-02-04 15:00:00,2026,2,4,15,Hải Phòng,Xã Kiến Hải,20.7150982,106.7277399,151,Unhealthy,3,20.9,75,0.0,12.1,134,1015.3,7,32.6,34.1,430.0,10.8,129.0,8.4
2026-02-04 16:00:00,2026,2,4,16,Hải Phòng,Xã Kiến Hải,20.7150982,106.7277399,150,Unhealthy for Sensitive Groups,2,20.6,76,0.0,13.3,139,1015.1,17,31.2,32.6,442.0,10.6,130.0,8.4
2026-02-04 17:00:00,2026,2,4,17,Hải Phòng,Xã Kiến Hải,20.7150982,106.7277399,150,Unhealthy for Sensitive Groups,2,19.7,82,0.0,13.4,134,1015.0,9,30.2,31.5,453.0,10.9,125.0,8.5
2026-02-04 18:00:00,2026,2,4,18,Hải Phòng,Xã Kiến Hải,20.7150982,106.7277399,150,Unhealthy for Sensitive Groups,2,18.8,89,0.0,13.4,130,1015.1,9,32.1,33.3,465.0,11.6,116.0,8.7
2026-02-04 19:00:00,2026,2,4,19,Hải Phòng,Xã Kiến Hải,20.7150982,106.7277399,148,Unhealthy for Sensitive Groups,2,19.0,90,0.0,12.3,129,1016.0,12,25.9,26.3,472.0,14.6,95.0,9.5
2026-02-04 20:00:00,2026,2,4,20,Hải Phòng,Xã Kiến Hải,20.7150982,106.7277399,146,Unhealthy for Sensitive Groups,2,18.9,92,0.0,10.7,121,1016.2,6,27.4,27.9,474.0,14.3,92.0,9.2
2026-02-04 21:00:00,2026,2,4,21,Hải Phòng,Xã Kiến Hải,20.7150982,106.7277399,143,Unhealthy for Sensitive Groups,2,18.6,93,0.0,8.6,112,1016.6,42,28.4,29.0,470.0,13.8,87.0,8.8
2026-02-04 22:00:00,2026,2,4,22,Hải Phòng,Xã Kiến Hải,20.7150982,106.7277399,140,Unhealthy for Sensitive Groups,2,18.6,94,0.0,6.3,108,1016.7,95,30.2,31.0,459.0,13.6,83.0,8.5
2026-02-04 23:00:00,2026,2,4,23,Hải Phòng,Xã Kiến Hải,20.7150982,106.7277399,137,Unhealthy for Sensitive Groups,2,18.9,93,0.0,6.5,120,1016.4,40,33.1,33.9,435.0,13.8,82.0,8.4
2026-02-05 00:00:00,2026,2,5,0,Hải Phòng,Xã Kiến Hải,20.7150982,106.7277399,133,Unhealthy for Sensitive Groups,2,18.8,94,0.0,7.3,130,1016.1,99,34.3,35.3,403.0,14.3,82.0,8.4
2026-02-05 01:00:00,2026,2,5,1,Hải Phòng,Xã Kiến Hải,20.7150982,106.7277399,129,Unhealthy for Sensitive Groups,2,19.4,94,0.0,8.9,146,1015.8,100,34.5,35.5,372.0,14.4,81.0,8.2
2026-02-05 02:00:00,2026,2,5,2,Hải Phòng,Xã Kiến Hải,20.7150982,106.7277399,126,Unhealthy for Sensitive Groups,2,19.6,95,0.0,9.5,136,1015.1,100,33.8,34.9,339.0,13.7,78.0,7.5
2026-02-05 03:00:00,2026,2,5,3,Hải Phòng,Xã Kiến Hải,20.7150982,106.7277399,122,Unhealthy for Sensitive Groups,2,19.5,96,0.1,9.8,121,1014.6,100,32.4,33.8,306.0,12.7,74.0,6.7
2026-02-05 04:00:00,2026,2,5,4,Hải Phòng,Xã Kiến Hải,20.7150982,106.7277399,118,Unhealthy for Sensitive Groups,2,19.5,97,0.0,10.5,114,1014.3,100,30.0,31.4,291.0,12.1,71.0,6.1
2026-02-05 05:00:00,2026,2,5,5,Hải Phòng,Xã Kiến Hải,20.7150982,106.7277399,114,Unhealthy for Sensitive Groups,2,19.5,97,0.0,9.5,115,1014.3,100,28.2,29.7,311.0,12.7,67.0,6.2
2026-02-05 06:00:00,2026,2,5,6,Hải Phòng,Xã Kiến Hải,20.7150982,106.7277399,109,Unhealthy for Sensitive Groups,2,19.6,97,0.1,9.9,117,1014.7,100,27.0,28.7,349.0,13.8,64.0,6.6
2026-02-05 07:00:00,2026,2,5,7,Hải Phòng,Xã Kiến Hải,20.7150982,106.7277399,102,Unhealthy for Sensitive Groups,2,19.8,95,0.1,10.2,103,1015.5,100,45.4,47.5,373.0,16.3,56.0,8.0
2026-02-05 08:00:00,2026,2,5,8,Hải Phòng,Xã Kiến Hải,20.7150982,106.7277399,97,Moderate,1,20.5,91,0.0,11.8,106,1016.1,100,37.8,40.6,364.0,16.0,62.0,7.8
2026-02-05 09:00:00,2026,2,5,9,Hải Phòng,Xã Kiến Hải,20.7150982,106.7277399,93,Moderate,1,21.1,89,0.0,12.5,110,1016.5,100,30.5,33.6,341.0,15.5,70.0,7.5
2026-02-05 10:00:00,2026,2,5,10,Hải Phòng,Xã Kiến Hải,20.7150982,106.7277399,92,Moderate,1,21.8,87,0.0,12.3,122,1016.6,100,28.1,31.1,323.0,14.5,78.0,7.1
2026-02-05 11:00:00,2026,2,5,11,Hải Phòng,Xã Kiến Hải,20.7150982,106.7277399,92,Moderate,1,21.9,87,0.0,11.3,132,1015.8,100,25.1,28.3,318.0,12.6,84.0,6.4
2026-02-05 12:00:00,2026,2,5,12,Hải Phòng,Xã Kiến Hải,20.7150982,106.7277399,91,Moderate,1,22.8,80,0.0,13.7,140,1014.6,93,22.4,25.6,318.0,10.2,89.0,5.6
2026-02-05 13:00:00,2026,2,5,13,Hải Phòng,Xã Kiến Hải,20.7150982,106.7277399,91,Moderate,1,22.4,83,0.0,15.7,135,1013.6,100,19.4,22.8,317.0,8.3,92.0,5.0
2026-02-05 14:00:00,2026,2,5,14,Hải Phòng,Xã Kiến Hải,20.7150982,106.7277399,89,Moderate,1,22.5,82,0.0,15.0,135,1012.8,100,17.2,21.4,312.0,7.3,93.0,4.6
2026-02-05 15:00:00,2026,2,5,15,Hải Phòng,Xã Kiến Hải,20.7150982,106.7277399,88,Moderate,1,22.2,85,0.0,16.1,140,1012.3,71,15.4,19.5,306.0,6.8,93.0,4.4
2026-02-05 16:00:00,2026,2,5,16,Hải Phòng,Xã Kiến Hải,20.7150982,106.7277399,87,Moderate,1,22.0,88,0.0,15.9,137,1012.5,19,14.3,18.4,303.0,7.1,91.0,4.5
2026-02-05 17:00:00,2026,2,5,17,Hải Phòng,Xã Kiến Hải,20.7150982,106.7277399,85,Moderate,1,21.2,92,0.0,13.9,124,1012.7,30,13.8,17.8,304.0,8.5,86.0,5.0
2026-02-05 18:00:00,2026,2,5,18,Hải Phòng,Xã Kiến Hải,20.7150982,106.7277399,84,Moderate,1,20.1,97,0.0,13.4,116,1012.8,47,15.0,18.2,306.0,10.6,79.0,5.8
2026-02-05 19:00:00,2026,2,5,19,Hải Phòng,Xã Kiến Hải,20.7150982,106.7277399,82,Moderate,1,20.4,98,0.0,14.8,114,1013.3,100,17.5,21.0,309.0,11.9,83.0,6.3
2026-02-05 20:00:00,2026,2,5,20,Hải Phòng,Xã Kiến Hải,20.7150982,106.7277399,81,Moderate,1,20.5,98,0.0,13.4,117,1013.8,100,18.4,22.0,314.0,11.9,79.0,6.4
2026-02-05 21:00:00,2026,2,5,21,Hải Phòng,Xã Kiến Hải,20.7150982,106.7277399,81,Moderate,1,20.5,97,0.0,11.4,123,1014.2,99,19.6,23.3,318.0,12.0,74.0,6.5
2026-02-05 22:00:00,2026,2,5,22,Hải Phòng,Xã Kiến Hải,20.7150982,106.7277399,80,Moderate,1,20.4,97,0.0,10.1,139,1014.6,99,21.4,25.1,315.0,12.1,69.0,6.5
2026-02-05 23:00:00,2026,2,5,23,Hải Phòng,Xã Kiến Hải,20.7150982,106.7277399,79,Moderate,1,20.1,98,0.0,8.5,155,1014.5,19,23.9,27.7,296.0,12.4,64.0,6.1
2026-02-06 00:00:00,2026,2,6,0,Hải Phòng,Xã Kiến Hải,20.7150982,106.7277399,78,Moderate,1,20.0,97,0.0,9.2,157,1014.1,13,25.4,29.5,270.0,12.7,59.0,5.6
2026-02-06 01:00:00,2026,2,6,1,Hải Phòng,Xã Kiến Hải,20.7150982,106.7277399,77,Moderate,1,20.0,98,0.0,9.4,157,1013.7,95,25.8,29.9,249.0,12.7,55.0,5.2
2026-02-06 02:00:00,2026,2,6,2,Hải Phòng,Xã Kiến Hải,20.7150982,106.7277399,77,Moderate,1,20.0,99,0.0,7.9,156,1013.3,100,24.4,28.2,240.0,12.1,54.0,4.9
2026-02-06 03:00:00,2026,2,6,3,Hải Phòng,Xã Kiến Hải,20.7150982,106.7277399,76,Moderate,1,20.2,99,0.0,7.4,148,1012.6,100,23.2,26.9,236.0,11.2,54.0,4.7
2026-02-06 04:00:00,2026,2,6,4,Hải Phòng,Xã Kiến Hải,20.7150982,106.7277399,75,Moderate,1,20.2,99,0.0,7.4,137,1012.6,100,22.2,25.8,237.0,10.9,53.0,4.7
2026-02-06 05:00:00,2026,2,6,5,Hải Phòng,Xã Kiến Hải,20.7150982,106.7277399,74,Moderate,1,20.4,99,0.0,7.9,131,1012.8,100,21.9,25.4,245.0,11.9,49.0,5.3
2026-02-06 06:00:00,2026,2,6,6,Hải Phòng,Xã Kiến Hải,20.7150982,106.7277399,74,Moderate,1,20.4,99,0.0,8.2,126,1013.1,100,22.8,26.2,257.0,13.6,45.0,6.1
2026-02-06 07:00:00,2026,2,6,7,Hải Phòng,Xã Kiến Hải,20.7150982,106.7277399,73,Moderate,1,20.6,99,0.0,2.3,72,1013.9,100,27.1,30.6,263.0,16.7,39.0,7.6
2026-02-06 08:00:00,2026,2,6,8,Hải Phòng,Xã Kiến Hải,20.7150982,106.7277399,72,Moderate,1,21.0,98,0.0,4.5,85,1014.5,100,25.0,30.0,256.0,16.0,46.0,7.8
2026-02-06 09:00:00,2026,2,6,9,Hải Phòng,Xã Kiến Hải,20.7150982,106.7277399,71,Moderate,1,21.6,95,0.1,7.2,86,1015.1,100,22.2,26.8,243.0,15.0,56.0,8.0
2026-02-06 10:00:00,2026,2,6,10,Hải Phòng,Xã Kiến Hải,20.7150982,106.7277399,70,Moderate,1,22.4,92,0.2,9.1,105,1015.3,100,19.7,24.3,232.0,13.8,64.0,7.9
2026-02-06 11:00:00,2026,2,6,11,Hải Phòng,Xã Kiến Hải,20.7150982,106.7277399,69,Moderate,1,22.9,90,0.1,12.3,117,1015.0,100,16.5,20.8,227.0,12.5,70.0,7.2
2026-02-06 12:00:00,2026,2,6,12,Hải Phòng,Xã Kiến Hải,20.7150982,106.7277399,68,Moderate,1,22.5,89,0.1,14.0,112,1014.4,100,14.8,19.0,225.0,11.1,74.0,6.1
2026-02-06 13:00:00,2026,2,6,13,Hải Phòng,Xã Kiến Hải,20.7150982,106.7277399,68,Moderate,1,22.4,89,0.2,15.4,117,1013.5,100,14.0,18.1,227.0,9.8,78.0,5.3
2026-02-06 14:00:00,2026,2,6,14,Hải Phòng,Xã Kiến Hải,20.7150982,106.7277399,67,Moderate,1,21.9,92,0.1,13.9,123,1012.8,100,13.5,17.5,234.0,8.3,83.0,4.8
2026-02-06 15:00:00,2026,2,6,15,Hải Phòng,Xã Kiến Hải,20.7150982,106.7277399,67,Moderate,1,22.0,90,0.0,14.5,121,1012.2,30,13.8,17.8,245.0,6.9,89.0,4.5
2026-02-06 16:00:00,2026,2,6,16,Hải Phòng,Xã Kiến Hải,20.7150982,106.7277399,67,Moderate,1,22.2,88,0.0,16.5,125,1012.2,43,13.8,17.7,255.0,6.6,91.0,4.6
2026-02-06 17:00:00,2026,2,6,17,Hải Phòng,Xã Kiến Hải,20.7150982,106.7277399,67,Moderate,1,21.2,92,0.0,13.7,113,1012.5,95,14.6,18.4,261.0,8.2,89.0,5.2
2026-02-06 18:00:00,2026,2,6,18,Hải Phòng,Xã Kiến Hải,20.7150982,106.7277399,67,Moderate,1,20.5,95,0.0,12.4,100,1013.2,48,17.9,21.1,266.0,10.9,83.0,6.2
2026-02-06 19:00:00,2026,2,6,19,Hải Phòng,Xã Kiến Hải,20.7150982,106.7277399,67,Moderate,1,20.3,98,0.0,13.5,98,1013.6,77,21.8,25.3,278.0,13.4,69.0,7.0
2026-02-06 20:00:00,2026,2,6,20,Hải Phòng,Xã Kiến Hải,20.7150982,106.7277399,67,Moderate,1,20.3,97,0.0,11.7,103,1014.3,5,22.5,25.8,304.0,13.4,68.0,7.1
2026-02-06 21:00:00,2026,2,6,21,Hải Phòng,Xã Kiến Hải,20.7150982,106.7277399,68,Moderate,1,20.0,97,0.0,10.1,87,1014.8,15,23.1,26.3,337.0,13.5,66.0,7.2
2026-02-06 22:00:00,2026,2,6,22,Hải Phòng,Xã Kiến Hải,20.7150982,106.7277399,68,Moderate,1,19.8,97,0.0,9.3,74,1015.0,28,24.2,27.4,362.0,13.8,63.0,7.2
2026-02-06 23:00:00,2026,2,6,23,Hải Phòng,Xã Kiến Hải,20.7150982,106.7277399,68,Moderate,1,19.5,97,0.0,5.3,82,1015.1,21,27.2,30.3,370.0,14.4,59.0,7.0
2026-02-07 00:00:00,2026,2,7,0,Hải Phòng,Xã Kiến Hải,20.7150982,106.7277399,69,Moderate,1,19.0,97,0.0,2.1,110,1015.1,15,33.1,35.9,370.0,15.2,55.0,6.6
2026-02-07 01:00:00,2026,2,7,1,Hải Phòng,Xã Kiến Hải,20.7150982,106.7277399,69,Moderate,1,19.9,99,0.0,7.1,124,1014.5,97,41.9,44.4,373.0,15.9,49.0,5.8
2026-02-07 02:00:00,2026,2,7,2,Hải Phòng,Xã Kiến Hải,20.7150982,106.7277399,71,Moderate,1,19.7,99,0.0,6.3,110,1014.3,100,52.4,54.7,384.0,16.7,41.0,4.1
2026-02-07 03:00:00,2026,2,7,3,Hải Phòng,Xã Kiến Hải,20.7150982,106.7277399,73,Moderate,1,19.5,99,0.0,7.0,93,1014.4,100,62.4,64.0,399.0,17.4,32.0,2.0
2026-02-07 04:00:00,2026,2,7,4,Hải Phòng,Xã Kiến Hải,20.7150982,106.7277399,77,Moderate,1,19.6,99,0.0,11.0,87,1014.5,100,64.3,65.9,416.0,17.8,27.0,1.1
2026-02-07 05:00:00,2026,2,7,5,Hải Phòng,Xã Kiến Hải,20.7150982,106.7277399,80,Moderate,1,19.5,98,0.0,13.0,94,1014.9,100,53.8,55.1,437.0,17.9,29.0,2.3
2026-02-07 06:00:00,2026,2,7,6,Hải Phòng,Xã Kiến Hải,20.7150982,106.7277399,83,Moderate,1,19.3,99,0.0,12.6,92,1015.7,100,43.3,44.4,460.0,17.7,35.0,4.7
2026-02-07 07:00:00,2026,2,7,7,Hải Phòng,Xã Kiến Hải,20.7150982,106.7277399,85,Moderate,1,19.6,98,0.0,13.2,84,1016.2,100,33.1,34.7,480.0,16.8,47.0,6.6
2026-02-07 08:00:00,2026,2,7,8,Hải Phòng,Xã Kiến Hải,20.7150982,106.7277399,86,Moderate,1,20.1,96,0.0,15.6,84,1017.2,99,27.9,29.3,500.0,15.2,52.0,8.1
2026-02-07 09:00:00,2026,2,7,9,Hải Phòng,Xã Kiến Hải,20.7150982,106.7277399,86,Moderate,1,21.0,89,0.0,17.3,85,1017.9,96,25.8,27.0,518.0,12.9,59.0,10.1
2026-02-07 10:00:00,2026,2,7,10,Hải Phòng,Xã Kiến Hải,20.7150982,106.7277399,86,Moderate,1,21.8,80,0.0,17.1,86,1018.3,40,31.0,31.8,521.0,10.7,69.0,11.4
2026-02-07 11:00:00,2026,2,7,11,Hải Phòng,Xã Kiến Hải,20.7150982,106.7277399,87,Moderate,1,22.7,73,0.0,16.8,84,1017.8,32,32.6,33.4,493.0,8.7,85.0,11.3
2026-02-07 12:00:00,2026,2,7,12,Hải Phòng,Xã Kiến Hải,20.7150982,106.7277399,89,Moderate,1,23.4,68,0.0,18.0,94,1016.9,20,31.7,32.5,451.0,6.8,105.0,10.4
2026-02-07 13:00:00,2026,2,7,13,Hải Phòng,Xã Kiến Hải,20.7150982,106.7277399,90,Moderate,1,23.1,69,0.0,17.9,100,1016.0,13,32.4,33.2,430.0,5.7,120.0,9.8
2026-02-07 14:00:00,2026,2,7,14,Hải Phòng,Xã Kiến Hải,20.7150982,106.7277399,92,Moderate,1,23.0,70,0.0,19.0,103,1015.1,3,34.6,35.5,456.0,5.7,127.0,9.7
2026-02-07 15:00:00,2026,2,7,15,Hải Phòng,Xã Kiến Hải,20.7150982,106.7277399,94,Moderate,1,22.4,72,0.0,20.2,103,1014.4,2,36.3,37.3,504.0,6.5,129.0,9.9
2026-02-07 16:00:00,2026,2,7,16,Hải Phòng,Xã Kiến Hải,20.7150982,106.7277399,96,Moderate,1,21.7,75,0.0,19.1,99,1014.5,8,39.3,40.4,534.0,7.4,129.0,10.1
2026-02-07 17:00:00,2026,2,7,17,Hải Phòng,Xã Kiến Hải,20.7150982,106.7277399,98,Moderate,1,20.6,81,0.0,19.3,95,1014.6,4,44.1,45.1,528.0,8.5,128.0,10.4
2026-02-07 18:00:00,2026,2,7,18,Hải Phòng,Xã Kiến Hải,20.7150982,106.7277399,100,Moderate,1,19.9,86,0.0,16.2,91,1015.2,9,49.6,50.3,504.0,9.7,126.0,10.7
2026-02-07 19:00:00,2026,2,7,19,Hải Phòng,Xã Kiến Hải,20.7150982,106.7277399,104,Unhealthy for Sensitive Groups,2,20.0,87,0.0,17.3,92,1015.7,32,54.9,55.9,484.0,11.2,118.0,10.3
2026-02-07 20:00:00,2026,2,7,20,Hải Phòng,Xã Kiến Hải,20.7150982,106.7277399,107,Unhealthy for Sensitive Groups,2,20.1,87,0.0,15.1,89,1016.8,15,54.5,55.4,465.0,10.3,117.0,9.7
2026-02-07 21:00:00,2026,2,7,21,Hải Phòng,Xã Kiến Hải,20.7150982,106.7277399,111,Unhealthy for Sensitive Groups,2,20.0,86,0.0,14.9,91,1017.3,19,51.9,52.9,449.0,9.0,116.0,9.0
2026-02-07 22:00:00,2026,2,7,22,Hải Phòng,Xã Kiến Hải,20.7150982,106.7277399,114,Unhealthy for Sensitive Groups,2,20.2,84,0.0,16.2,87,1017.3,33,47.7,48.4,464.0,8.1,113.0,8.7
2026-02-07 23:00:00,2026,2,7,23,Hải Phòng,Xã Kiến Hải,20.7150982,106.7277399,116,Unhealthy for Sensitive Groups,2,20.6,79,0.0,20.3,83,1017.4,100,43.8,44.5,537.0,7.7,109.0,9.1
2026-02-08 00:00:00,2026,2,8,0,Hải Phòng,Xã Kiến Hải,20.7150982,106.7277399,118,Unhealthy for Sensitive Groups,2,20.5,71,0.0,26.6,72,1018.0,100,44.4,45.1,640.0,7.7,104.0,9.9
2026-02-08 01:00:00,2026,2,8,1,Hải Phòng,Xã Kiến Hải,20.7150982,106.7277399,119,Unhealthy for Sensitive Groups,2,20.3,71,0.0,27.2,69,1018.0,100,47.0,47.6,719.0,7.7,97.0,10.9
2026-02-08 02:00:00,2026,2,8,2,Hải Phòng,Xã Kiến Hải,20.7150982,106.7277399,119,Unhealthy for Sensitive Groups,2,20.0,72,0.0,27.6,70,1017.8,100,48.9,49.2,747.0,7.7,86.0,12.2
2026-02-08 03:00:00,2026,2,8,3,Hải Phòng,Xã Kiến Hải,20.7150982,106.7277399,119,Unhealthy for Sensitive Groups,2,19.9,72,0.0,26.9,70,1017.9,100,47.4,47.7,751.0,7.9,73.0,13.7
2026-02-08 04:00:00,2026,2,8,4,Hải Phòng,Xã Kiến Hải,20.7150982,106.7277399,118,Unhealthy for Sensitive Groups,2,19.6,73,0.0,26.7,69,1018.0,100,43.8,44.0,753.0,8.4,62.0,15.4
2026-02-08 05:00:00,2026,2,8,5,Hải Phòng,Xã Kiến Hải,20.7150982,106.7277399,115,Unhealthy for Sensitive Groups,2,19.2,73,0.0,28.4,67,1018.6,100,38.3,38.5,761.0,9.7,53.0,17.6
2026-02-08 06:00:00,2026,2,8,6,Hải Phòng,Xã Kiến Hải,20.7150982,106.7277399,114,Unhealthy for Sensitive Groups,2,18.4,74,0.0,29.5,62,1019.8,100,34.2,34.5,767.0,11.3,45.0,20.0
2026-02-08 07:00:00,2026,2,8,7,Hải Phòng,Xã Kiến Hải,20.7150982,106.7277399,113,Unhealthy for Sensitive Groups,2,17.8,83,0.2,27.2,52,1020.5,100,26.2,26.4,766.0,11.7,44.0,20.5
2026-02-08 08:00:00,2026,2,8,8,Hải Phòng,Xã Kiến Hải,20.7150982,106.7277399,112,Unhealthy for Sensitive Groups,2,17.8,82,0.5,28.6,55,1021.4,100,19.4,19.6,757.0,11.8,43.0,20.3
2026-02-08 09:00:00,2026,2,8,9,Hải Phòng,Xã Kiến Hải,20.7150982,106.7277399,111,Unhealthy for Sensitive Groups,2,17.8,84,0.6,24.6,49,1022.6,100,13.9,14.0,742.0,11.9,41.0,20.1
2026-02-08 10:00:00,2026,2,8,10,Hải Phòng,Xã Kiến Hải,20.7150982,106.7277399,110,Unhealthy for Sensitive Groups,2,17.6,82,0.3,22.9,48,1023.4,100,14.0,14.2,724.0,12.0,41.0,19.9
2026-02-08 11:00:00,2026,2,8,11,Hải Phòng,Xã Kiến Hải,20.7150982,106.7277399,108,Unhealthy for Sensitive Groups,2,17.7,72,0.3,22.9,50,1023.1,100,11.7,11.7,701.0,12.0,44.0,19.8
2026-02-08 12:00:00,2026,2,8,12,Hải Phòng,Xã Kiến Hải,20.7150982,106.7277399,106,Unhealthy for Sensitive Groups,2,17.6,70,0.3,20.2,45,1022.6,100,13.8,13.9,676.0,11.9,47.0,19.8
2026-02-08 13:00:00,2026,2,8,13,Hải Phòng,Xã Kiến Hải,20.7150982,106.7277399,104,Unhealthy for Sensitive Groups,2,17.5,69,0.2,21.0,44,1022.0,100,16.1,16.2,653.0,12.4,50.0,20.2
2026-02-08 14:00:00,2026,2,8,14,Hải Phòng,Xã Kiến Hải,20.7150982,106.7277399,102,Unhealthy for Sensitive Groups,2,17.2,75,0.5,17.7,35,1021.4,100,36.8,37.7,635.0,13.7,50.0,21.2
2026-02-08 15:00:00,2026,2,8,15,Hải Phòng,Xã Kiến Hải,20.7150982,106.7277399,103,Unhealthy for Sensitive Groups,2,17.0,74,0.4,14.6,21,1021.1,100,34.3,35.2,619.0,15.5,49.0,22.6
2026-02-08 16:00:00,2026,2,8,16,Hải Phòng,Xã Kiến Hải,20.7150982,106.7277399,102,Unhealthy for Sensitive Groups,2,16.3,79,0.4,12.1,7,1021.3,100,34.6,35.3,609.0,17.1,47.0,23.7
2026-02-08 17:00:00,2026,2,8,17,Hải Phòng,Xã Kiến Hải,20.7150982,106.7277399,102,Unhealthy for Sensitive Groups,2,15.4,78,0.2,13.6,5,1021.7,100,33.5,34.1,606.0,18.5,45.0,24.3
2026-02-08 18:00:00,2026,2,8,18,Hải Phòng,Xã Kiến Hải,20.7150982,106.7277399,101,Unhealthy for Sensitive Groups,2,15.1,71,0.0,14.3,11,1021.8,100,28.7,29.0,608.0,19.8,42.0,24.7
2026-02-08 19:00:00,2026,2,8,19,Hải Phòng,Xã Kiến Hải,20.7150982,106.7277399,99,Moderate,1,14.4,77,0.0,13.9,6,1022.5,100,21.7,21.7,614.0,16.3,41.0,18.0
2026-02-08 20:00:00,2026,2,8,20,Hải Phòng,Xã Kiến Hải,20.7150982,106.7277399,96,Moderate,1,13.4,92,0.9,14.1,14,1023.2,100,20.4,20.4,628.0,15.8,42.0,18.1
2026-02-08 21:00:00,2026,2,8,21,Hải Phòng,Xã Kiến Hải,20.7150982,106.7277399,93,Moderate,1,13.4,90,0.6,14.4,22,1022.9,100,22.9,23.1,645.0,15.1,44.0,18.3
2026-02-08 22:00:00,2026,2,8,22,Hải Phòng,Xã Kiến Hải,20.7150982,106.7277399,90,Moderate,1,13.8,86,0.0,11.4,5,1023.0,100,24.4,24.7,648.0,14.6,45.0,18.4
2026-02-08 23:00:00,2026,2,8,23,Hải Phòng,Xã Kiến Hải,20.7150982,106.7277399,88,Moderate,1,13.4,83,0.1,12.0,344,1023.1,100,24.2,24.5,623.0,14.4,45.0,18.4
2026-02-09 00:00:00,2026,2,9,0,Hải Phòng,Xã Kiến Hải,20.7150982,106.7277399,87,Moderate,1,12.8,92,0.7,11.9,349,1022.6,100,23.5,23.8,584.0,14.4,44.0,18.4
2026-02-09 01:00:00,2026,2,9,1,Hải Phòng,Xã Kiến Hải,20.7150982,106.7277399,85,Moderate,1,13.5,88,0.2,12.4,8,1021.7,100,23.7,24.2,553.0,14.4,43.0,18.3
2026-02-09 02:00:00,2026,2,9,2,Hải Phòng,Xã Kiến Hải,20.7150982,106.7277399,83,Moderate,1,13.8,87,0.0,11.0,359,1021.3,100,25.8,26.4,538.0,14.4,42.0,18.2
2026-02-09 03:00:00,2026,2,9,3,Hải Phòng,Xã Kiến Hải,20.7150982,106.7277399,81,Moderate,1,13.2,94,0.3,9.2,349,1020.8,100,26.5,27.2,531.0,14.4,41.0,18.2
2026-02-09 04:00:00,2026,2,9,4,Hải Phòng,Xã Kiến Hải,20.7150982,106.7277399,79,Moderate,1,12.9,94,0.2,10.5,333,1020.6,100,29.7,30.6,535.0,14.5,40.0,18.2
2026-02-09 05:00:00,2026,2,9,5,Hải Phòng,Xã Kiến Hải,20.7150982,106.7277399,78,Moderate,1,12.9,94,0.2,10.0,354,1020.3,100,30.9,31.8,555.0,14.9,38.0,18.4
2026-02-09 06:00:00,2026,2,9,6,Hải Phòng,Xã Kiến Hải,20.7150982,106.7277399,77,Moderate,1,13.2,91,0.1,11.7,350,1020.9,100,34.6,35.7,585.0,15.4,36.0,18.6
2026-02-09 07:00:00,2026,2,9,7,Hải Phòng,Xã Kiến Hải,20.7150982,106.7277399,77,Moderate,1,13.5,83,0.1,12.4,341,1021.5,100,30.4,31.2,608.0,14.3,42.0,18.9
2026-02-09 08:00:00,2026,2,9,8,Hải Phòng,Xã Kiến Hải,20.7150982,106.7277399,77,Moderate,1,14.3,79,0.0,10.3,3,1021.8,100,31.8,32.8,622.0,14.2,44.0,19.8
2026-02-09 09:00:00,2026,2,9,9,Hải Phòng,Xã Kiến Hải,20.7150982,106.7277399,78,Moderate,1,15.1,76,0.0,10.6,2,1022.7,100,39.5,41.1,629.0,14.0,47.0,21.0
2026-02-09 10:00:00,2026,2,9,10,Hải Phòng,Xã Kiến Hải,20.7150982,106.7277399,81,Moderate,1,15.4,78,0.2,10.5,5,1022.7,100,41.9,43.8,620.0,14.0,50.0,21.6
2026-02-09 11:00:00,2026,2,9,11,Hải Phòng,Xã Kiến Hải,20.7150982,106.7277399,83,Moderate,1,15.6,77,0.1,9.8,7,1021.6,100,40.5,42.5,584.0,14.3,54.0,21.0
2026-02-09 12:00:00,2026,2,9,12,Hải Phòng,Xã Kiến Hải,20.7150982,106.7277399,86,Moderate,1,16.2,74,0.0,9.0,16,1020.3,100,38.9,40.9,532.0,14.8,58.0,19.7
2026-02-09 13:00:00,2026,2,9,13,Hải Phòng,Xã Kiến Hải,20.7150982,106.7277399,88,Moderate,1,16.4,75,0.0,9.3,32,1019.3,100,39.7,41.8,491.0,15.2,62.0,18.3
2026-02-09 14:00:00,2026,2,9,14,Hải Phòng,Xã Kiến Hải,20.7150982,106.7277399,90,Moderate,1,17.2,73,0.0,7.0,40,1018.4,100,40.4,42.6,470.0,15.3,67.0,16.8
2026-02-09 15:00:00,2026,2,9,15,Hải Phòng,Xã Kiến Hải,20.7150982,106.7277399,90,Moderate,1,17.9,71,0.0,4.1,61,1017.8,100,41.2,43.7,459.0,15.4,72.0,15.2
2026-02-09 16:00:00,2026,2,9,16,Hải Phòng,Xã Kiến Hải,20.7150982,106.7277399,91,Moderate,1,17.8,72,0.0,5.5,67,1017.6,100,43.0,45.4,455.0,16.1,74.0,14.2
2026-02-09 17:00:00,2026,2,9,17,Hải Phòng,Xã Kiến Hải,20.7150982,106.7277399,92,Moderate,1,17.8,72,0.0,5.6,68,1017.4,100,43.8,46.2,458.0,18.0,71.0,14.0
2026-02-09 18:00:00,2026,2,9,18,Hải Phòng,Xã Kiến Hải,20.7150982,106.7277399,93,Moderate,1,17.5,74,0.0,4.8,68,1017.4,100,45.5,47.6,468.0,20.5,64.0,14.4
2026-02-09 19:00:00,2026,2,9,19,Hải Phòng,Xã Kiến Hải,20.7150982,106.7277399,94,Moderate,1,16.5,79,0.0,6.9,67,1018.1,96,42.8,43.9,477.0,20.2,50.0,14.5
2026-02-09 20:00:00,2026,2,9,20,Hải Phòng,Xã Kiến Hải,20.7150982,106.7277399,96,Moderate,1,16.6,80,0.0,4.9,51,1018.8,99,47.5,48.8,484.0,22.2,45.0,15.7
2026-02-09 21:00:00,2026,2,9,21,Hải Phòng,Xã Kiến Hải,20.7150982,106.7277399,98,Moderate,1,16.8,81,0.0,4.6,45,1018.8,100,51.5,52.6,490.0,24.9,37.0,17.2
2026-02-09 22:00:00,2026,2,9,22,Hải Phòng,Xã Kiến Hải,20.7150982,106.7277399,101,Unhealthy for Sensitive Groups,2,16.8,83,0.0,5.6,33,1018.6,100,55.3,56.6,491.0,26.6,33.0,18.1
2026-02-09 23:00:00,2026,2,9,23,Hải Phòng,Xã Kiến Hải,20.7150982,106.7277399,104,Unhealthy for Sensitive Groups,2,17.0,83,0.0,6.0,37,1018.4,100,57.6,59.0,486.0,26.3,34.0,17.7
2026-02-10 00:00:00,2026,2,10,0,Hải Phòng,Xã Kiến Hải,20.7150982,106.7277399,108,Unhealthy for Sensitive Groups,2,17.0,84,0.1,5.2,31,1018.1,100,59.5,61.5,477.0,24.9,38.0,16.6
2026-02-10 01:00:00,2026,2,10,1,Hải Phòng,Xã Kiến Hải,20.7150982,106.7277399,111,Unhealthy for Sensitive Groups,2,16.4,86,0.1,4.5,2,1018.0,100,59.1,60.8,464.0,24.0,41.0,15.7
2026-02-10 02:00:00,2026,2,10,2,Hải Phòng,Xã Kiến Hải,20.7150982,106.7277399,115,Unhealthy for Sensitive Groups,2,16.6,86,0.0,4.9,356,1017.5,100,58.0,59.5,442.0,24.0,41.0,15.4
2026-02-10 03:00:00,2026,2,10,3,Hải Phòng,Xã Kiến Hải,20.7150982,106.7277399,118,Unhealthy for Sensitive Groups,2,16.6,87,0.0,5.4,346,1016.9,100,57.2,58.7,417.0,24.3,39.0,15.3
2026-02-10 04:00:00,2026,2,10,4,Hải Phòng,Xã Kiến Hải,20.7150982,106.7277399,122,Unhealthy for Sensitive Groups,2,16.6,88,0.1,5.8,340,1016.9,100,56.3,57.7,402.0,24.9,36.0,15.5
2026-02-10 05:00:00,2026,2,10,5,Hải Phòng,Xã Kiến Hải,20.7150982,106.7277399,124,Unhealthy for Sensitive Groups,2,16.5,88,0.1,6.8,335,1017.2,100,55.5,56.9,406.0,25.9,31.0,16.2
2026-02-10 06:00:00,2026,2,10,6,Hải Phòng,Xã Kiến Hải,20.7150982,106.7277399,127,Unhealthy for Sensitive Groups,2,16.5,87,0.0,6.1,326,1017.7,100,55.4,56.8,421.0,27.2,25.0,17.3
2026-02-10 07:00:00,2026,2,10,7,Hải Phòng,Xã Kiến Hải,20.7150982,106.7277399,129,Unhealthy for Sensitive Groups,2,16.0,93,0.1,7.3,324,1018.7,100,59.8,61.0,436.0,31.7,19.0,20.9
2026-02-10 08:00:00,2026,2,10,8,Hải Phòng,Xã Kiến Hải,20.7150982,106.7277399,132,Unhealthy for Sensitive Groups,2,16.6,92,0.1,7.8,308,1019.3,100,61.0,62.2,453.0,31.1,27.0,23.3
2026-02-10 09:00:00,2026,2,10,9,Hải Phòng,Xã Kiến Hải,20.7150982,106.7277399,135,Unhealthy for Sensitive Groups,2,17.6,88,0.0,7.8,316,1019.7,99,55.6,57.5,470.0,30.4,38.0,26.5
2026-02-10 10:00:00,2026,2,10,10,Hải Phòng,Xã Kiến Hải,20.7150982,106.7277399,137,Unhealthy for Sensitive Groups,2,19.5,80,0.0,6.0,333,1019.7,52,50.3,52.7,472.0,30.0,48.0,28.3
2026-02-10 11:00:00,2026,2,10,11,Hải Phòng,Xã Kiến Hải,20.7150982,106.7277399,138,Unhealthy for Sensitive Groups,2,21.9,73,0.0,2.9,292,1019.1,100,45.9,49.2,448.0,30.3,56.0,27.3
2026-02-10 12:00:00,2026,2,10,12,Hải Phòng,Xã Kiến Hải,20.7150982,106.7277399,138,Unhealthy for Sensitive Groups,2,21.8,72,0.0,0.9,169,1018.1,100,43.0,45.4,409.0,31.0,63.0,24.9
2026-02-10 13:00:00,2026,2,10,13,Hải Phòng,Xã Kiến Hải,20.7150982,106.7277399,139,Unhealthy for Sensitive Groups,2,21.1,77,0.0,6.2,105,1017.1,100,39.1,41.3,377.0,31.9,67.0,23.1
2026-02-10 14:00:00,2026,2,10,14,Hải Phòng,Xã Kiến Hải,20.7150982,106.7277399,139,Unhealthy for Sensitive Groups,2,21.2,78,0.0,8.5,107,1016.3,100,38.6,40.7,358.0,32.8,69.0,22.8
2026-02-10 15:00:00,2026,2,10,15,Hải Phòng,Xã Kiến Hải,20.7150982,106.7277399,139,Unhealthy for Sensitive Groups,2,21.0,79,0.0,10.0,104,1015.9,98,40.6,42.6,346.0,33.8,68.0,23.0
2026-02-10 16:00:00,2026,2,10,16,Hải Phòng,Xã Kiến Hải,20.7150982,106.7277399,139,Unhealthy for Sensitive Groups,2,21.2,78,0.0,9.7,91,1015.9,38,43.9,46.0,340.0,35.8,65.0,23.2
2026-02-10 17:00:00,2026,2,10,17,Hải Phòng,Xã Kiến Hải,20.7150982,106.7277399,139,Unhealthy for Sensitive Groups,2,20.5,83,0.0,9.0,89,1016.1,30,46.0,48.0,343.0,40.0,56.0,23.2
2026-02-10 18:00:00,2026,2,10,18,Hải Phòng,Xã Kiến Hải,20.7150982,106.7277399,139,Unhealthy for Sensitive Groups,2,19.3,91,0.0,8.1,84,1016.7,98,53.8,55.5,352.0,45.0,45.0,23.2
2026-02-10 19:00:00,2026,2,10,19,Hải Phòng,Xã Kiến Hải,20.7150982,106.7277399,140,Unhealthy for Sensitive Groups,2,19.6,90,0.0,8.5,72,1017.4,92,76.1,78.2,359.0,50.9,26.0,32.9
2026-02-10 20:00:00,2026,2,10,20,Hải Phòng,Xã Kiến Hải,20.7150982,106.7277399,143,Unhealthy for Sensitive Groups,2,19.5,93,0.0,9.8,66,1018.0,2,81.5,83.6,362.0,51.2,22.0,31.3
2026-02-10 21:00:00,2026,2,10,21,Hải Phòng,Xã Kiến Hải,20.7150982,106.7277399,147,Unhealthy for Sensitive Groups,2,19.2,95,0.0,9.1,54,1018.7,10,81.5,83.4,363.0,51.4,17.0,28.9
2026-02-10 22:00:00,2026,2,10,22,Hải Phòng,Xã Kiến Hải,20.7150982,106.7277399,150,Unhealthy for Sensitive Groups,2,19.0,96,0.0,7.7,72,1019.2,24,78.2,79.9,356.0,49.3,15.0,25.9
2026-02-10 23:00:00,2026,2,10,23,Hải Phòng,Xã Kiến Hải,20.7150982,106.7277399,150,Unhealthy for Sensitive Groups,2,19.0,96,0.0,10.9,78,1019.1,38,71.7,73.1,334.0,43.3,20.0,21.9
2026-02-11 00:00:00,2026,2,11,0,Hải Phòng,Xã Kiến Hải,20.7150982,106.7277399,151,Unhealthy,3,19.0,96,0.0,13.7,85,1019.4,100,60.3,61.7,304.0,35.0,28.0,17.2
2026-02-11 01:00:00,2026,2,11,1,Hải Phòng,Xã Kiến Hải,20.7150982,106.7277399,151,Unhealthy,3,19.3,96,0.0,14.7,82,1019.6,100,48.5,49.9,287.0,27.2,37.0,12.9
2026-02-11 02:00:00,2026,2,11,2,Hải Phòng,Xã Kiến Hải,20.7150982,106.7277399,151,Unhealthy,3,19.5,95,0.0,14.8,77,1019.2,100,38.8,40.3,294.0,20.4,48.0,9.2
2026-02-11 03:00:00,2026,2,11,3,Hải Phòng,Xã Kiến Hải,20.7150982,106.7277399,150,Unhealthy for Sensitive Groups,2,19.5,94,0.1,14.2,75,1019.0,100,30.9,32.5,313.0,14.1,59.0,5.9
2026-02-11 04:00:00,2026,2,11,4,Hải Phòng,Xã Kiến Hải,20.7150982,106.7277399,148,Unhealthy for Sensitive Groups,2,19.4,95,0.1,14.5,70,1019.1,100,23.9,26.0,329.0,9.8,67.0,4.0
2026-02-11 05:00:00,2026,2,11,5,Hải Phòng,Xã Kiến Hải,20.7150982,106.7277399,145,Unhealthy for Sensitive Groups,2,19.1,94,0.0,14.6,77,1019.2,100,19.8,21.9,339.0,8.7,68.0,4.0
2026-02-11 06:00:00,2026,2,11,6,Hải Phòng,Xã Kiến Hải,20.7150982,106.7277399,141,Unhealthy for Sensitive Groups,2,19.0,92,0.0,14.6,81,1019.9,100,19.4,21.0,347.0,9.6,64.0,5.4
2026-02-11 07:00:00,2026,2,11,7,Hải Phòng,Xã Kiến Hải,20.7150982,106.7277399,137,Unhealthy for Sensitive Groups,2,19.1,90,0.0,16.5,74,1020.8,100,26.5,28.2,347.0,12.0,53.0,6.8
2026-02-11 08:00:00,2026,2,11,8,Hải Phòng,Xã Kiến Hải,20.7150982,106.7277399,134,Unhealthy for Sensitive Groups,2,19.5,87,0.0,15.1,68,1021.4,100,24.4,25.7,336.0,12.5,49.0,8.5
2026-02-11 09:00:00,2026,2,11,9,Hải Phòng,Xã Kiến Hải,20.7150982,106.7277399,130,Unhealthy for Sensitive Groups,2,19.9,83,0.0,15.6,76,1022.4,81,21.8,22.8,317.0,13.1,45.0,10.7
2026-02-11 10:00:00,2026,2,11,10,Hải Phòng,Xã Kiến Hải,20.7150982,106.7277399,126,Unhealthy for Sensitive Groups,2,20.9,76,0.0,17.4,84,1022.8,100,19.2,19.7,300.0,13.1,45.0,12.0
2026-02-11 11:00:00,2026,2,11,11,Hải Phòng,Xã Kiến Hải,20.7150982,106.7277399,123,Unhealthy for Sensitive Groups,2,20.7,75,0.0,16.7,79,1022.0,97,12.9,13.1,287.0,12.0,54.0,11.2
2026-02-11 12:00:00,2026,2,11,12,Hải Phòng,Xã Kiến Hải,20.7150982,106.7277399,120,Unhealthy for Sensitive Groups,2,21.3,71,0.0,16.6,81,1020.5,100,10.1,10.3,275.0,10.3,69.0,9.5
2026-02-11 13:00:00,2026,2,11,13,Hải Phòng,Xã Kiến Hải,20.7150982,106.7277399,116,Unhealthy for Sensitive Groups,2,20.8,74,0.0,16.5,84,1019.7,100,8.9,9.1,268.0,9.1,81.0,8.2
2026-02-11 14:00:00,2026,2,11,14,Hải Phòng,Xã Kiến Hải,20.7150982,106.7277399,113,Unhealthy for Sensitive Groups,2,20.7,75,0.0,16.9,90,1018.8,100,10.2,10.3,266.0,8.9,89.0,8.1
2026-02-11 15:00:00,2026,2,11,15,Hải Phòng,Xã Kiến Hải,20.7150982,106.7277399,110,Unhealthy for Sensitive Groups,2,20.2,77,0.0,16.4,90,1018.2,100,11.4,11.6,269.0,9.1,95.0,8.6
2026-02-11 16:00:00,2026,2,11,16,Hải Phòng,Xã Kiến Hải,20.7150982,106.7277399,107,Unhealthy for Sensitive Groups,2,20.0,78,0.0,14.8,89,1017.8,100,13.2,13.3,274.0,9.5,99.0,9.0
2026-02-11 17:00:00,2026,2,11,17,Hải Phòng,Xã Kiến Hải,20.7150982,106.7277399,104,Unhealthy for Sensitive Groups,2,19.9,78,0.0,13.0,92,1017.7,100,15.4,15.5,281.0,9.9,100.0,9.2
2026-02-11 18:00:00,2026,2,11,18,Hải Phòng,Xã Kiến Hải,20.7150982,106.7277399,101,Unhealthy for Sensitive Groups,2,19.4,81,0.0,11.0,95,1018.0,100,17.6,17.7,291.0,10.5,99.0,9.5
2026-02-11 19:00:00,2026,2,11,19,Hải Phòng,Xã Kiến Hải,20.7150982,106.7277399,97,Moderate,1,19.2,85,0.0,9.1,80,1018.3,100,23.4,23.4,299.0,15.0,62.0,10.2
2026-02-11 20:00:00,2026,2,11,20,Hải Phòng,Xã Kiến Hải,20.7150982,106.7277399,93,Moderate,1,19.2,85,0.0,12.3,80,1018.3,95,25.4,25.5,304.0,14.8,60.0,10.1
2026-02-11 21:00:00,2026,2,11,21,Hải Phòng,Xã Kiến Hải,20.7150982,106.7277399,88,Moderate,1,19.0,85,0.0,11.7,86,1018.7,100,27.0,27.1,307.0,14.6,57.0,9.8
2026-02-11 22:00:00,2026,2,11,22,Hải Phòng,Xã Kiến Hải,20.7150982,106.7277399,83,Moderate,1,18.9,87,0.0,13.7,88,1018.6,100,29.3,29.7,312.0,14.2,55.0,9.5
2026-02-11 23:00:00,2026,2,11,23,Hải Phòng,Xã Kiến Hải,20.7150982,106.7277399,79,Moderate,1,18.8,87,0.0,15.5,85,1018.6,100,29.0,29.4,322.0,13.5,53.0,8.9
2026-02-12 00:00:00,2026,2,12,0,Hải Phòng,Xã Kiến Hải,20.7150982,106.7277399,75,Moderate,1,18.6,88,0.0,14.2,74,1018.7,100,27.7,28.0,333.0,12.7,52.0,8.2
2026-02-12 01:00:00,2026,2,12,1,Hải Phòng,Xã Kiến Hải,20.7150982,106.7277399,72,Moderate,1,18.8,89,0.1,11.1,74,1018.4,100,27.0,27.2,341.0,12.1,51.0,7.7
2026-02-12 02:00:00,2026,2,12,2,Hải Phòng,Xã Kiến Hải,20.7150982,106.7277399,70,Moderate,1,18.7,88,0.1,10.7,74,1017.9,100,26.6,27.0,341.0,11.7,50.0,7.5
2026-02-12 03:00:00,2026,2,12,3,Hải Phòng,Xã Kiến Hải,20.7150982,106.7277399,69,Moderate,1,18.6,87,0.0,9.9,63,1017.3,100,26.5,26.8,337.0,11.5,49.0,7.5
2026-02-12 04:00:00,2026,2,12,4,Hải Phòng,Xã Kiến Hải,20.7150982,106.7277399,68,Moderate,1,18.6,85,0.0,12.3,59,1017.2,100,26.5,27.0,341.0,11.6,48.0,7.7
2026-02-12 05:00:00,2026,2,12,5,Hải Phòng,Xã Kiến Hải,20.7150982,106.7277399,69,Moderate,1,18.6,84,0.0,12.8,71,1017.0,93,27.0,27.4,360.0,12.2,46.0,8.1
2026-02-12 06:00:00,2026,2,12,6,Hải Phòng,Xã Kiến Hải,20.7150982,106.7277399,69,Moderate,1,18.5,86,0.0,11.5,80,1017.7,92,27.7,28.1,385.0,13.2,44.0,8.7
2026-02-12 07:00:00,2026,2,12,7,Hải Phòng,Xã Kiến Hải,20.7150982,106.7277399,70,Moderate,1,18.4,87,0.0,10.7,77,1018.7,100,29.5,29.9,404.0,12.8,47.0,9.0
2026-02-12 08:00:00,2026,2,12,8,Hải Phòng,Xã Kiến Hải,20.7150982,106.7277399,70,Moderate,1,19.2,83,0.0,12.7,83,1019.3,88,31.1,31.8,410.0,12.3,50.0,9.8
2026-02-12 09:00:00,2026,2,12,9,Hải Phòng,Xã Kiến Hải,20.7150982,106.7277399,71,Moderate,1,20.3,80,0.0,15.8,91,1019.6,79,33.9,35.2,409.0,11.6,55.0,10.8
2026-02-12 10:00:00,2026,2,12,10,Hải Phòng,Xã Kiến Hải,20.7150982,106.7277399,72,Moderate,1,21.1,78,0.0,15.4,96,1020.2,66,34.7,36.1,403.0,10.7,62.0,11.1
2026-02-12 11:00:00,2026,2,12,11,Hải Phòng,Xã Kiến Hải,20.7150982,106.7277399,73,Moderate,1,21.4,78,0.0,14.8,103,1019.3,95,32.7,34.3,393.0,9.6,73.0,10.1
2026-02-12 12:00:00,2026,2,12,12,Hải Phòng,Xã Kiến Hải,20.7150982,106.7277399,75,Moderate,1,21.9,78,0.0,14.0,116,1018.1,100,28.6,30.5,378.0,8.4,85.0,8.3
2026-02-12 13:00:00,2026,2,12,13,Hải Phòng,Xã Kiến Hải,20.7150982,106.7277399,77,Moderate,1,21.1,80,0.0,14.2,114,1017.3,100,27.3,29.2,364.0,7.6,96.0,6.9
2026-02-12 14:00:00,2026,2,12,14,Hải Phòng,Xã Kiến Hải,20.7150982,106.7277399,78,Moderate,1,21.1,81,0.0,13.0,101,1016.5,100,26.4,28.6,352.0,7.1,104.0,6.0
2026-02-12 15:00:00,2026,2,12,15,Hải Phòng,Xã Kiến Hải,20.7150982,106.7277399,80,Moderate,1,21.2,82,0.0,12.5,108,1015.7,100,23.8,26.1,340.0,7.0,109.0,5.4
2026-02-12 16:00:00,2026,2,12,16,Hải Phòng,Xã Kiến Hải,20.7150982,106.7277399,81,Moderate,1,20.6,85,0.0,11.3,104,1015.3,100,21.7,24.2,331.0,7.5,111.0,5.3
2026-02-12 17:00:00,2026,2,12,17,Hải Phòng,Xã Kiến Hải,20.7150982,106.7277399,82,Moderate,1,20.5,86,0.0,9.9,93,1015.2,100,21.3,24.0,327.0,9.1,107.0,5.9
2026-02-12 18:00:00,2026,2,12,18,Hải Phòng,Xã Kiến Hải,20.7150982,106.7277399,82,Moderate,1,20.1,89,0.0,9.7,88,1015.5,59,23.1,26.0,326.0,11.3,100.0,6.9
2026-02-12 19:00:00,2026,2,12,19,Hải Phòng,Xã Kiến Hải,20.7150982,106.7277399,83,Moderate,1,19.6,93,0.0,11.2,80,1015.8,4,26.6,28.3,321.0,15.4,74.0,7.7
2026-02-12 20:00:00,2026,2,12,20,Hải Phòng,Xã Kiến Hải,20.7150982,106.7277399,83,Moderate,1,19.2,95,0.0,12.3,84,1016.1,20,27.6,29.3,310.0,15.2,72.0,7.7
2026-02-12 21:00:00,2026,2,12,21,Hải Phòng,Xã Kiến Hải,20.7150982,106.7277399,83,Moderate,1,19.2,96,0.0,12.4,92,1016.2,29,27.7,29.5,295.0,14.8,70.0,7.6
2026-02-12 22:00:00,2026,2,12,22,Hải Phòng,Xã Kiến Hải,20.7150982,106.7277399,83,Moderate,1,19.3,96,0.0,11.7,99,1016.2,100,27.8,29.8,280.0,14.1,68.0,7.3
2026-02-12 23:00:00,2026,2,12,23,Hải Phòng,Xã Kiến Hải,20.7150982,106.7277399,83,Moderate,1,19.7,95,0.0,11.3,99,1016.2,100,28.0,30.0,263.0,12.9,68.0,6.4
2026-02-13 00:00:00,2026,2,13,0,Hải Phòng,Xã Kiến Hải,20.7150982,106.7277399,83,Moderate,1,19.9,95,0.0,12.0,104,1015.7,100,28.9,30.6,245.0,11.4,68.0,5.3
2026-02-13 01:00:00,2026,2,13,1,Hải Phòng,Xã Kiến Hải,20.7150982,106.7277399,83,Moderate,1,19.9,96,0.0,13.1,97,1015.2,96,28.9,30.6,233.0,10.2,69.0,4.5
2026-02-13 02:00:00,2026,2,13,2,Hải Phòng,Xã Kiến Hải,20.7150982,106.7277399,83,Moderate,1,19.8,97,0.0,13.1,89,1014.9,100,28.1,29.8,227.0,9.4,70.0,4.3
2026-02-13 03:00:00,2026,2,13,3,Hải Phòng,Xã Kiến Hải,20.7150982,106.7277399,83,Moderate,1,19.6,97,0.1,13.2,88,1014.6,59,26.9,28.6,227.0,9.0,71.0,4.4
2026-02-13 04:00:00,2026,2,13,4,Hải Phòng,Xã Kiến Hải,20.7150982,106.7277399,83,Moderate,1,19.5,97,0.2,13.1,89,1014.7,100,25.1,26.9,234.0,8.9,71.0,4.7
2026-02-13 05:00:00,2026,2,13,5,Hải Phòng,Xã Kiến Hải,20.7150982,106.7277399,83,Moderate,1,19.6,97,0.1,13.1,88,1014.8,100,22.9,24.7,254.0,9.6,70.0,5.2
2026-02-13 06:00:00,2026,2,13,6,Hải Phòng,Xã Kiến Hải,20.7150982,106.7277399,83,Moderate,1,19.8,96,0.0,14.2,90,1015.5,100,20.7,22.9,281.0,10.6,70.0,5.8
2026-02-13 07:00:00,2026,2,13,7,Hải Phòng,Xã Kiến Hải,20.7150982,106.7277399,82,Moderate,1,19.6,95,0.0,13.0,84,1016.1,100,21.9,24.3,301.0,11.4,67.0,6.3
2026-02-13 08:00:00,2026,2,13,8,Hải Phòng,Xã Kiến Hải,20.7150982,106.7277399,82,Moderate,1,19.7,97,0.3,13.0,89,1016.6,100,18.9,21.9,311.0,11.3,71.0,6.3
2026-02-13 09:00:00,2026,2,13,9,Hải Phòng,Xã Kiến Hải,20.7150982,106.7277399,81,Moderate,1,20.5,91,0.1,11.9,84,1017.3,100,16.5,20.1,315.0,11.0,76.0,6.3
2026-02-13 10:00:00,2026,2,13,10,Hải Phòng,Xã Kiến Hải,20.7150982,106.7277399,79,Moderate,1,21.5,88,0.0,8.0,82,1017.7,91,16.8,20.8,310.0,10.5,81.0,6.1
2026-02-13 11:00:00,2026,2,13,11,Hải Phòng,Xã Kiến Hải,20.7150982,106.7277399,78,Moderate,1,23.1,80,0.1,9.6,127,1017.0,48,17.1,21.8,290.0,9.4,87.0,5.7
2026-02-13 12:00:00,2026,2,13,12,Hải Phòng,Xã Kiến Hải,20.7150982,106.7277399,76,Moderate,1,23.4,80,0.0,11.8,129,1015.9,48,17.3,22.6,262.0,7.9,93.0,5.1
2026-02-13 13:00:00,2026,2,13,13,Hải Phòng,Xã Kiến Hải,20.7150982,106.7277399,75,Moderate,1,22.2,85,0.0,12.6,138,1015.3,84,17.5,23.0,242.0,6.9,98.0,4.7
2026-02-13 14:00:00,2026,2,13,14,Hải Phòng,Xã Kiến Hải,20.7150982,106.7277399,74,Moderate,1,22.1,85,0.0,14.6,134,1014.5,29,16.6,22.0,237.0,6.6,101.0,4.5
2026-02-13 15:00:00,2026,2,13,15,Hải Phòng,Xã Kiến Hải,20.7150982,106.7277399,73,Moderate,1,22.5,84,0.0,14.9,136,1013.7,6,16.5,21.5,241.0,6.6,103.0,4.4
2026-02-13 16:00:00,2026,2,13,16,Hải Phòng,Xã Kiến Hải,20.7150982,106.7277399,73,Moderate,1,22.0,86,0.0,13.8,131,1013.5,5,16.1,21.0,248.0,7.1,102.0,4.4
2026-02-13 17:00:00,2026,2,13,17,Hải Phòng,Xã Kiến Hải,20.7150982,106.7277399,72,Moderate,1,21.1,90,0.0,13.0,125,1013.6,5,17.2,21.7,261.0,8.2,99.0,4.5
2026-02-13 18:00:00,2026,2,13,18,Hải Phòng,Xã Kiến Hải,20.7150982,106.7277399,72,Moderate,1,20.0,94,0.0,11.3,123,1014.1,6,21.6,24.2,277.0,9.6,93.0,4.6
2026-02-13 19:00:00,2026,2,13,19,Hải Phòng,Xã Kiến Hải,20.7150982,106.7277399,72,Moderate,1,20.2,95,0.0,13.7,123,1014.5,5,27.2,30.0,288.0,12.5,79.0,5.9
2026-02-13 20:00:00,2026,2,13,20,Hải Phòng,Xã Kiến Hải,20.7150982,106.7277399,72,Moderate,1,20.5,93,0.0,14.3,124,1015.2,54,39.3,41.2,290.0,12.8,71.0,4.5
2026-02-13 21:00:00,2026,2,13,21,Hải Phòng,Xã Kiến Hải,20.7150982,106.7277399,73,Moderate,1,20.5,93,0.0,13.7,124,1015.7,54,48.2,49.7,286.0,13.2,60.0,2.6
2026-02-13 22:00:00,2026,2,13,22,Hải Phòng,Xã Kiến Hải,20.7150982,106.7277399,75,Moderate,1,20.0,96,0.0,9.4,121,1016.2,1,54.0,55.5,282.0,13.2,53.0,1.3
2026-02-13 23:00:00,2026,2,13,23,Hải Phòng,Xã Kiến Hải,20.7150982,106.7277399,77,Moderate,1,19.7,96,0.0,8.4,124,1016.2,0,54.1,55.6,277.0,12.5,54.0,1.3
2026-02-14 00:00:00,2026,2,14,0,Hải Phòng,Xã Kiến Hải,20.7150982,106.7277399,79,Moderate,1,19.5,96,0.0,6.7,121,1016.0,1,47.5,49.4,272.0,11.6,59.0,1.9
2026-02-14 01:00:00,2026,2,14,1,Hải Phòng,Xã Kiến Hải,20.7150982,106.7277399,81,Moderate,1,19.6,97,0.0,6.1,109,1015.9,1,46.0,47.7,270.0,10.9,62.0,2.6
2026-02-14 02:00:00,2026,2,14,2,Hải Phòng,Xã Kiến Hải,20.7150982,106.7277399,82,Moderate,1,19.5,98,0.0,6.1,93,1015.3,6,44.2,46.0,270.0,10.9,61.0,3.1
2026-02-14 03:00:00,2026,2,14,3,Hải Phòng,Xã Kiến Hải,20.7150982,106.7277399,84,Moderate,1,19.2,98,0.0,6.5,84,1014.8,10,45.4,46.9,273.0,11.2,58.0,3.6
2026-02-14 04:00:00,2026,2,14,4,Hải Phòng,Xã Kiến Hải,20.7150982,106.7277399,86,Moderate,1,19.0,98,0.0,6.9,83,1014.7,61,43.4,44.8,284.0,11.6,56.0,4.0
2026-02-14 05:00:00,2026,2,14,5,Hải Phòng,Xã Kiến Hải,20.7150982,106.7277399,87,Moderate,1,19.0,98,0.0,7.6,90,1014.7,100,42.0,43.4,314.0,12.2,53.0,4.4
2026-02-14 06:00:00,2026,2,14,6,Hải Phòng,Xã Kiến Hải,20.7150982,106.7277399,89,Moderate,1,18.9,98,0.0,7.2,94,1015.2,98,40.4,41.6,352.0,13.0,50.0,4.8
2026-02-14 07:00:00,2026,2,14,7,Hải Phòng,Xã Kiến Hải,20.7150982,106.7277399,91,Moderate,1,19.0,99,0.0,5.8,54,1016.2,100,44.7,45.5,372.0,13.8,48.0,5.1
2026-02-14 08:00:00,2026,2,14,8,Hải Phòng,Xã Kiến Hải,20.7150982,106.7277399,93,Moderate,1,19.9,96,0.0,4.8,53,1016.6,68,35.7,36.9,357.0,13.5,57.0,5.4
2026-02-14 09:00:00,2026,2,14,9,Hải Phòng,Xã Kiến Hải,20.7150982,106.7277399,94,Moderate,1,21.2,89,0.0,4.7,88,1017.1,100,28.2,29.3,323.0,13.1,70.0,5.8
2026-02-14 10:00:00,2026,2,14,10,Hải Phòng,Xã Kiến Hải,20.7150982,106.7277399,95,Moderate,1,22.1,83,0.0,8.0,118,1016.9,99,24.0,25.5,294.0,12.4,81.0,6.0
2026-02-14 11:00:00,2026,2,14,11,Hải Phòng,Xã Kiến Hải,20.7150982,106.7277399,96,Moderate,1,22.7,80,0.0,9.8,136,1016.5,66,20.1,21.6,276.0,11.2,89.0,5.9
2026-02-14 12:00:00,2026,2,14,12,Hải Phòng,Xã Kiến Hải,20.7150982,106.7277399,96,Moderate,1,22.9,79,0.0,12.3,134,1015.4,38,18.6,20.1,263.0,9.8,96.0,5.5
2026-02-14 13:00:00,2026,2,14,13,Hải Phòng,Xã Kiến Hải,20.7150982,106.7277399,96,Moderate,1,23.0,77,0.0,13.6,131,1014.7,33,17.6,19.2,259.0,8.8,101.0,5.3
2026-02-14 14:00:00,2026,2,14,14,Hải Phòng,Xã Kiến Hải,20.7150982,106.7277399,96,Moderate,1,22.6,79,0.0,14.6,128,1014.0,41,18.1,19.7,270.0,8.4,103.0,5.3
2026-02-14 15:00:00,2026,2,14,15,Hải Phòng,Xã Kiến Hải,20.7150982,106.7277399,96,Moderate,1,22.1,82,0.0,15.2,130,1013.0,20,18.5,20.1,291.0,8.4,102.0,5.3
2026-02-14 16:00:00,2026,2,14,16,Hải Phòng,Xã Kiến Hải,20.7150982,106.7277399,96,Moderate,1,21.8,84,0.0,15.6,126,1012.8,5,19.1,20.5,309.0,8.7,99.0,5.2
2026-02-14 17:00:00,2026,2,14,17,Hải Phòng,Xã Kiến Hải,20.7150982,106.7277399,97,Moderate,1,20.8,90,0.0,15.2,127,1013.1,10,21.2,22.6,322.0,9.5,94.0,4.8
2026-02-14 18:00:00,2026,2,14,18,Hải Phòng,Xã Kiến Hải,20.7150982,106.7277399,97,Moderate,1,19.8,95,0.0,15.3,133,1013.4,2,25.5,26.5,332.0,10.5,87.0,4.3
2026-02-14 19:00:00,2026,2,14,19,Hải Phòng,Xã Kiến Hải,20.7150982,106.7277399,97,Moderate,1,19.8,99,0.0,12.6,132,1014.1,54,28.5,29.9,339.0,10.9,78.0,5.3
2026-02-14 20:00:00,2026,2,14,20,Hải Phòng,Xã Kiến Hải,20.7150982,106.7277399,98,Moderate,1,20.0,98,0.0,10.8,127,1014.5,57,31.3,32.7,343.0,11.0,74.0,5.4
2026-02-14 21:00:00,2026,2,14,21,Hải Phòng,Xã Kiến Hải,20.7150982,106.7277399,97,Moderate,1,19.9,98,0.0,7.1,126,1015.0,12,34.3,35.7,344.0,11.3,68.0,5.5
2026-02-14 22:00:00,2026,2,14,22,Hải Phòng,Xã Kiến Hải,20.7150982,106.7277399,96,Moderate,1,19.9,98,0.0,8.5,128,1015.1,3,36.6,38.1,340.0,11.6,63.0,5.6
2026-02-14 23:00:00,2026,2,14,23,Hải Phòng,Xã Kiến Hải,20.7150982,106.7277399,94,Moderate,1,19.8,97,0.0,8.2,131,1015.0,5,37.7,39.3,328.0,12.2,61.0,5.6
2026-02-15 00:00:00,2026,2,15,0,Hải Phòng,Xã Kiến Hải,20.7150982,106.7277399,93,Moderate,1,19.9,98,0.0,9.3,136,1014.7,100,37.4,39.5,312.0,12.9,60.0,5.5
2026-02-15 01:00:00,2026,2,15,1,Hải Phòng,Xã Kiến Hải,20.7150982,106.7277399,92,Moderate,1,20.2,99,0.0,9.0,137,1014.6,27,39.9,42.4,299.0,13.5,58.0,5.1
2026-02-15 02:00:00,2026,2,15,2,Hải Phòng,Xã Kiến Hải,20.7150982,106.7277399,91,Moderate,1,20.1,99,0.0,6.9,133,1014.0,100,50.3,53.0,291.0,13.8,55.0,3.9
2026-02-15 03:00:00,2026,2,15,3,Hải Phòng,Xã Kiến Hải,20.7150982,106.7277399,92,Moderate,1,20.2,99,0.0,6.0,139,1013.6,100,56.2,59.0,287.0,14.0,51.0,2.5
2026-02-15 04:00:00,2026,2,15,4,Hải Phòng,Xã Kiến Hải,20.7150982,106.7277399,93,Moderate,1,20.2,98,0.0,5.4,132,1013.3,100,61.2,64.0,294.0,14.6,46.0,1.7
2026-02-15 05:00:00,2026,2,15,5,Hải Phòng,Xã Kiến Hải,20.7150982,106.7277399,94,Moderate,1,20.1,99,0.0,5.4,130,1013.4,100,63.3,65.7,325.0,16.2,38.0,2.2
2026-02-15 06:00:00,2026,2,15,6,Hải Phòng,Xã Kiến Hải,20.7150982,106.7277399,96,Moderate,1,20.1,99,0.0,6.4,126,1014.0,100,65.0,66.6,366.0,18.1,30.0,3.5
2026-02-15 07:00:00,2026,2,15,7,Hải Phòng,Xã Kiến Hải,20.7150982,106.7277399,98,Moderate,1,19.5,100,0.0,7.8,109,1014.8,100,67.8,69.4,386.0,18.0,26.0,3.0
2026-02-15 08:00:00,2026,2,15,8,Hải Phòng,Xã Kiến Hải,20.7150982,106.7277399,100,Moderate,1,19.8,98,0.0,9.3,115,1015.4,100,47.3,49.2,363.0,16.2,44.0,4.1
2026-02-15 09:00:00,2026,2,15,9,Hải Phòng,Xã Kiến Hải,20.7150982,106.7277399,102,Unhealthy for Sensitive Groups,2,20.2,97,0.0,9.9,127,1016.1,100,23.4,27.4,318.0,13.7,69.0,5.5
2026-02-15 10:00:00,2026,2,15,10,Hải Phòng,Xã Kiến Hải,20.7150982,106.7277399,101,Unhealthy for Sensitive Groups,2,21.4,91,0.1,10.2,135,1016.3,70,19.8,25.2,281.0,11.4,89.0,6.4
2026-02-15 11:00:00,2026,2,15,11,Hải Phòng,Xã Kiến Hải,20.7150982,106.7277399,101,Unhealthy for Sensitive Groups,2,22.9,81,0.1,10.3,149,1016.1,43,18.4,23.2,261.0,9.6,98.0,6.1
2026-02-15 12:00:00,2026,2,15,12,Hải Phòng,Xã Kiến Hải,20.7150982,106.7277399,101,Unhealthy for Sensitive Groups,2,23.4,78,0.0,11.6,152,1014.8,20,17.9,22.2,248.0,8.1,101.0,5.3
2026-02-15 13:00:00,2026,2,15,13,Hải Phòng,Xã Kiến Hải,20.7150982,106.7277399,100,Moderate,1,23.0,80,0.0,12.5,144,1014.1,36,17.5,21.4,243.0,7.0,102.0,4.6
2026-02-15 14:00:00,2026,2,15,14,Hải Phòng,Xã Kiến Hải,20.7150982,106.7277399,100,Moderate,1,22.4,83,0.0,13.8,123,1013.1,20,17.8,21.4,250.0,6.5,103.0,4.3
2026-02-15 15:00:00,2026,2,15,15,Hải Phòng,Xã Kiến Hải,20.7150982,106.7277399,100,Moderate,1,22.3,83,0.0,13.6,130,1012.4,34,16.9,20.2,264.0,6.6,103.0,4.2
2026-02-15 16:00:00,2026,2,15,16,Hải Phòng,Xã Kiến Hải,20.7150982,106.7277399,100,Moderate,1,21.5,89,0.0,13.5,131,1012.1,20,17.8,21.2,277.0,7.1,101.0,4.2
2026-02-15 17:00:00,2026,2,15,17,Hải Phòng,Xã Kiến Hải,20.7150982,106.7277399,100,Moderate,1,20.6,92,0.0,12.7,126,1012.1,41,18.5,21.4,286.0,8.4,96.0,4.5
2026-02-15 18:00:00,2026,2,15,18,Hải Phòng,Xã Kiến Hải,20.7150982,106.7277399,100,Moderate,1,19.7,96,0.0,11.3,119,1012.4,32,22.1,24.0,293.0,10.2,89.0,5.0
2026-02-15 19:00:00,2026,2,15,19,Hải Phòng,Xã Kiến Hải,20.7150982,106.7277399,100,Moderate,1,20.7,96,0.0,11.6,98,1012.8,100,24.6,26.3,297.0,11.4,78.0,5.9
2026-02-15 20:00:00,2026,2,15,20,Hải Phòng,Xã Kiến Hải,20.7150982,106.7277399,99,Moderate,1,20.6,96,0.0,13.1,99,1013.3,65,30.0,31.7,296.0,11.5,74.0,5.5
2026-02-15 21:00:00,2026,2,15,21,Hải Phòng,Xã Kiến Hải,20.7150982,106.7277399,99,Moderate,1,20.1,98,0.0,11.0,101,1013.6,32,34.1,35.7,291.0,11.7,68.0,4.8
2026-02-15 22:00:00,2026,2,15,22,Hải Phòng,Xã Kiến Hải,20.7150982,106.7277399,99,Moderate,1,20.1,97,0.0,9.8,108,1013.9,34,39.6,41.0,285.0,11.8,63.0,4.3
2026-02-15 23:00:00,2026,2,15,23,Hải Phòng,Xã Kiến Hải,20.7150982,106.7277399,99,Moderate,1,20.0,97,0.0,8.6,110,1013.9,77,45.9,47.1,279.0,11.7,61.0,3.9
2026-02-16 00:00:00,2026,2,16,0,Hải Phòng,Xã Kiến Hải,20.7150982,106.7277399,100,Moderate,1,20.0,97,0.0,8.0,108,1013.7,82,44.1,45.4,273.0,11.5,60.0,3.6
2026-02-16 01:00:00,2026,2,16,1,Hải Phòng,Xã Kiến Hải,20.7150982,106.7277399,101,Unhealthy for Sensitive Groups,2,20.1,99,0.1,7.8,113,1013.7,100,42.3,43.5,268.0,11.6,58.0,3.5
2026-02-16 02:00:00,2026,2,16,2,Hải Phòng,Xã Kiến Hải,20.7150982,106.7277399,101,Unhealthy for Sensitive Groups,2,20.2,98,0.0,7.5,111,1013.3,100,39.7,41.0,262.0,11.9,55.0,3.8
2026-02-16 03:00:00,2026,2,16,3,Hải Phòng,Xã Kiến Hải,20.7150982,106.7277399,100,Moderate,1,20.3,98,0.0,7.3,106,1012.9,100,39.9,41.0,257.0,12.4,51.0,4.3
2026-02-16 04:00:00,2026,2,16,4,Hải Phòng,Xã Kiến Hải,20.7150982,106.7277399,98,Moderate,1,20.3,98,0.0,6.5,98,1013.0,100,40.7,41.8,262.0,13.3,46.0,5.0
2026-02-16 05:00:00,2026,2,16,5,Hải Phòng,Xã Kiến Hải,20.7150982,106.7277399,97,Moderate,1,20.4,98,0.0,5.6,88,1013.2,100,41.9,42.8,292.0,15.1,39.0,5.9
2026-02-16 06:00:00,2026,2,16,6,Hải Phòng,Xã Kiến Hải,20.7150982,106.7277399,95,Moderate,1,20.4,98,0.0,4.5,90,1013.7,100,43.5,44.5,333.0,17.3,31.0,7.1
2026-02-16 07:00:00,2026,2,16,7,Hải Phòng,Xã Kiến Hải,20.7150982,106.7277399,93,Moderate,1,20.6,97,0.0,4.0,60,1014.9,100,49.1,50.3,350.0,19.7,28.0,8.5
2026-02-16 08:00:00,2026,2,16,8,Hải Phòng,Xã Kiến Hải,20.7150982,106.7277399,91,Moderate,1,21.5,94,0.1,2.2,76,1015.5,100,39.0,40.9,322.0,18.4,42.0,8.9
2026-02-16 09:00:00,2026,2,16,9,Hải Phòng,Xã Kiến Hải,20.7150982,106.7277399,90,Moderate,1,22.3,86,0.2,3.9,156,1016.2,46,26.8,29.9,272.0,16.7,61.0,9.3
2026-02-16 10:00:00,2026,2,16,10,Hải Phòng,Xã Kiến Hải,20.7150982,106.7277399,91,Moderate,1,23.2,77,0.0,7.1,156,1016.4,16,19.3,22.5,231.0,14.9,77.0,9.4
2026-02-16 11:00:00,2026,2,16,11,Hải Phòng,Xã Kiến Hải,20.7150982,106.7277399,91,Moderate,1,24.0,72,0.0,9.7,158,1016.0,6,15.9,18.7,212.0,13.2,85.0,8.6
2026-02-16 12:00:00,2026,2,16,12,Hải Phòng,Xã Kiến Hải,20.7150982,106.7277399,91,Moderate,1,24.4,71,0.0,10.6,152,1015.2,30,16.4,19.0,203.0,11.4,89.0,7.4
2026-02-16 13:00:00,2026,2,16,13,Hải Phòng,Xã Kiến Hải,20.7150982,106.7277399,90,Moderate,1,23.6,75,0.0,13.9,140,1013.9,69,17.0,19.5,201.0,10.3,92.0,6.6
2026-02-16 14:00:00,2026,2,16,14,Hải Phòng,Xã Kiến Hải,20.7150982,106.7277399,90,Moderate,1,23.0,79,0.0,13.5,137,1013.1,53,17.3,19.6,209.0,10.2,95.0,6.6
2026-02-16 15:00:00,2026,2,16,15,Hải Phòng,Xã Kiến Hải,20.7150982,106.7277399,90,Moderate,1,23.3,80,0.0,13.8,131,1012.5,6,17.3,19.5,224.0,10.7,97.0,6.9
2026-02-16 16:00:00,2026,2,16,16,Hải Phòng,Xã Kiến Hải,20.7150982,106.7277399,90,Moderate,1,22.9,82,0.0,15.1,130,1012.5,1,16.9,18.9,236.0,11.1,97.0,7.0
2026-02-16 17:00:00,2026,2,16,17,Hải Phòng,Xã Kiến Hải,20.7150982,106.7277399,90,Moderate,1,22.0,84,0.0,13.9,132,1012.5,0,16.7,18.2,240.0,11.2,95.0,6.6
2026-02-16 18:00:00,2026,2,16,18,Hải Phòng,Xã Kiến Hải,20.7150982,106.7277399,90,Moderate,1,20.5,91,0.0,14.0,118,1012.8,1,20.7,21.5,241.0,11.2,90.0,6.0
2026-02-16 19:00:00,2026,2,16,19,Hải Phòng,Xã Kiến Hải,20.7150982,106.7277399,90,Moderate,1,20.7,94,0.0,14.0,122,1013.1,2,21.1,22.5,244.0,11.8,94.0,6.4
2026-02-16 20:00:00,2026,2,16,20,Hải Phòng,Xã Kiến Hải,20.7150982,106.7277399,90,Moderate,1,20.6,94,0.0,12.0,108,1013.8,5,24.0,25.2,252.0,12.3,88.0,6.7
2026-02-16 21:00:00,2026,2,16,21,Hải Phòng,Xã Kiến Hải,20.7150982,106.7277399,89,Moderate,1,20.5,94,0.0,10.6,100,1013.9,0,26.1,27.2,261.0,12.9,79.0,7.0
2026-02-16 22:00:00,2026,2,16,22,Hải Phòng,Xã Kiến Hải,20.7150982,106.7277399,88,Moderate,1,20.5,93,0.0,10.0,99,1014.1,1,29.3,30.4,269.0,13.3,72.0,7.0
2026-02-16 23:00:00,2026,2,16,23,Hải Phòng,Xã Kiến Hải,20.7150982,106.7277399,87,Moderate,1,20.2,93,0.0,7.2,89,1014.4,8,33.3,34.2,272.0,13.1,67.0,6.3
2026-02-17 00:00:00,2026,2,17,0,Hải Phòng,Xã Kiến Hải,20.7150982,106.7277399,86,Moderate,1,19.9,94,0.0,5.9,67,1014.6,13,35.4,36.3,274.0,12.5,62.0,5.3
2026-02-17 01:00:00,2026,2,17,1,Hải Phòng,Xã Kiến Hải,20.7150982,106.7277399,86,Moderate,1,20.1,96,0.0,5.4,60,1014.4,19,35.9,36.7,277.0,12.1,59.0,4.6
2026-02-17 02:00:00,2026,2,17,2,Hải Phòng,Xã Kiến Hải,20.7150982,106.7277399,85,Moderate,1,20.4,97,0.0,7.0,55,1014.1,92,35.5,36.3,278.0,11.8,58.0,4.3
2026-02-17 03:00:00,2026,2,17,3,Hải Phòng,Xã Kiến Hải,20.7150982,106.7277399,85,Moderate,1,20.7,95,0.0,9.3,58,1013.8,100,34.5,35.2,281.0,11.7,58.0,4.2
2026-02-17 04:00:00,2026,2,17,4,Hải Phòng,Xã Kiến Hải,20.7150982,106.7277399,84,Moderate,1,20.9,95,0.0,11.4,64,1014.1,100,32.9,33.5,299.0,11.6,59.0,4.6
2026-02-17 05:00:00,2026,2,17,5,Hải Phòng,Xã Kiến Hải,20.7150982,106.7277399,83,Moderate,1,20.8,95,0.0,13.6,73,1014.4,100,28.8,29.3,348.0,11.7,59.0,5.8
2026-02-17 06:00:00,2026,2,17,6,Hải Phòng,Xã Kiến Hải,20.7150982,106.7277399,82,Moderate,1,20.6,90,0.1,20.1,77,1015.6,100,25.6,26.0,411.0,12.0,60.0,7.4
2026-02-17 07:00:00,2026,2,17,7,Hải Phòng,Xã Kiến Hải,20.7150982,106.7277399,81,Moderate,1,20.9,77,0.0,20.0,73,1016.5,100,33.4,33.6,454.0,12.7,52.0,5.4
2026-02-17 08:00:00,2026,2,17,8,Hải Phòng,Xã Kiến Hải,20.7150982,106.7277399,79,Moderate,1,21.1,72,0.0,18.7,72,1017.4,100,25.7,25.9,459.0,12.5,52.0,7.6
2026-02-17 09:00:00,2026,2,17,9,Hải Phòng,Xã Kiến Hải,20.7150982,106.7277399,78,Moderate,1,21.0,74,0.1,17.9,71,1018.4,31,22.4,22.5,443.0,12.1,53.0,10.5
2026-02-17 10:00:00,2026,2,17,10,Hải Phòng,Xã Kiến Hải,20.7150982,106.7277399,78,Moderate,1,22.3,69,0.0,21.1,73,1019.0,97,21.6,21.8,428.0,11.4,56.0,12.3
2026-02-17 11:00:00,2026,2,17,11,Hải Phòng,Xã Kiến Hải,20.7150982,106.7277399,78,Moderate,1,22.4,68,0.0,21.6,73,1018.6,100,21.8,22.1,421.0,10.0,64.0,11.8
2026-02-17 12:00:00,2026,2,17,12,Hải Phòng,Xã Kiến Hải,20.7150982,106.7277399,79,Moderate,1,22.0,68,0.0,19.9,74,1017.9,95,22.6,23.0,415.0,8.3,76.0,10.1
2026-02-17 13:00:00,2026,2,17,13,Hải Phòng,Xã Kiến Hải,20.7150982,106.7277399,79,Moderate,1,23.1,64,0.0,21.8,83,1017.1,13,23.4,23.9,406.0,7.0,85.0,8.5
2026-02-17 14:00:00,2026,2,17,14,Hải Phòng,Xã Kiến Hải,20.7150982,106.7277399,80,Moderate,1,23.0,64,0.0,22.4,84,1016.5,19,23.7,24.3,389.0,6.4,91.0,7.3
2026-02-17 15:00:00,2026,2,17,15,Hải Phòng,Xã Kiến Hải,20.7150982,106.7277399,80,Moderate,1,22.4,67,0.0,20.9,83,1015.8,19,22.7,23.2,370.0,6.3,96.0,6.2
2026-02-17 16:00:00,2026,2,17,16,Hải Phòng,Xã Kiến Hải,20.7150982,106.7277399,81,Moderate,1,22.2,68,0.0,20.1,81,1015.9,12,21.2,21.7,357.0,6.9,97.0,5.8
2026-02-17 17:00:00,2026,2,17,17,Hải Phòng,Xã Kiến Hải,20.7150982,106.7277399,81,Moderate,1,21.6,70,0.0,19.6,79,1016.1,9,20.7,21.2,355.0,8.6,93.0,6.5
2026-02-17 18:00:00,2026,2,17,18,Hải Phòng,Xã Kiến Hải,20.7150982,106.7277399,81,Moderate,1,21.0,72,0.0,19.9,77,1016.5,6,22.3,22.6,360.0,11.0,85.0,7.9
2026-02-17 19:00:00,2026,2,17,19,Hải Phòng,Xã Kiến Hải,20.7150982,106.7277399,82,Moderate,1,21.5,73,0.0,18.6,72,1016.9,96,39.7,40.2,369.0,11.6,74.0,8.0
2026-02-17 20:00:00,2026,2,17,20,Hải Phòng,Xã Kiến Hải,20.7150982,106.7277399,83,Moderate,1,21.3,74,0.0,19.6,73,1017.0,6,40.0,40.5,386.0,11.3,71.0,8.2
2026-02-17 21:00:00,2026,2,17,21,Hải Phòng,Xã Kiến Hải,20.7150982,106.7277399,85,Moderate,1,20.8,77,0.0,19.2,77,1017.5,8,39.8,40.2,407.0,10.9,68.0,8.4
2026-02-17 22:00:00,2026,2,17,22,Hải Phòng,Xã Kiến Hải,20.7150982,106.7277399,86,Moderate,1,20.2,77,0.0,17.2,69,1018.2,21,39.8,40.2,422.0,10.5,64.0,8.8
2026-02-17 23:00:00,2026,2,17,23,Hải Phòng,Xã Kiến Hải,20.7150982,106.7277399,87,Moderate,1,19.8,77,0.0,18.2,63,1018.5,100,39.8,40.0,423.0,10.3,61.0,9.4
2026-02-18 00:00:00,2026,2,18,0,Hải Phòng,Xã Kiến Hải,20.7150982,106.7277399,87,Moderate,1,19.6,74,0.0,19.4,61,1018.6,100,39.6,39.8,417.0,10.2,58.0,10.1
2026-02-18 01:00:00,2026,2,18,1,Hải Phòng,Xã Kiến Hải,20.7150982,106.7277399,88,Moderate,1,20.1,74,0.0,20.7,65,1018.5,100,39.9,40.0,413.0,10.0,56.0,10.7
2026-02-18 02:00:00,2026,2,18,2,Hải Phòng,Xã Kiến Hải,20.7150982,106.7277399,88,Moderate,1,19.9,74,0.0,21.3,64,1018.3,100,40.5,40.7,412.0,9.6,56.0,11.2
2026-02-18 03:00:00,2026,2,18,3,Hải Phòng,Xã Kiến Hải,20.7150982,106.7277399,89,Moderate,1,19.4,75,0.0,23.3,64,1018.2,100,41.3,41.4,412.0,9.2,57.0,11.7
2026-02-18 04:00:00,2026,2,18,4,Hải Phòng,Xã Kiến Hải,20.7150982,106.7277399,89,Moderate,1,19.0,78,0.1,23.8,64,1018.5,100,42.4,42.6,416.0,8.9,58.0,12.2
2026-02-18 05:00:00,2026,2,18,5,Hải Phòng,Xã Kiến Hải,20.7150982,106.7277399,90,Moderate,1,18.1,86,0.5,23.1,60,1018.6,100,44.6,45.1,425.0,9.1,58.0,12.6
2026-02-18 06:00:00,2026,2,18,6,Hải Phòng,Xã Kiến Hải,20.7150982,106.7277399,91,Moderate,1,17.9,88,0.5,21.7,60,1019.4,95,47.6,48.3,437.0,9.4,57.0,12.9
2026-02-18 07:00:00,2026,2,18,7,Hải Phòng,Xã Kiến Hải,20.7150982,106.7277399,93,Moderate,1,18.0,85,0.1,22.2,53,1020.3,93,45.4,45.9,450.0,9.3,59.0,13.1
2026-02-18 08:00:00,2026,2,18,8,Hải Phòng,Xã Kiến Hải,20.7150982,106.7277399,94,Moderate,1,19.0,78,0.0,19.1,52,1020.9,41,46.3,46.7,465.0,9.0,62.0,13.8
2026-02-18 09:00:00,2026,2,18,9,Hải Phòng,Xã Kiến Hải,20.7150982,106.7277399,96,Moderate,1,20.0,72,0.0,20.3,64,1021.6,39,45.6,46.0,480.0,8.5,66.0,14.6
2026-02-18 10:00:00,2026,2,18,10,Hải Phòng,Xã Kiến Hải,20.7150982,106.7277399,98,Moderate,1,21.0,67,0.0,24.0,70,1022.2,60,44.4,44.7,490.0,7.9,73.0,14.9
2026-02-18 11:00:00,2026,2,18,11,Hải Phòng,Xã Kiến Hải,20.7150982,106.7277399,100,Moderate,1,21.4,66,0.0,23.9,72,1021.7,63,39.3,39.7,490.0,7.0,86.0,14.1
2026-02-18 12:00:00,2026,2,18,12,Hải Phòng,Xã Kiến Hải,20.7150982,106.7277399,102,Unhealthy for Sensitive Groups,2,21.5,65,0.0,23.9,75,1020.9,93,34.7,34.9,484.0,6.1,101.0,12.6
2026-02-18 13:00:00,2026,2,18,13,Hải Phòng,Xã Kiến Hải,20.7150982,106.7277399,103,Unhealthy for Sensitive Groups,2,20.9,67,0.0,22.7,73,1020.5,97,33.1,33.4,477.0,5.6,113.0,11.6
2026-02-18 14:00:00,2026,2,18,14,Hải Phòng,Xã Kiến Hải,20.7150982,106.7277399,104,Unhealthy for Sensitive Groups,2,20.3,69,0.0,21.2,74,1019.9,93,33.3,33.6,469.0,6.0,118.0,11.3
2026-02-18 15:00:00,2026,2,18,15,Hải Phòng,Xã Kiến Hải,20.7150982,106.7277399,105,Unhealthy for Sensitive Groups,2,20.1,70,0.0,20.6,74,1019.1,99,33.6,34.0,460.0,6.8,120.0,11.4
2026-02-18 16:00:00,2026,2,18,16,Hải Phòng,Xã Kiến Hải,20.7150982,106.7277399,107,Unhealthy for Sensitive Groups,2,19.8,71,0.0,19.2,78,1019.1,100,34.1,34.5,454.0,7.7,119.0,11.6
2026-02-18 17:00:00,2026,2,18,17,Hải Phòng,Xã Kiến Hải,20.7150982,106.7277399,108,Unhealthy for Sensitive Groups,2,19.2,74,0.0,18.4,81,1019.0,100,34.9,35.3,455.0,8.7,116.0,12.0
2026-02-18 18:00:00,2026,2,18,18,Hải Phòng,Xã Kiến Hải,20.7150982,106.7277399,109,Unhealthy for Sensitive Groups,2,18.9,76,0.0,16.9,82,1019.2,100,36.8,37.0,459.0,9.7,110.0,12.5
2026-02-18 19:00:00,2026,2,18,19,Hải Phòng,Xã Kiến Hải,20.7150982,106.7277399,111,Unhealthy for Sensitive Groups,2,19.2,74,0.0,13.5,65,1019.5,93,45.6,46.0,463.0,10.1,98.0,11.0
2026-02-18 20:00:00,2026,2,18,20,Hải Phòng,Xã Kiến Hải,20.7150982,106.7277399,111,Unhealthy for Sensitive Groups,2,19.1,75,0.0,13.8,64,1019.9,100,48.7,49.2,466.0,9.8,97.0,11.6
2026-02-18 21:00:00,2026,2,18,21,Hải Phòng,Xã Kiến Hải,20.7150982,106.7277399,112,Unhealthy for Sensitive Groups,2,19.1,76,0.0,12.7,63,1020.1,100,49.0,49.5,469.0,9.5,95.0,12.4
2026-02-18 22:00:00,2026,2,18,22,Hải Phòng,Xã Kiến Hải,20.7150982,106.7277399,113,Unhealthy for Sensitive Groups,2,19.4,75,0.0,13.0,66,1020.2,77,48.8,49.1,469.0,9.2,92.0,13.0
2026-02-18 23:00:00,2026,2,18,23,Hải Phòng,Xã Kiến Hải,20.7150982,106.7277399,114,Unhealthy for Sensitive Groups,2,19.3,76,0.0,13.1,67,1020.0,30,48.4,48.8,465.0,9.0,89.0,13.3
2026-02-19 00:00:00,2026,2,19,0,Hải Phòng,Xã Kiến Hải,20.7150982,106.7277399,115,Unhealthy for Sensitive Groups,2,19.0,78,0.0,13.1,61,1020.2,80,47.7,48.1,458.0,9.0,84.0,13.3
2026-02-19 01:00:00,2026,2,19,1,Hải Phòng,Xã Kiến Hải,20.7150982,106.7277399,116,Unhealthy for Sensitive Groups,2,18.9,79,0.0,12.0,51,1020.3,75,47.5,47.8,453.0,8.9,80.0,13.3
2026-02-19 02:00:00,2026,2,19,2,Hải Phòng,Xã Kiến Hải,20.7150982,106.7277399,117,Unhealthy for Sensitive Groups,2,19.2,77,0.0,15.1,54,1020.2,100,46.4,46.7,449.0,8.8,75.0,13.1
2026-02-19 03:00:00,2026,2,19,3,Hải Phòng,Xã Kiến Hải,20.7150982,106.7277399,117,Unhealthy for Sensitive Groups,2,19.3,75,0.0,17.2,55,1020.0,100,45.4,45.6,446.0,8.7,70.0,12.9
2026-02-19 04:00:00,2026,2,19,4,Hải Phòng,Xã Kiến Hải,20.7150982,106.7277399,118,Unhealthy for Sensitive Groups,2,19.2,75,0.0,19.2,56,1019.7,100,44.2,44.5,447.0,8.8,65.0,12.7
2026-02-19 05:00:00,2026,2,19,5,Hải Phòng,Xã Kiến Hải,20.7150982,106.7277399,118,Unhealthy for Sensitive Groups,2,19.1,75,0.0,20.4,59,1020.0,100,41.8,42.0,456.0,9.5,59.0,12.8
2026-02-19 06:00:00,2026,2,19,6,Hải Phòng,Xã Kiến Hải,20.7150982,106.7277399,118,Unhealthy for Sensitive Groups,2,19.1,75,0.0,21.5,57,1020.5,99,40.0,40.3,468.0,10.4,54.0,13.0
2026-02-19 07:00:00,2026,2,19,7,Hải Phòng,Xã Kiến Hải,20.7150982,106.7277399,117,Unhealthy for Sensitive Groups,2,19.2,77,0.0,20.6,59,1021.1,100,39.9,40.2,475.0,10.2,58.0,11.5
2026-02-19 08:00:00,2026,2,19,8,Hải Phòng,Xã Kiến Hải,20.7150982,106.7277399,116,Unhealthy for Sensitive Groups,2,19.5,76,0.0,20.3,57,1021.7,80,41.2,41.7,472.0,9.7,65.0,11.4
2026-02-19 09:00:00,2026,2,19,9,Hải Phòng,Xã Kiến Hải,20.7150982,106.7277399,116,Unhealthy for Sensitive Groups,2,20.4,73,0.0,18.2,60,1022.5,35,39.0,39.5,464.0,8.9,76.0,11.3
2026-02-19 10:00:00,2026,2,19,10,Hải Phòng,Xã Kiến Hải,20.7150982,106.7277399,115,Unhealthy for Sensitive Groups,2,21.5,70,0.0,18.4,70,1022.9,98,34.6,35.2,453.0,8.0,87.0,10.9
2026-02-19 11:00:00,2026,2,19,11,Hải Phòng,Xã Kiến Hải,20.7150982,106.7277399,114,Unhealthy for Sensitive Groups,2,22.0,68,0.0,19.7,75,1022.4,85,30.5,31.2,436.0,6.8,100.0,9.8
2026-02-19 12:00:00,2026,2,19,12,Hải Phòng,Xã Kiến Hải,20.7150982,106.7277399,113,Unhealthy for Sensitive Groups,2,22.2,68,0.0,18.3,76,1021.5,84,28.1,28.8,416.0,5.5,115.0,8.3
2026-02-19 13:00:00,2026,2,19,13,Hải Phòng,Xã Kiến Hải,20.7150982,106.7277399,113,Unhealthy for Sensitive Groups,2,22.1,68,0.0,15.7,81,1021.0,95,26.7,27.4,403.0,4.9,126.0,7.5
2026-02-19 14:00:00,2026,2,19,14,Hải Phòng,Xã Kiến Hải,20.7150982,106.7277399,112,Unhealthy for Sensitive Groups,2,22.6,67,0.0,14.1,83,1020.2,33,27.2,27.8,402.0,5.4,133.0,7.8
2026-02-19 15:00:00,2026,2,19,15,Hải Phòng,Xã Kiến Hải,20.7150982,106.7277399,111,Unhealthy for Sensitive Groups,2,22.5,67,0.0,12.4,91,1019.8,30,28.2,28.8,409.0,6.6,136.0,8.8
2026-02-19 16:00:00,2026,2,19,16,Hải Phòng,Xã Kiến Hải,20.7150982,106.7277399,111,Unhealthy for Sensitive Groups,2,22.0,69,0.0,12.1,97,1019.5,4,29.6,30.2,423.0,7.7,138.0,9.9
2026-02-19 17:00:00,2026,2,19,17,Hải Phòng,Xã Kiến Hải,20.7150982,106.7277399,110,Unhealthy for Sensitive Groups,2,21.1,73,0.0,11.2,112,1019.4,9,34.6,35.0,450.0,8.6,139.0,11.2
2026-02-19 18:00:00,2026,2,19,18,Hải Phòng,Xã Kiến Hải,20.7150982,106.7277399,110,Unhealthy for Sensitive Groups,2,20.1,79,0.0,9.2,106,1019.7,18,40.5,40.7,484.0,9.4,138.0,12.6
2026-02-19 19:00:00,2026,2,19,19,Hải Phòng,Xã Kiến Hải,20.7150982,106.7277399,111,Unhealthy for Sensitive Groups,2,20.2,80,0.0,7.4,84,1020.7,100,39.7,39.8,509.0,12.2,119.0,12.9
2026-02-19 20:00:00,2026,2,19,20,Hải Phòng,Xã Kiến Hải,20.7150982,106.7277399,110,Unhealthy for Sensitive Groups,2,20.3,79,0.0,8.9,77,1021.1,100,41.7,41.9,516.0,12.1,116.0,13.1
2026-02-19 21:00:00,2026,2,19,21,Hải Phòng,Xã Kiến Hải,20.7150982,106.7277399,109,Unhealthy for Sensitive Groups,2,20.1,78,0.0,9.7,59,1021.6,68,41.8,41.9,514.0,12.0,111.0,13.3
2026-02-19 22:00:00,2026,2,19,22,Hải Phòng,Xã Kiến Hải,20.7150982,106.7277399,108,Unhealthy for Sensitive Groups,2,20.0,76,0.0,14.2,58,1021.5,13,42.5,42.6,515.0,12.2,103.0,13.5
2026-02-19 23:00:00,2026,2,19,23,Hải Phòng,Xã Kiến Hải,20.7150982,106.7277399,108,Unhealthy for Sensitive Groups,2,19.3,79,0.0,14.2,55,1021.2,1,43.0,43.1,525.0,12.7,90.0,13.7
2026-02-20 00:00:00,2026,2,20,0,Hải Phòng,Xã Kiến Hải,20.7150982,106.7277399,107,Unhealthy for Sensitive Groups,2,18.8,82,0.0,8.1,45,1021.7,16,41.9,42.0,537.0,13.5,73.0,14.0
2026-02-20 01:00:00,2026,2,20,1,Hải Phòng,Xã Kiến Hải,20.7150982,106.7277399,107,Unhealthy for Sensitive Groups,2,18.7,85,0.0,6.7,38,1022.2,39,39.8,39.8,541.0,14.3,58.0,14.2
2026-02-20 02:00:00,2026,2,20,2,Hải Phòng,Xã Kiến Hải,20.7150982,106.7277399,106,Unhealthy for Sensitive Groups,2,18.6,85,0.0,5.9,40,1021.8,59,37.1,37.1,526.0,15.2,47.0,14.4
2026-02-20 03:00:00,2026,2,20,3,Hải Phòng,Xã Kiến Hải,20.7150982,106.7277399,105,Unhealthy for Sensitive Groups,2,18.5,85,0.0,5.0,26,1021.5,100,34.3,34.3,504.0,16.1,38.0,14.5
2026-02-20 04:00:00,2026,2,20,4,Hải Phòng,Xã Kiến Hải,20.7150982,106.7277399,104,Unhealthy for Sensitive Groups,2,18.5,84,0.0,5.5,32,1021.0,90,32.5,32.5,498.0,16.9,30.0,14.6
2026-02-20 05:00:00,2026,2,20,5,Hải Phòng,Xã Kiến Hải,20.7150982,106.7277399,103,Unhealthy for Sensitive Groups,2,18.0,86,0.0,4.1,29,1021.0,82,32.5,32.6,529.0,17.8,22.0,14.5
2026-02-20 06:00:00,2026,2,20,6,Hải Phòng,Xã Kiến Hải,20.7150982,106.7277399,102,Unhealthy for Sensitive Groups,2,17.5,89,0.0,3.7,14,1021.1,55,34.2,34.2,575.0,18.6,16.0,14.4
2026-02-20 07:00:00,2026,2,20,7,Hải Phòng,Xã Kiến Hải,20.7150982,106.7277399,101,Unhealthy for Sensitive Groups,2,17.5,84,0.0,4.8,333,1021.7,13,26.1,26.1,598.0,17.4,22.0,13.2
2026-02-20 08:00:00,2026,2,20,8,Hải Phòng,Xã Kiến Hải,20.7150982,106.7277399,100,Moderate,1,18.9,76,0.0,4.0,324,1021.9,4,21.3,21.3,575.0,15.9,33.0,13.8
2026-02-20 09:00:00,2026,2,20,9,Hải Phòng,Xã Kiến Hải,20.7150982,106.7277399,98,Moderate,1,20.2,72,0.0,1.9,326,1022.1,3,19.1,19.2,530.0,13.8,50.0,14.7
2026-02-20 10:00:00,2026,2,20,10,Hải Phòng,Xã Kiến Hải,20.7150982,106.7277399,96,Moderate,1,21.5,68,0.0,1.8,79,1022.0,5,18.9,18.9,487.0,12.2,66.0,15.0
2026-02-20 11:00:00,2026,2,20,11,Hải Phòng,Xã Kiến Hải,20.7150982,106.7277399,95,Moderate,1,22.8,64,0.0,3.8,109,1021.2,7,21.3,21.5,456.0,11.4,83.0,14.4
2026-02-20 12:00:00,2026,2,20,12,Hải Phòng,Xã Kiến Hải,20.7150982,106.7277399,94,Moderate,1,23.4,63,0.0,8.6,131,1019.7,39,24.3,24.5,428.0,11.1,100.0,13.3
2026-02-20 13:00:00,2026,2,20,13,Hải Phòng,Xã Kiến Hải,20.7150982,106.7277399,94,Moderate,1,22.5,62,0.0,12.1,132,1018.7,2,25.0,25.2,407.0,10.9,112.0,12.2
2026-02-20 14:00:00,2026,2,20,14,Hải Phòng,Xã Kiến Hải,20.7150982,106.7277399,93,Moderate,1,22.0,63,0.0,14.4,140,1017.4,5,24.9,25.1,394.0,10.7,117.0,11.2
2026-02-20 15:00:00,2026,2,20,15,Hải Phòng,Xã Kiến Hải,20.7150982,106.7277399,93,Moderate,1,21.5,68,0.0,15.7,144,1016.3,0,24.3,24.6,388.0,10.5,118.0,10.2
2026-02-20 16:00:00,2026,2,20,16,Hải Phòng,Xã Kiến Hải,20.7150982,106.7277399,93,Moderate,1,20.6,71,0.0,15.3,142,1015.6,2,23.0,23.4,388.0,10.5,117.0,9.3
2026-02-20 17:00:00,2026,2,20,17,Hải Phòng,Xã Kiến Hải,20.7150982,106.7277399,92,Moderate,1,20.0,75,0.0,14.7,139,1015.2,2,22.4,22.9,395.0,10.5,113.0,8.6
2026-02-20 18:00:00,2026,2,20,18,Hải Phòng,Xã Kiến Hải,20.7150982,106.7277399,91,Moderate,1,19.1,81,0.0,13.2,143,1015.0,1,22.9,23.6,408.0,10.7,107.0,8.0
2026-02-20 19:00:00,2026,2,20,19,Hải Phòng,Xã Kiến Hải,20.7150982,106.7277399,90,Moderate,1,18.9,86,0.0,12.0,158,1015.4,0,21.0,21.7,419.0,11.0,88.0,8.0
2026-02-20 20:00:00,2026,2,20,20,Hải Phòng,Xã Kiến Hải,20.7150982,106.7277399,88,Moderate,1,18.8,88,0.0,10.6,166,1015.4,0,23.2,24.2,428.0,11.2,84.0,8.0
2026-02-20 21:00:00,2026,2,20,21,Hải Phòng,Xã Kiến Hải,20.7150982,106.7277399,86,Moderate,1,18.6,91,0.0,8.9,171,1015.5,0,25.5,26.5,435.0,11.4,80.0,7.9
2026-02-20 22:00:00,2026,2,20,22,Hải Phòng,Xã Kiến Hải,20.7150982,106.7277399,85,Moderate,1,18.5,94,0.0,9.2,157,1015.5,0,28.4,29.7,437.0,11.6,76.0,7.8
2026-02-20 23:00:00,2026,2,20,23,Hải Phòng,Xã Kiến Hải,20.7150982,106.7277399,84,Moderate,1,18.8,93,0.0,10.5,153,1014.9,0,31.5,33.1,431.0,11.8,75.0,7.7
2026-02-21 00:00:00,2026,2,21,0,Hải Phòng,Xã Kiến Hải,20.7150982,106.7277399,83,Moderate,1,18.9,94,0.0,11.2,162,1014.5,0,32.4,34.1,420.0,12.0,76.0,7.6
2026-02-21 01:00:00,2026,2,21,1,Hải Phòng,Xã Kiến Hải,20.7150982,106.7277399,82,Moderate,1,18.8,95,0.0,7.9,179,1014.4,1,33.3,35.2,411.0,12.2,75.0,7.4
2026-02-21 02:00:00,2026,2,21,2,Hải Phòng,Xã Kiến Hải,20.7150982,106.7277399,81,Moderate,1,18.8,95,0.0,6.5,177,1013.8,2,35.9,37.7,403.0,12.5,72.0,7.0
2026-02-21 03:00:00,2026,2,21,3,Hải Phòng,Xã Kiến Hải,20.7150982,106.7277399,81,Moderate,1,18.9,95,0.0,7.5,170,1013.0,14,40.4,42.3,397.0,12.9,68.0,6.6
2026-02-21 04:00:00,2026,2,21,4,Hải Phòng,Xã Kiến Hải,20.7150982,106.7277399,82,Moderate,1,19.0,94,0.0,8.5,176,1012.3,35,46.1,48.1,397.0,13.4,64.0,6.5
2026-02-21 05:00:00,2026,2,21,5,Hải Phòng,Xã Kiến Hải,20.7150982,106.7277399,83,Moderate,1,19.2,93,0.0,9.5,180,1012.0,41,48.2,50.2,414.0,14.4,60.0,7.1
2026-02-21 06:00:00,2026,2,21,6,Hải Phòng,Xã Kiến Hải,20.7150982,106.7277399,84,Moderate,1,19.2,93,0.0,9.8,185,1012.1,38,44.5,46.7,438.0,15.4,57.0,7.9
2026-02-21 07:00:00,2026,2,21,7,Hải Phòng,Xã Kiến Hải,20.7150982,106.7277399,85,Moderate,1,19.5,91,0.0,7.9,181,1012.5,66,46.3,48.7,444.0,15.3,57.0,7.6
2026-02-21 08:00:00,2026,2,21,8,Hải Phòng,Xã Kiến Hải,20.7150982,106.7277399,87,Moderate,1,21.0,83,0.0,10.0,173,1013.1,52,35.7,38.5,415.0,13.3,68.0,6.9
2026-02-21 09:00:00,2026,2,21,9,Hải Phòng,Xã Kiến Hải,20.7150982,106.7277399,88,Moderate,1,22.0,78,0.1,13.1,167,1013.1,75,26.3,29.2,368.0,10.6,84.0,5.9
2026-02-21 10:00:00,2026,2,21,10,Hải Phòng,Xã Kiến Hải,20.7150982,106.7277399,89,Moderate,1,22.2,79,0.0,13.2,156,1013.0,55,20.4,23.0,332.0,8.3,95.0,5.0
2026-02-21 11:00:00,2026,2,21,11,Hải Phòng,Xã Kiến Hải,20.7150982,106.7277399,89,Moderate,1,22.9,77,0.0,15.0,150,1011.9,63,17.7,20.5,319.0,7.0,98.0,4.4
2026-02-21 12:00:00,2026,2,21,12,Hải Phòng,Xã Kiến Hải,20.7150982,106.7277399,89,Moderate,1,22.9,78,0.0,17.4,146,1010.6,93,15.7,18.8,316.0,6.1,97.0,4.0
2026-02-21 13:00:00,2026,2,21,13,Hải Phòng,Xã Kiến Hải,20.7150982,106.7277399,88,Moderate,1,22.4,81,0.0,19.1,160,1009.7,95,14.1,17.2,311.0,5.5,95.0,3.7
2026-02-21 14:00:00,2026,2,21,14,Hải Phòng,Xã Kiến Hải,20.7150982,106.7277399,87,Moderate,1,22.6,81,0.0,18.7,160,1008.6,93,12.7,15.8,299.0,4.9,94.0,3.3
2026-02-21 15:00:00,2026,2,21,15,Hải Phòng,Xã Kiến Hải,20.7150982,106.7277399,86,Moderate,1,22.8,80,0.0,18.5,161,1007.8,100,11.7,14.9,285.0,4.7,92.0,3.0
2026-02-21 16:00:00,2026,2,21,16,Hải Phòng,Xã Kiến Hải,20.7150982,106.7277399,85,Moderate,1,22.5,81,0.0,18.4,159,1007.1,99,10.8,14.2,278.0,5.1,89.0,3.1
2026-02-21 17:00:00,2026,2,21,17,Hải Phòng,Xã Kiến Hải,20.7150982,106.7277399,84,Moderate,1,21.8,85,0.0,15.6,156,1006.8,29,10.9,14.4,284.0,6.9,83.0,3.9
2026-02-21 18:00:00,2026,2,21,18,Hải Phòng,Xã Kiến Hải,20.7150982,106.7277399,83,Moderate,1,20.8,89,0.0,12.0,147,1006.8,5,12.1,15.2,296.0,9.5,76.0,5.0
2026-02-21 19:00:00,2026,2,21,19,Hải Phòng,Xã Kiến Hải,20.7150982,106.7277399,82,Moderate,1,20.5,93,0.0,10.4,136,1007.2,42,14.3,17.3,303.0,10.4,73.0,5.7
2026-02-21 20:00:00,2026,2,21,20,Hải Phòng,Xã Kiến Hải,20.7150982,106.7277399,81,Moderate,1,20.7,92,0.0,12.4,137,1007.5,59,14.6,17.9,301.0,10.3,71.0,5.7
2026-02-21 21:00:00,2026,2,21,21,Hải Phòng,Xã Kiến Hải,20.7150982,106.7277399,80,Moderate,1,20.6,92,0.0,10.5,139,1008.1,77,15.6,18.9,293.0,10.2,69.0,5.6
2026-02-21 22:00:00,2026,2,21,22,Hải Phòng,Xã Kiến Hải,20.7150982,106.7277399,79,Moderate,1,20.5,93,0.0,8.7,135,1008.7,46,16.7,19.9,285.0,10.2,66.0,5.4
2026-02-21 23:00:00,2026,2,21,23,Hải Phòng,Xã Kiến Hải,20.7150982,106.7277399,78,Moderate,1,20.4,94,0.0,7.3,126,1009.0,77,17.9,21.0,276.0,10.6,63.0,5.1
2026-02-22 00:00:00,2026,2,22,0,Hải Phòng,Xã Kiến Hải,20.7150982,106.7277399,77,Moderate,1,20.4,94,0.0,10.2,121,1009.0,82,18.0,21.0,266.0,11.1,59.0,4.7
2026-02-22 01:00:00,2026,2,22,1,Hải Phòng,Xã Kiến Hải,20.7150982,106.7277399,76,Moderate,1,21.0,96,0.0,14.5,113,1008.8,100,16.6,19.4,257.0,11.2,57.0,4.3
2026-02-22 02:00:00,2026,2,22,2,Hải Phòng,Xã Kiến Hải,20.7150982,106.7277399,74,Moderate,1,21.0,97,0.1,15.1,113,1008.4,100,15.1,17.8,249.0,10.5,58.0,3.9
2026-02-22 03:00:00,2026,2,22,3,Hải Phòng,Xã Kiến Hải,20.7150982,106.7277399,73,Moderate,1,21.0,97,0.1,15.3,111,1008.2,100,14.2,16.9,241.0,9.4,60.0,3.6
2026-02-22 04:00:00,2026,2,22,4,Hải Phòng,Xã Kiến Hải,20.7150982,106.7277399,70,Moderate,1,21.0,98,0.1,14.3,109,1008.5,100,13.7,16.5,239.0,8.7,62.0,3.5
2026-02-22 05:00:00,2026,2,22,5,Hải Phòng,Xã Kiến Hải,20.7150982,106.7277399,67,Moderate,1,21.1,97,0.1,14.1,109,1008.6,100,13.4,16.2,244.0,8.8,61.0,3.7
2026-02-22 06:00:00,2026,2,22,6,Hải Phòng,Xã Kiến Hải,20.7150982,106.7277399,64,Moderate,1,21.1,97,0.1,14.6,114,1009.1,100,13.5,16.4,254.0,9.3,60.0,4.1
2026-02-22 07:00:00,2026,2,22,7,Hải Phòng,Xã Kiến Hải,20.7150982,106.7277399,62,Moderate,1,21.1,97,0.1,13.4,105,1010.0,100,15.0,17.7,264.0,10.5,57.0,4.9
2026-02-22 08:00:00,2026,2,22,8,Hải Phòng,Xã Kiến Hải,20.7150982,106.7277399,59,Moderate,1,21.4,95,0.0,16.9,109,1010.7,100,13.5,17.1,271.0,9.9,63.0,4.9
2026-02-22 09:00:00,2026,2,22,9,Hải Phòng,Xã Kiến Hải,20.7150982,106.7277399,57,Moderate,1,21.8,90,0.0,16.8,96,1011.3,100,12.4,15.7,278.0,9.1,72.0,4.8
2026-02-22 10:00:00,2026,2,22,10,Hải Phòng,Xã Kiến Hải,20.7150982,106.7277399,56,Moderate,1,22.4,85,0.0,17.5,87,1011.6,100,12.3,15.9,284.0,8.4,81.0,4.9
2026-02-22 11:00:00,2026,2,22,11,Hải Phòng,Xã Kiến Hải,20.7150982,106.7277399,55,Moderate,1,22.8,82,0.0,16.6,87,1011.2,100,12.7,16.4,291.0,8.0,89.0,5.2
2026-02-22 12:00:00,2026,2,22,12,Hải Phòng,Xã Kiến Hải,20.7150982,106.7277399,54,Moderate,1,22.8,82,0.1,15.8,88,1010.6,100,12.6,16.2,297.0,7.8,96.0,5.7
2026-02-22 13:00:00,2026,2,22,13,Hải Phòng,Xã Kiến Hải,20.7150982,106.7277399,54,Moderate,1,22.0,84,0.1,15.4,85,1009.9,100,12.7,15.7,298.0,7.8,102.0,6.1
2026-02-22 14:00:00,2026,2,22,14,Hải Phòng,Xã Kiến Hải,20.7150982,106.7277399,54,Moderate,1,22.1,83,0.0,15.5,85,1009.0,100,12.6,15.1,290.0,8.1,105.0,6.5
2026-02-22 15:00:00,2026,2,22,15,Hải Phòng,Xã Kiến Hải,20.7150982,106.7277399,54,Moderate,1,22.5,82,0.0,16.3,84,1008.6,100,12.3,14.3,276.0,8.8,107.0,6.9
2026-02-22 16:00:00,2026,2,22,16,Hải Phòng,Xã Kiến Hải,20.7150982,106.7277399,54,Moderate,1,22.1,83,0.0,14.1,86,1008.5,100,12.5,13.6,266.0,9.6,106.0,7.3
2026-02-22 17:00:00,2026,2,22,17,Hải Phòng,Xã Kiến Hải,20.7150982,106.7277399,54,Moderate,1,21.6,86,0.0,12.6,92,1008.8,100,14.4,15.1,264.0,10.8,103.0,7.7
2026-02-22 18:00:00,2026,2,22,18,Hải Phòng,Xã Kiến Hải,20.7150982,106.7277399,54,Moderate,1,21.0,89,0.0,12.5,94,1009.1,100,16.5,17.1,266.0,12.3,97.0,8.1
2026-02-22 19:00:00,2026,2,22,19,Hải Phòng,Xã Kiến Hải,20.7150982,106.7277399,55,Moderate,1,21.4,89,0.0,13.2,86,1009.7,100,18.3,19.0,266.0,11.8,90.0,7.6
2026-02-22 20:00:00,2026,2,22,20,Hải Phòng,Xã Kiến Hải,20.7150982,106.7277399,55,Moderate,1,21.4,89,0.0,14.6,95,1010.1,100,18.5,19.3,261.0,12.0,87.0,7.5
2026-02-22 21:00:00,2026,2,22,21,Hải Phòng,Xã Kiến Hải,20.7150982,106.7277399,56,Moderate,1,21.3,88,0.0,15.5,95,1010.3,100,18.6,19.4,253.0,12.2,82.0,7.3
2026-02-22 22:00:00,2026,2,22,22,Hải Phòng,Xã Kiến Hải,20.7150982,106.7277399,56,Moderate,1,21.2,88,0.0,14.4,102,1010.6,46,18.8,19.8,245.0,12.4,78.0,7.1
2026-02-22 23:00:00,2026,2,22,23,Hải Phòng,Xã Kiến Hải,20.7150982,106.7277399,56,Moderate,1,20.9,91,0.0,12.4,114,1010.8,98,20.0,21.1,236.0,12.6,75.0,6.8
2026-02-23 00:00:00,2026,2,23,0,Hải Phòng,Xã Kiến Hải,20.7150982,106.7277399,56,Moderate,1,20.8,91,0.0,9.0,121,1010.9,87,19.4,20.5,226.0,12.8,72.0,6.5
2026-02-23 01:00:00,2026,2,23,1,Hải Phòng,Xã Kiến Hải,20.7150982,106.7277399,56,Moderate,1,21.0,91,0.0,9.8,104,1010.3,94,19.0,20.3,219.0,12.9,69.0,6.2
2026-02-23 02:00:00,2026,2,23,2,Hải Phòng,Xã Kiến Hải,20.7150982,106.7277399,57,Moderate,1,20.8,92,0.0,10.6,93,1009.8,95,18.4,20.0,213.0,12.8,67.0,6.0
2026-02-23 03:00:00,2026,2,23,3,Hải Phòng,Xã Kiến Hải,20.7150982,106.7277399,57,Moderate,1,20.9,91,0.0,10.5,87,1009.4,100,18.5,20.4,210.0,12.6,67.0,5.9
2026-02-23 04:00:00,2026,2,23,4,Hải Phòng,Xã Kiến Hải,20.7150982,106.7277399,57,Moderate,1,20.9,91,0.0,11.9,93,1009.1,100,18.7,21.0,212.0,12.7,65.0,6.0
2026-02-23 05:00:00,2026,2,23,5,Hải Phòng,Xã Kiến Hải,20.7150982,106.7277399,58,Moderate,1,21.1,90,0.0,11.5,101,1009.1,100,19.4,21.7,226.0,13.8,61.0,6.4
2026-02-23 06:00:00,2026,2,23,6,Hải Phòng,Xã Kiến Hải,20.7150982,106.7277399,58,Moderate,1,21.1,90,0.0,10.9,109,1009.7,100,20.3,22.6,247.0,15.2,57.0,6.9
2026-02-23 07:00:00,2026,2,23,7,Hải Phòng,Xã Kiến Hải,20.7150982,106.7277399,59,Moderate,1,21.5,90,0.1,7.9,103,1011.0,100,23.8,26.5,258.0,14.6,57.0,6.8
2026-02-23 08:00:00,2026,2,23,8,Hải Phòng,Xã Kiến Hải,20.7150982,106.7277399,60,Moderate,1,21.9,90,0.1,10.0,128,1011.4,100,22.4,26.1,251.0,13.8,63.0,6.8
2026-02-23 09:00:00,2026,2,23,9,Hải Phòng,Xã Kiến Hải,20.7150982,106.7277399,60,Moderate,1,22.6,90,0.2,10.1,130,1012.0,96,24.9,30.9,234.0,12.6,72.0,6.9
2026-02-23 10:00:00,2026,2,23,10,Hải Phòng,Xã Kiến Hải,20.7150982,106.7277399,61,Moderate,1,23.0,91,0.3,11.6,131,1012.6,100,21.0,26.9,222.0,11.2,80.0,6.6
2026-02-23 11:00:00,2026,2,23,11,Hải Phòng,Xã Kiến Hải,20.7150982,106.7277399,62,Moderate,1,23.1,88,0.0,13.2,136,1012.1,93,20.2,26.3,220.0,9.5,87.0,5.8
2026-02-23 12:00:00,2026,2,23,12,Hải Phòng,Xã Kiến Hải,20.7150982,106.7277399,63,Moderate,1,23.6,86,0.0,14.5,138,1011.4,32,18.3,24.2,221.0,7.5,93.0,4.8
2026-02-23 13:00:00,2026,2,23,13,Hải Phòng,Xã Kiến Hải,20.7150982,106.7277399,63,Moderate,1,24.4,79,0.0,14.9,145,1010.8,100,16.6,21.9,223.0,6.1,97.0,4.0
2026-02-23 14:00:00,2026,2,23,14,Hải Phòng,Xã Kiến Hải,20.7150982,106.7277399,64,Moderate,1,23.2,88,0.0,12.4,140,1009.9,60,15.7,20.9,223.0,5.4,99.0,3.6
2026-02-23 15:00:00,2026,2,23,15,Hải Phòng,Xã Kiến Hải,20.7150982,106.7277399,64,Moderate,1,23.5,87,0.0,13.6,140,1008.9,45,15.3,20.4,224.0,5.2,98.0,3.5
2026-02-23 16:00:00,2026,2,23,16,Hải Phòng,Xã Kiến Hải,20.7150982,106.7277399,64,Moderate,1,23.4,87,0.0,13.8,140,1008.8,63,14.9,19.7,226.0,5.7,96.0,3.7
2026-02-23 17:00:00,2026,2,23,17,Hải Phòng,Xã Kiến Hải,20.7150982,106.7277399,65,Moderate,1,22.5,91,0.0,12.1,140,1008.8,73,14.7,19.3,231.0,7.2,91.0,4.4
2026-02-23 18:00:00,2026,2,23,18,Hải Phòng,Xã Kiến Hải,20.7150982,106.7277399,65,Moderate,1,21.5,94,0.0,10.3,133,1008.8,100,15.5,19.2,236.0,9.3,84.0,5.3
2026-02-23 19:00:00,2026,2,23,19,Hải Phòng,Xã Kiến Hải,20.7150982,106.7277399,64,Moderate,1,21.5,96,0.0,10.4,107,1009.3,100,19.4,23.1,239.0,12.3,75.0,6.4
2026-02-23 20:00:00,2026,2,23,20,Hải Phòng,Xã Kiến Hải,20.7150982,106.7277399,65,Moderate,1,21.8,95,0.0,10.9,121,1009.9,100,20.4,24.2,237.0,12.1,74.0,6.4
2026-02-23 21:00:00,2026,2,23,21,Hải Phòng,Xã Kiến Hải,20.7150982,106.7277399,65,Moderate,1,21.8,95,0.0,11.9,142,1010.5,99,20.2,24.0,231.0,11.8,72.0,6.5
2026-02-23 22:00:00,2026,2,23,22,Hải Phòng,Xã Kiến Hải,20.7150982,106.7277399,65,Moderate,1,21.6,95,0.0,11.1,149,1010.7,100,20.4,24.2,225.0,11.6,70.0,6.4
2026-02-23 23:00:00,2026,2,23,23,Hải Phòng,Xã Kiến Hải,20.7150982,106.7277399,65,Moderate,1,21.6,95,0.0,10.8,152,1010.4,100,21.2,25.0,218.0,11.6,66.0,6.1
2026-02-24 00:00:00,2026,2,24,0,Hải Phòng,Xã Kiến Hải,20.7150982,106.7277399,65,Moderate,1,21.5,95,0.0,10.3,155,1010.3,100,21.3,25.1,210.0,11.6,62.0,5.7
2026-02-24 01:00:00,2026,2,24,1,Hải Phòng,Xã Kiến Hải,20.7150982,106.7277399,65,Moderate,1,21.6,97,0.0,10.1,155,1009.9,86,21.8,25.8,205.0,11.5,58.0,5.3
2026-02-24 02:00:00,2026,2,24,2,Hải Phòng,Xã Kiến Hải,20.7150982,106.7277399,66,Moderate,1,21.5,97,0.0,10.0,157,1009.8,99,22.1,26.1,201.0,11.0,56.0,4.9
2026-02-24 03:00:00,2026,2,24,3,Hải Phòng,Xã Kiến Hải,20.7150982,106.7277399,66,Moderate,1,21.5,97,0.0,9.2,141,1009.5,100,23.4,27.5,200.0,10.4,54.0,4.5
2026-02-24 04:00:00,2026,2,24,4,Hải Phòng,Xã Kiến Hải,20.7150982,106.7277399,66,Moderate,1,21.5,97,0.0,11.2,138,1009.3,59,25.7,28.9,206.0,10.1,53.0,4.3
2026-02-24 05:00:00,2026,2,24,5,Hải Phòng,Xã Kiến Hải,20.7150982,106.7277399,67,Moderate,1,21.4,97,0.1,9.8,137,1009.8,99,27.8,30.4,228.0,10.5,52.0,4.6
2026-02-24 06:00:00,2026,2,24,6,Hải Phòng,Xã Kiến Hải,20.7150982,106.7277399,68,Moderate,1,21.4,98,0.1,9.9,143,1010.8,88,28.6,31.2,258.0,11.3,51.0,5.2
2026-02-24 07:00:00,2026,2,24,7,Hải Phòng,Xã Kiến Hải,20.7150982,106.7277399,68,Moderate,1,21.5,98,0.1,10.1,145,1011.9,95,26.3,29.0,276.0,12.3,56.0,5.7
2026-02-24 08:00:00,2026,2,24,8,Hải Phòng,Xã Kiến Hải,20.7150982,106.7277399,69,Moderate,1,22.4,95,0.2,11.2,148,1012.6,99,25.0,28.0,269.0,11.6,62.0,5.5
2026-02-24 09:00:00,2026,2,24,9,Hải Phòng,Xã Kiến Hải,20.7150982,106.7277399,69,Moderate,1,22.7,95,0.1,13.3,144,1013.3,100,20.5,23.5,250.0,10.7,70.0,5.1
2026-02-24 10:00:00,2026,2,24,10,Hải Phòng,Xã Kiến Hải,20.7150982,106.7277399,68,Moderate,1,22.9,92,0.1,13.6,130,1013.9,100,18.3,21.5,235.0,9.8,77.0,4.9
2026-02-24 11:00:00,2026,2,24,11,Hải Phòng,Xã Kiến Hải,20.7150982,106.7277399,68,Moderate,1,22.8,90,0.0,12.6,114,1013.5,100,17.5,22.2,229.0,9.0,83.0,4.9
2026-02-24 12:00:00,2026,2,24,12,Hải Phòng,Xã Kiến Hải,20.7150982,106.7277399,68,Moderate,1,23.3,86,0.0,12.4,112,1012.5,99,17.8,22.8,226.0,8.2,88.0,4.9
2026-02-24 13:00:00,2026,2,24,13,Hải Phòng,Xã Kiến Hải,20.7150982,106.7277399,68,Moderate,1,23.1,84,0.0,12.1,108,1012.3,100,17.2,22.3,226.0,7.8,92.0,5.0
2026-02-24 14:00:00,2026,2,24,14,Hải Phòng,Xã Kiến Hải,20.7150982,106.7277399,68,Moderate,1,23.2,83,0.0,11.8,111,1011.5,100,20.2,26.1,228.0,7.7,94.0,5.1
2026-02-24 15:00:00,2026,2,24,15,Hải Phòng,Xã Kiến Hải,20.7150982,106.7277399,68,Moderate,1,23.1,83,0.0,12.6,107,1011.1,100,17.6,22.6,233.0,7.9,94.0,5.2
2026-02-24 16:00:00,2026,2,24,16,Hải Phòng,Xã Kiến Hải,20.7150982,106.7277399,69,Moderate,1,22.5,86,0.0,11.4,101,1010.9,100,18.5,23.3,239.0,8.5,93.0,5.4
2026-02-24 17:00:00,2026,2,24,17,Hải Phòng,Xã Kiến Hải,20.7150982,106.7277399,69,Moderate,1,22.0,88,0.0,10.3,106,1010.9,100,18.5,23.1,245.0,9.8,89.0,5.7
2026-02-24 18:00:00,2026,2,24,18,Hải Phòng,Xã Kiến Hải,20.7150982,106.7277399,69,Moderate,1,21.4,91,0.0,12.0,116,1011.1,83,19.6,22.6,252.0,11.4,83.0,6.0
2026-02-24 19:00:00,2026,2,24,19,Hải Phòng,Xã Kiến Hải,20.7150982,106.7277399,70,Moderate,1,22.0,91,0.0,14.4,114,1011.2,100,23.3,25.8,259.0,15.6,70.0,7.9
2026-02-24 20:00:00,2026,2,24,20,Hải Phòng,Xã Kiến Hải,20.7150982,106.7277399,70,Moderate,1,21.8,91,0.0,13.7,113,1011.8,97,26.5,28.8,266.0,15.7,68.0,7.9
2026-02-24 21:00:00,2026,2,24,21,Hải Phòng,Xã Kiến Hải,20.7150982,106.7277399,71,Moderate,1,21.7,90,0.0,12.7,111,1012.4,14,28.1,30.3,273.0,15.7,65.0,7.8
2026-02-24 22:00:00,2026,2,24,22,Hải Phòng,Xã Kiến Hải,20.7150982,106.7277399,71,Moderate,1,21.2,92,0.0,9.4,128,1012.9,35,29.5,31.7,275.0,15.8,62.0,7.6
2026-02-24 23:00:00,2026,2,24,23,Hải Phòng,Xã Kiến Hải,20.7150982,106.7277399,72,Moderate,1,20.9,94,0.0,4.7,122,1013.2,52,31.9,33.9,270.0,15.8,58.0,7.3
2026-02-25 00:00:00,2026,2,25,0,Hải Phòng,Xã Kiến Hải,20.7150982,106.7277399,73,Moderate,1,20.6,94,0.0,4.3,105,1012.7,38,33.8,35.6,261.0,15.8,53.0,6.8
2026-02-25 01:00:00,2026,2,25,1,Hải Phòng,Xã Kiến Hải,20.7150982,106.7277399,74,Moderate,1,21.0,95,0.0,6.0,127,1012.0,100,36.9,38.8,252.0,15.9,48.0,6.3
2026-02-25 02:00:00,2026,2,25,2,Hải Phòng,Xã Kiến Hải,20.7150982,106.7277399,75,Moderate,1,21.1,95,0.0,7.0,116,1011.6,100,41.7,43.7,240.0,16.1,42.0,5.5
2026-02-25 03:00:00,2026,2,25,3,Hải Phòng,Xã Kiến Hải,20.7150982,106.7277399,77,Moderate,1,21.1,95,0.0,5.3,125,1011.7,100,47.5,49.6,228.0,16.3,35.0,4.7
2026-02-25 04:00:00,2026,2,25,4,Hải Phòng,Xã Kiến Hải,20.7150982,106.7277399,79,Moderate,1,20.9,95,0.0,3.5,114,1011.9,100,51.6,53.4,228.0,16.7,31.0,4.3
2026-02-25 05:00:00,2026,2,25,5,Hải Phòng,Xã Kiến Hải,20.7150982,106.7277399,82,Moderate,1,21.0,95,0.0,4.1,124,1012.1,100,55.6,57.5,253.0,17.7,29.0,4.7
2026-02-25 06:00:00,2026,2,25,6,Hải Phòng,Xã Kiến Hải,20.7150982,106.7277399,84,Moderate,1,21.1,95,0.1,4.6,132,1012.7,100,57.5,59.4,291.0,18.9,29.0,5.6
2026-02-25 07:00:00,2026,2,25,7,Hải Phòng,Xã Kiến Hải,20.7150982,106.7277399,87,Moderate,1,21.4,92,0.4,5.1,100,1013.5,100,57.4,58.8,314.0,19.8,29.0,6.1
2026-02-25 08:00:00,2026,2,25,8,Hải Phòng,Xã Kiến Hải,20.7150982,106.7277399,89,Moderate,1,21.8,92,0.0,9.3,119,1013.9,79,40.9,42.0,307.0,17.9,44.0,6.9
2026-02-25 09:00:00,2026,2,25,9,Hải Phòng,Xã Kiến Hải,20.7150982,106.7277399,91,Moderate,1,22.9,87,0.0,11.3,124,1014.0,100,22.6,24.2,285.0,15.2,64.0,8.0
2026-02-25 10:00:00,2026,2,25,10,Hải Phòng,Xã Kiến Hải,20.7150982,106.7277399,91,Moderate,1,22.2,89,0.1,12.8,116,1014.6,100,18.3,19.7,266.0,12.9,80.0,8.6
2026-02-25 11:00:00,2026,2,25,11,Hải Phòng,Xã Kiến Hải,20.7150982,106.7277399,91,Moderate,1,22.6,88,0.0,13.8,104,1013.5,100,17.8,19.0,255.0,11.3,88.0,8.3
2026-02-25 12:00:00,2026,2,25,12,Hải Phòng,Xã Kiến Hải,20.7150982,106.7277399,91,Moderate,1,23.6,82,0.0,11.1,113,1012.7,100,18.3,19.6,248.0,10.1,93.0,7.6
2026-02-25 13:00:00,2026,2,25,13,Hải Phòng,Xã Kiến Hải,20.7150982,106.7277399,91,Moderate,1,22.8,87,0.0,8.7,128,1012.5,93,19.0,20.3,242.0,9.4,96.0,7.1
2026-02-25 14:00:00,2026,2,25,14,Hải Phòng,Xã Kiến Hải,20.7150982,106.7277399,91,Moderate,1,23.8,82,0.0,12.1,131,1011.6,100,19.8,21.2,237.0,9.2,100.0,7.1
2026-02-25 15:00:00,2026,2,25,15,Hải Phòng,Xã Kiến Hải,20.7150982,106.7277399,91,Moderate,1,22.6,85,0.0,11.7,128,1011.0,99,21.5,22.9,234.0,9.6,102.0,7.4
2026-02-25 16:00:00,2026,2,25,16,Hải Phòng,Xã Kiến Hải,20.7150982,106.7277399,91,Moderate,1,22.6,83,0.0,11.1,121,1010.5,57,22.0,23.4,238.0,10.5,101.0,7.8
2026-02-25 17:00:00,2026,2,25,17,Hải Phòng,Xã Kiến Hải,20.7150982,106.7277399,92,Moderate,1,22.1,86,0.0,10.9,121,1010.5,41,21.8,23.4,252.0,12.4,95.0,8.2
2026-02-25 18:00:00,2026,2,25,18,Hải Phòng,Xã Kiến Hải,20.7150982,106.7277399,92,Moderate,1,21.0,91,0.0,9.0,113,1010.8,16,23.7,25.0,272.0,14.9,86.0,8.6
2026-02-25 19:00:00,2026,2,25,19,Hải Phòng,Xã Kiến Hải,20.7150982,106.7277399,92,Moderate,1,21.1,95,0.0,11.2,109,1011.3,34,26.7,27.4,298.0,18.0,71.0,9.6
2026-02-25 20:00:00,2026,2,25,20,Hải Phòng,Xã Kiến Hải,20.7150982,106.7277399,93,Moderate,1,20.9,96,0.1,11.1,103,1011.9,32,29.2,29.9,337.0,19.0,67.0,10.5
2026-02-25 21:00:00,2026,2,25,21,Hải Phòng,Xã Kiến Hải,20.7150982,106.7277399,93,Moderate,1,20.6,99,0.0,9.2,113,1012.3,82,32.9,33.8,381.0,20.4,62.0,11.6
2026-02-25 22:00:00,2026,2,25,22,Hải Phòng,Xã Kiến Hải,20.7150982,106.7277399,93,Moderate,1,20.5,99,0.0,5.6,86,1012.7,100,38.8,39.8,405.0,21.4,56.0,11.8
2026-02-25 23:00:00,2026,2,25,23,Hải Phòng,Xã Kiến Hải,20.7150982,106.7277399,94,Moderate,1,20.4,99,0.0,5.8,76,1012.3,100,45.4,46.6,392.0,21.9,50.0,10.2
2026-02-26 00:00:00,2026,2,26,0,Hải Phòng,Xã Kiến Hải,20.7150982,106.7277399,95,Moderate,1,20.2,99,0.0,6.6,99,1012.0,100,52.0,53.6,359.0,22.1,45.0,7.7
2026-02-26 01:00:00,2026,2,26,1,Hải Phòng,Xã Kiến Hải,20.7150982,106.7277399,97,Moderate,1,20.5,99,0.0,7.0,103,1011.7,100,58.4,59.8,327.0,21.7,40.0,5.3
2026-02-26 02:00:00,2026,2,26,2,Hải Phòng,Xã Kiến Hải,20.7150982,106.7277399,99,Moderate,1,20.4,99,0.0,7.9,102,1011.0,100,62.6,64.0,298.0,20.4,37.0,3.2
2026-02-26 03:00:00,2026,2,26,3,Hải Phòng,Xã Kiến Hải,20.7150982,106.7277399,101,Unhealthy for Sensitive Groups,2,20.1,99,0.0,7.3,110,1010.6,100,66.4,67.5,270.0,18.6,35.0,1.2
2026-02-26 04:00:00,2026,2,26,4,Hải Phòng,Xã Kiến Hải,20.7150982,106.7277399,103,Unhealthy for Sensitive Groups,2,20.0,99,0.0,7.3,123,1010.5,100,68.0,69.2,255.0,17.3,35.0,0.5
2026-02-26 05:00:00,2026,2,26,5,Hải Phòng,Xã Kiến Hải,20.7150982,106.7277399,105,Unhealthy for Sensitive Groups,2,19.9,99,0.0,8.2,126,1010.7,100,65.7,66.8,264.0,16.9,37.0,2.0
2026-02-26 06:00:00,2026,2,26,6,Hải Phòng,Xã Kiến Hải,20.7150982,106.7277399,106,Unhealthy for Sensitive Groups,2,19.9,100,0.0,9.0,125,1011.2,100,60.1,61.7,285.0,17.1,40.0,4.7
2026-02-26 07:00:00,2026,2,26,7,Hải Phòng,Xã Kiến Hải,20.7150982,106.7277399,106,Unhealthy for Sensitive Groups,2,20.5,98,0.0,5.3,125,1012.0,100,49.2,51.3,296.0,16.8,57.0,8.4
2026-02-26 08:00:00,2026,2,26,8,Hải Phòng,Xã Kiến Hải,20.7150982,106.7277399,105,Unhealthy for Sensitive Groups,2,20.9,95,0.0,6.2,128,1012.4,99,39.0,41.1,285.0,16.9,62.0,8.7
2026-02-26 09:00:00,2026,2,26,9,Hải Phòng,Xã Kiến Hải,20.7150982,106.7277399,105,Unhealthy for Sensitive Groups,2,21.3,92,0.0,8.1,127,1012.4,100,35.0,36.9,265.0,16.9,69.0,9.1
2026-02-26 10:00:00,2026,2,26,10,Hải Phòng,Xã Kiến Hải,20.7150982,106.7277399,106,Unhealthy for Sensitive Groups,2,21.8,90,0.0,3.9,133,1012.6,100,32.2,34.1,247.0,16.8,75.0,9.2
2026-02-26 11:00:00,2026,2,26,11,Hải Phòng,Xã Kiến Hải,20.7150982,106.7277399,108,Unhealthy for Sensitive Groups,2,22.4,87,0.1,4.7,152,1011.7,100,25.1,27.1,237.0,16.4,79.0,8.7
2026-02-26 12:00:00,2026,2,26,12,Hải Phòng,Xã Kiến Hải,20.7150982,106.7277399,108,Unhealthy for Sensitive Groups,2,22.1,89,0.1,7.6,161,1010.9,100,22.6,24.9,231.0,15.8,82.0,7.8
2026-02-26 13:00:00,2026,2,26,13,Hải Phòng,Xã Kiến Hải,20.7150982,106.7277399,109,Unhealthy for Sensitive Groups,2,21.5,92,0.0,8.4,165,1010.0,100,18.7,21.1,223.0,14.8,84.0,7.0
2026-02-26 14:00:00,2026,2,26,14,Hải Phòng,Xã Kiến Hải,20.7150982,106.7277399,109,Unhealthy for Sensitive Groups,2,22.0,90,0.1,10.4,154,1008.4,100,16.9,19.4,210.0,12.9,86.0,6.2
2026-02-26 15:00:00,2026,2,26,15,Hải Phòng,Xã Kiến Hải,20.7150982,106.7277399,109,Unhealthy for Sensitive Groups,2,22.1,90,0.1,7.3,149,1007.6,100,15.5,18.1,197.0,10.7,88.0,5.5
2026-02-26 16:00:00,2026,2,26,16,Hải Phòng,Xã Kiến Hải,20.7150982,106.7277399,108,Unhealthy for Sensitive Groups,2,21.7,91,0.1,6.2,128,1007.1,100,14.5,17.5,192.0,9.5,88.0,5.2
2026-02-26 17:00:00,2026,2,26,17,Hải Phòng,Xã Kiến Hải,20.7150982,106.7277399,107,Unhealthy for Sensitive Groups,2,21.5,91,0.0,8.1,141,1006.7,100,15.3,19.2,203.0,10.3,85.0,5.6
2026-02-26 18:00:00,2026,2,26,18,Hải Phòng,Xã Kiến Hải,20.7150982,106.7277399,106,Unhealthy for Sensitive Groups,2,21.2,94,0.0,8.9,148,1006.8,76,15.8,18.2,223.0,12.0,80.0,6.5
2026-02-26 19:00:00,2026,2,26,19,Hải Phòng,Xã Kiến Hải,20.7150982,106.7277399,106,Unhealthy for Sensitive Groups,2,21.7,97,0.0,11.7,136,1006.6,78,21.9,23.8,235.0,15.3,69.0,7.8
2026-02-26 20:00:00,2026,2,26,20,Hải Phòng,Xã Kiến Hải,20.7150982,106.7277399,105,Unhealthy for Sensitive Groups,2,21.5,96,0.0,11.3,143,1007.3,95,24.2,26.3,234.0,15.7,67.0,8.3
2026-02-26 21:00:00,2026,2,26,21,Hải Phòng,Xã Kiến Hải,20.7150982,106.7277399,105,Unhealthy for Sensitive Groups,2,21.6,96,0.0,11.2,147,1007.5,80,25.4,28.3,227.0,16.2,63.0,9.0
2026-02-26 22:00:00,2026,2,26,22,Hải Phòng,Xã Kiến Hải,20.7150982,106.7277399,104,Unhealthy for Sensitive Groups,2,21.5,95,0.0,10.4,162,1008.0,87,26.8,30.6,216.0,16.4,60.0,9.0
2026-02-26 23:00:00,2026,2,26,23,Hải Phòng,Xã Kiến Hải,20.7150982,106.7277399,103,Unhealthy for Sensitive Groups,2,21.2,93,0.0,9.4,175,1008.1,70,27.9,32.2,201.0,16.0,58.0,7.6
2026-02-27 00:00:00,2026,2,27,0,Hải Phòng,Xã Kiến Hải,20.7150982,106.7277399,101,Unhealthy for Sensitive Groups,2,21.0,93,0.0,6.8,180,1008.1,70,36.1,39.8,184.0,15.3,56.0,5.4
2026-02-27 01:00:00,2026,2,27,1,Hải Phòng,Xã Kiến Hải,20.7150982,106.7277399,99,Moderate,1,21.5,94,0.0,7.7,180,1007.4,80,41.2,44.7,171.0,14.9,55.0,4.2
2026-02-27 02:00:00,2026,2,27,2,Hải Phòng,Xã Kiến Hải,20.7150982,106.7277399,98,Moderate,1,21.4,95,0.0,7.9,191,1007.2,73,42.7,46.4,163.0,14.8,54.0,4.5
2026-02-27 03:00:00,2026,2,27,3,Hải Phòng,Xã Kiến Hải,20.7150982,106.7277399,96,Moderate,1,21.2,96,0.0,8.7,185,1006.8,25,43.5,47.4,160.0,14.8,53.0,5.7
2026-02-27 04:00:00,2026,2,27,4,Hải Phòng,Xã Kiến Hải,20.7150982,106.7277399,94,Moderate,1,21.1,96,0.0,6.0,190,1006.9,52,40.3,44.4,166.0,15.5,52.0,7.2
2026-02-27 05:00:00,2026,2,27,5,Hải Phòng,Xã Kiến Hải,20.7150982,106.7277399,91,Moderate,1,21.0,96,0.0,6.1,177,1007.3,41,37.6,42.4,192.0,17.5,49.0,9.2
2026-02-27 06:00:00,2026,2,27,6,Hải Phòng,Xã Kiến Hải,20.7150982,106.7277399,89,Moderate,1,21.0,97,0.0,6.5,174,1007.8,100,33.8,40.3,227.0,20.0,45.0,11.4
2026-02-27 07:00:00,2026,2,27,7,Hải Phòng,Xã Kiến Hải,20.7150982,106.7277399,87,Moderate,1,21.0,98,0.0,2.2,125,1008.3,86,39.7,44.9,246.0,21.0,41.0,12.2
2026-02-27 08:00:00,2026,2,27,8,Hải Phòng,Xã Kiến Hải,20.7150982,106.7277399,86,Moderate,1,22.7,93,0.0,5.8,171,1009.1,100,30.0,36.1,233.0,19.2,46.0,11.6
2026-02-27 09:00:00,2026,2,27,9,Hải Phòng,Xã Kiến Hải,20.7150982,106.7277399,85,Moderate,1,23.8,89,0.0,8.8,165,1009.2,80,21.4,26.6,205.0,16.6,53.0,10.7
2026-02-27 10:00:00,2026,2,27,10,Hải Phòng,Xã Kiến Hải,20.7150982,106.7277399,84,Moderate,1,24.1,87,0.1,11.2,152,1009.7,80,20.8,25.4,181.0,14.3,59.0,9.8
2026-02-27 11:00:00,2026,2,27,11,Hải Phòng,Xã Kiến Hải,20.7150982,106.7277399,83,Moderate,1,24.7,84,0.1,12.6,158,1009.1,56,18.5,22.3,171.0,12.6,61.0,8.8
2026-02-27 12:00:00,2026,2,27,12,Hải Phòng,Xã Kiến Hải,20.7150982,106.7277399,82,Moderate,1,24.5,86,0.0,15.5,154,1008.3,82,16.8,20.1,166.0,11.2,62.0,7.7
2026-02-27 13:00:00,2026,2,27,13,Hải Phòng,Xã Kiến Hải,20.7150982,106.7277399,82,Moderate,1,24.1,86,0.1,17.7,155,1007.7,82,16.0,18.9,163.0,10.0,62.0,6.7
2026-02-27 14:00:00,2026,2,27,14,Hải Phòng,Xã Kiến Hải,20.7150982,106.7277399,81,Moderate,1,24.0,87,0.0,16.5,146,1006.3,78,13.8,16.4,161.0,8.9,62.0,5.7
2026-02-27 15:00:00,2026,2,27,15,Hải Phòng,Xã Kiến Hải,20.7150982,106.7277399,81,Moderate,1,23.9,88,0.0,15.2,153,1005.4,36,12.0,14.4,162.0,8.0,61.0,4.7
2026-02-27 16:00:00,2026,2,27,16,Hải Phòng,Xã Kiến Hải,20.7150982,106.7277399,81,Moderate,1,23.5,89,0.0,14.7,152,1004.9,38,11.7,13.9,163.0,7.6,60.0,4.1
2026-02-27 17:00:00,2026,2,27,17,Hải Phòng,Xã Kiến Hải,20.7150982,106.7277399,81,Moderate,1,22.8,94,0.0,11.0,140,1005.1,58,10.8,12.6,165.0,8.2,60.0,4.1
2026-02-27 18:00:00,2026,2,27,18,Hải Phòng,Xã Kiến Hải,20.7150982,106.7277399,80,Moderate,1,22.0,97,0.0,10.8,123,1005.4,100,13.0,14.6,167.0,9.4,61.0,4.3
2026-02-27 19:00:00,2026,2,27,19,Hải Phòng,Xã Kiến Hải,20.7150982,106.7277399,80,Moderate,1,22.9,98,0.0,15.5,128,1005.5,100,16.5,17.8,168.0,11.9,50.0,5.0
2026-02-27 20:00:00,2026,2,27,20,Hải Phòng,Xã Kiến Hải,20.7150982,106.7277399,79,Moderate,1,22.9,97,0.0,15.7,137,1006.4,100,20.5,21.9,165.0,11.2,53.0,4.7
2026-02-27 21:00:00,2026,2,27,21,Hải Phòng,Xã Kiến Hải,20.7150982,106.7277399,79,Moderate,1,22.7,97,0.0,15.8,135,1006.6,100,21.4,23.2,160.0,10.2,56.0,4.3
2026-02-27 22:00:00,2026,2,27,22,Hải Phòng,Xã Kiến Hải,20.7150982,106.7277399,79,Moderate,1,22.7,97,0.0,14.6,141,1007.0,100,22.5,24.7,158.0,9.5,58.0,3.9
2026-02-27 23:00:00,2026,2,27,23,Hải Phòng,Xã Kiến Hải,20.7150982,106.7277399,78,Moderate,1,22.7,97,0.0,15.5,145,1006.8,100,22.4,24.7,159.0,9.3,56.0,3.4
2026-02-28 00:00:00,2026,2,28,0,Hải Phòng,Xã Kiến Hải,20.7150982,106.7277399,78,Moderate,1,22.4,98,0.0,13.5,149,1006.7,67,22.2,24.2,162.0,9.3,51.0,3.0
2026-02-28 01:00:00,2026,2,28,1,Hải Phòng,Xã Kiến Hải,20.7150982,106.7277399,77,Moderate,1,22.2,99,0.0,11.4,142,1006.4,78,22.4,24.2,169.0,9.2,49.0,2.7
2026-02-28 02:00:00,2026,2,28,2,Hải Phòng,Xã Kiến Hải,20.7150982,106.7277399,75,Moderate,1,22.1,99,0.0,10.2,136,1005.8,73,20.1,23.6,182.0,8.9,50.0,2.7
2026-02-28 03:00:00,2026,2,28,3,Hải Phòng,Xã Kiến Hải,20.7150982,106.7277399,73,Moderate,1,22.0,99,0.0,11.2,135,1005.3,34,19.6,23.2,198.0,8.6,54.0,2.9
2026-02-28 04:00:00,2026,2,28,4,Hải Phòng,Xã Kiến Hải,20.7150982,106.7277399,71,Moderate,1,21.9,98,0.0,10.2,131,1005.1,39,20.1,23.9,208.0,8.5,56.0,3.1
2026-02-28 05:00:00,2026,2,28,5,Hải Phòng,Xã Kiến Hải,20.7150982,106.7277399,69,Moderate,1,22.0,98,0.0,10.1,125,1005.8,100,20.5,24.2,207.0,9.1,56.0,3.4
2026-02-28 06:00:00,2026,2,28,6,Hải Phòng,Xã Kiến Hải,20.7150982,106.7277399,68,Moderate,1,22.2,98,0.0,10.4,120,1006.4,100,20.5,24.2,199.0,10.0,55.0,3.8
2026-02-28 07:00:00,2026,2,28,7,Hải Phòng,Xã Kiến Hải,20.7150982,106.7277399,66,Moderate,1,22.8,99,0.0,13.8,132,1006.8,96,20.8,25.0,189.0,10.2,55.0,4.3
2026-02-28 08:00:00,2026,2,28,8,Hải Phòng,Xã Kiến Hải,20.7150982,106.7277399,65,Moderate,1,23.2,97,0.0,15.8,136,1007.4,22,14.9,19.1,176.0,8.7,55.0,4.2
2026-02-28 09:00:00,2026,2,28,9,Hải Phòng,Xã Kiến Hải,20.7150982,106.7277399,63,Moderate,1,24.5,88,0.0,17.8,147,1007.8,7,12.1,15.7,162.0,6.7,56.0,4.0
2026-02-28 10:00:00,2026,2,28,10,Hải Phòng,Xã Kiến Hải,20.7150982,106.7277399,63,Moderate,1,25.4,83,0.0,19.4,162,1008.3,8,9.6,12.9,151.0,5.1,57.0,3.9
2026-02-28 11:00:00,2026,2,28,11,Hải Phòng,Xã Kiến Hải,20.7150982,106.7277399,62,Moderate,1,25.9,82,0.0,21.9,173,1007.8,34,8.6,11.5,148.0,4.3,59.0,3.8
2026-02-28 12:00:00,2026,2,28,12,Hải Phòng,Xã Kiến Hải,20.7150982,106.7277399,61,Moderate,1,26.0,84,0.0,24.2,174,1006.8,57,8.0,10.7,148.0,3.9,63.0,3.6
2026-02-28 13:00:00,2026,2,28,13,Hải Phòng,Xã Kiến Hải,20.7150982,106.7277399,60,Moderate,1,24.3,91,0.1,22.7,173,1006.4,100,8.1,10.5,149.0,3.8,66.0,3.6
2026-02-28 14:00:00,2026,2,28,14,Hải Phòng,Xã Kiến Hải,20.7150982,106.7277399,59,Moderate,1,24.9,87,0.1,25.6,168,1005.0,100,8.6,10.8,147.0,4.1,71.0,3.7
2026-02-28 15:00:00,2026,2,28,15,Hải Phòng,Xã Kiến Hải,20.7150982,106.7277399,59,Moderate,1,24.8,88,0.0,22.8,166,1003.8,95,9.2,11.5,145.0,4.6,75.0,3.8
2026-02-28 16:00:00,2026,2,28,16,Hải Phòng,Xã Kiến Hải,20.7150982,106.7277399,59,Moderate,1,24.1,91,0.0,17.4,170,1003.8,100,9.2,11.6,145.0,5.5,77.0,4.1
2026-02-28 17:00:00,2026,2,28,17,Hải Phòng,Xã Kiến Hải,20.7150982,106.7277399,58,Moderate,1,23.6,93,0.0,15.9,167,1003.9,47,9.5,12.3,149.0,6.9,73.0,4.6
2026-02-28 18:00:00,2026,2,28,18,Hải Phòng,Xã Kiến Hải,20.7150982,106.7277399,58,Moderate,1,23.0,94,0.0,16.0,163,1003.9,9,10.1,13.0,156.0,8.5,67.0,5.2
2026-02-28 19:00:00,2026,2,28,19,Hải Phòng,Xã Kiến Hải,20.7150982,106.7277399,58,Moderate,1,23.0,97,0.0,16.5,153,1004.5,11,11.5,14.6,160.0,9.2,62.0,5.5
2026-02-28 20:00:00,2026,2,28,20,Hải Phòng,Xã Kiến Hải,20.7150982,106.7277399,57,Moderate,1,22.9,97,0.0,14.7,154,1005.0,4,13.0,16.2,160.0,9.3,61.0,5.4
2026-02-28 21:00:00,2026,2,28,21,Hải Phòng,Xã Kiến Hải,20.7150982,106.7277399,57,Moderate,1,22.9,96,0.0,12.5,160,1005.3,3,13.8,17.2,159.0,9.5,58.0,5.3
2026-02-28 22:00:00,2026,2,28,22,Hải Phòng,Xã Kiến Hải,20.7150982,106.7277399,56,Moderate,1,22.8,96,0.0,12.2,166,1005.7,13,13.9,17.2,157.0,9.5,57.0,5.1
2026-02-28 23:00:00,2026,2,28,23,Hải Phòng,Xã Kiến Hải,20.7150982,106.7277399,55,Moderate,1,22.9,95,0.0,13.3,171,1005.9,20,13.2,16.4,156.0,9.3,57.0,4.8
2026-03-01 00:00:00,2026,3,1,0,Hải Phòng,Xã Kiến Hải,20.7150982,106.7277399,55,Moderate,1,22.7,95,0.0,11.4,168,1005.6,29,11.8,15.0,155.0,8.9,57.0,4.4
2026-03-01 01:00:00,2026,3,1,1,Hải Phòng,Xã Kiến Hải,20.7150982,106.7277399,54,Moderate,1,22.8,97,0.0,7.9,139,1005.4,20,11.0,14.2,156.0,8.6,57.0,4.1
2026-03-01 02:00:00,2026,3,1,2,Hải Phòng,Xã Kiến Hải,20.7150982,106.7277399,53,Moderate,1,22.6,97,0.0,7.5,114,1004.9,60,11.0,14.2,157.0,8.5,57.0,4.0
2026-03-01 03:00:00,2026,3,1,3,Hải Phòng,Xã Kiến Hải,20.7150982,106.7277399,52,Moderate,1,22.8,97,0.0,9.3,115,1004.8,100,11.4,14.7,159.0,8.6,56.0,4.1
2026-03-01 04:00:00,2026,3,1,4,Hải Phòng,Xã Kiến Hải,20.7150982,106.7277399,51,Moderate,1,22.9,96,0.0,11.6,116,1004.9,100,12.0,15.3,166.0,8.7,56.0,4.2
2026-03-01 05:00:00,2026,3,1,5,Hải Phòng,Xã Kiến Hải,20.7150982,106.7277399,50,Good,0,22.9,96,0.0,12.6,124,1005.1,100,12.8,16.1,186.0,9.2,56.0,4.4
2026-03-01 06:00:00,2026,3,1,6,Hải Phòng,Xã Kiến Hải,20.7150982,106.7277399,49,Good,0,22.9,96,0.0,12.2,128,1005.7,100,13.6,16.9,211.0,9.7,56.0,4.7
2026-03-01 07:00:00,2026,3,1,7,Hải Phòng,Xã Kiến Hải,20.7150982,106.7277399,48,Good,0,23.1,96,0.0,10.3,125,1006.5,100,16.6,20.1,226.0,12.7,46.0,6.1
2026-03-01 08:00:00,2026,3,1,8,Hải Phòng,Xã Kiến Hải,20.7150982,106.7277399,47,Good,0,24.1,92,0.0,11.2,132,1007.4,100,15.8,20.0,220.0,11.6,54.0,6.0
2026-03-01 09:00:00,2026,3,1,9,Hải Phòng,Xã Kiến Hải,20.7150982,106.7277399,48,Good,0,24.5,91,0.0,12.4,138,1008.1,100,15.4,19.8,204.0,10.1,66.0,5.8
2026-03-01 10:00:00,2026,3,1,10,Hải Phòng,Xã Kiến Hải,20.7150982,106.7277399,48,Good,0,24.9,90,0.0,14.5,150,1008.2,100,15.4,19.9,192.0,8.7,78.0,5.7
2026-03-01 11:00:00,2026,3,1,11,Hải Phòng,Xã Kiến Hải,20.7150982,106.7277399,49,Good,0,24.5,91,0.0,14.0,147,1007.6,81,15.8,20.3,190.0,7.4,93.0,5.7
2026-03-01 12:00:00,2026,3,1,12,Hải Phòng,Xã Kiến Hải,20.7150982,106.7277399,50,Good,0,25.5,87,0.0,15.5,157,1006.4,38,15.9,20.2,192.0,6.1,108.0,5.6
2026-03-01 13:00:00,2026,3,1,13,Hải Phòng,Xã Kiến Hải,20.7150982,106.7277399,51,Moderate,1,24.6,88,0.0,14.7,163,1006.0,46,16.1,20.4,193.0,5.3,118.0,5.6
2026-03-01 14:00:00,2026,3,1,14,Hải Phòng,Xã Kiến Hải,20.7150982,106.7277399,52,Moderate,1,25.4,87,0.0,14.6,151,1005.0,91,16.4,21.0,189.0,5.2,118.0,5.4
2026-03-01 15:00:00,2026,3,1,15,Hải Phòng,Xã Kiến Hải,20.7150982,106.7277399,52,Moderate,1,24.5,92,0.0,14.0,142,1004.4,100,15.5,19.7,184.0,5.5,112.0,5.2
2026-03-01 16:00:00,2026,3,1,16,Hải Phòng,Xã Kiến Hải,20.7150982,106.7277399,53,Moderate,1,24.1,92,0.0,13.1,146,1004.1,33,14.8,19.1,181.0,6.2,104.0,5.2
2026-03-01 17:00:00,2026,3,1,17,Hải Phòng,Xã Kiến Hải,20.7150982,106.7277399,53,Moderate,1,23.7,92,0.0,11.6,143,1004.4,28,14.8,19.2,181.0,7.6,95.0,5.5
2026-03-01 18:00:00,2026,3,1,18,Hải Phòng,Xã Kiến Hải,20.7150982,106.7277399,54,Moderate,1,23.0,96,0.0,11.4,139,1004.7,10,15.3,18.9,184.0,9.4,85.0,5.9
2026-03-01 19:00:00,2026,3,1,19,Hải Phòng,Xã Kiến Hải,20.7150982,106.7277399,54,Moderate,1,23.4,98,0.0,11.9,139,1004.6,14,16.2,20.3,186.0,10.2,79.0,5.7
2026-03-01 20:00:00,2026,3,1,20,Hải Phòng,Xã Kiến Hải,20.7150982,106.7277399,55,Moderate,1,23.2,98,0.0,11.6,133,1005.2,16,17.6,21.9,188.0,9.8,76.0,5.7
2026-03-01 21:00:00,2026,3,1,21,Hải Phòng,Xã Kiến Hải,20.7150982,106.7277399,55,Moderate,1,23.1,96,0.0,10.2,138,1005.9,5,17.4,21.7,189.0,9.2,72.0,5.6
2026-03-01 22:00:00,2026,3,1,22,Hải Phòng,Xã Kiến Hải,20.7150982,106.7277399,55,Moderate,1,23.0,96,0.0,9.7,153,1006.6,2,16.3,20.3,189.0,8.7,68.0,5.4
2026-03-01 23:00:00,2026,3,1,23,Hải Phòng,Xã Kiến Hải,20.7150982,106.7277399,56,Moderate,1,23.0,95,0.0,11.7,167,1006.7,1,14.7,18.3,186.0,8.4,65.0,5.0
2026-03-02 00:00:00,2026,3,2,0,Hải Phòng,Xã Kiến Hải,20.7150982,106.7277399,56,Moderate,1,23.0,95,0.0,8.7,175,1006.8,2,12.9,16.4,182.0,8.2,63.0,4.5
2026-03-02 01:00:00,2026,3,2,1,Hải Phòng,Xã Kiến Hải,20.7150982,106.7277399,56,Moderate,1,22.7,97,0.0,1.3,56,1006.7,77,12.2,15.7,178.0,8.3,60.0,4.2
2026-03-02 02:00:00,2026,3,2,2,Hải Phòng,Xã Kiến Hải,20.7150982,106.7277399,56,Moderate,1,23.1,96,0.0,5.0,109,1006.2,100,12.7,16.4,171.0,8.8,56.0,4.1
2026-03-02 03:00:00,2026,3,2,3,Hải Phòng,Xã Kiến Hải,20.7150982,106.7277399,56,Moderate,1,23.0,97,0.0,8.6,98,1006.0,28,14.1,17.8,165.0,9.5,53.0,4.2
2026-03-02 04:00:00,2026,3,2,4,Hải Phòng,Xã Kiến Hải,20.7150982,106.7277399,56,Moderate,1,22.9,98,0.0,10.5,94,1006.0,44,15.4,19.1,167.0,10.2,50.0,4.5
2026-03-02 05:00:00,2026,3,2,5,Hải Phòng,Xã Kiến Hải,20.7150982,106.7277399,57,Moderate,1,22.7,98,0.0,10.7,104,1006.6,10,16.1,19.9,189.0,11.1,47.0,5.0
2026-03-02 06:00:00,2026,3,2,6,Hải Phòng,Xã Kiến Hải,20.7150982,106.7277399,57,Moderate,1,22.5,98,0.0,10.4,98,1007.2,19,16.7,20.4,219.0,11.9,46.0,5.7
2026-03-02 07:00:00,2026,3,2,7,Hải Phòng,Xã Kiến Hải,20.7150982,106.7277399,57,Moderate,1,23.1,97,0.0,12.3,95,1008.2,100,19.3,22.6,238.0,13.6,38.0,6.8
2026-03-02 08:00:00,2026,3,2,8,Hải Phòng,Xã Kiến Hải,20.7150982,106.7277399,58,Moderate,1,24.2,94,0.0,12.6,95,1008.9,100,17.1,21.8,232.0,12.8,49.0,6.5
2026-03-02 09:00:00,2026,3,2,9,Hải Phòng,Xã Kiến Hải,20.7150982,106.7277399,58,Moderate,1,25.1,90,0.0,13.5,106,1009.3,100,17.3,22.5,214.0,11.7,65.0,6.0
2026-03-02 10:00:00,2026,3,2,10,Hải Phòng,Xã Kiến Hải,20.7150982,106.7277399,58,Moderate,1,25.4,90,0.0,13.0,115,1009.7,100,18.0,23.2,201.0,10.5,78.0,5.7
2026-03-02 11:00:00,2026,3,2,11,Hải Phòng,Xã Kiến Hải,20.7150982,106.7277399,58,Moderate,1,25.6,89,0.0,12.9,136,1009.5,100,18.9,24.2,199.0,9.3,86.0,5.6
2026-03-02 12:00:00,2026,3,2,12,Hải Phòng,Xã Kiến Hải,20.7150982,106.7277399,58,Moderate,1,25.7,89,0.0,12.1,143,1008.7,100,18.9,24.0,201.0,8.1,90.0,5.7
2026-03-02 13:00:00,2026,3,2,13,Hải Phòng,Xã Kiến Hải,20.7150982,106.7277399,59,Moderate,1,25.0,91,0.0,11.6,141,1007.9,85,18.2,23.3,203.0,7.3,92.0,5.7
2026-03-02 14:00:00,2026,3,2,14,Hải Phòng,Xã Kiến Hải,20.7150982,106.7277399,59,Moderate,1,25.5,90,0.0,11.2,131,1006.9,47,17.9,22.9,202.0,7.2,89.0,5.5
2026-03-02 15:00:00,2026,3,2,15,Hải Phòng,Xã Kiến Hải,20.7150982,106.7277399,59,Moderate,1,25.4,91,0.0,11.6,120,1006.2,50,17.1,21.8,201.0,7.6,84.0,5.3
2026-03-02 16:00:00,2026,3,2,16,Hải Phòng,Xã Kiến Hải,20.7150982,106.7277399,59,Moderate,1,24.8,93,0.0,11.5,119,1006.2,45,13.8,17.6,200.0,8.1,77.0,4.9
2026-03-02 17:00:00,2026,3,2,17,Hải Phòng,Xã Kiến Hải,20.7150982,106.7277399,59,Moderate,1,24.0,95,0.1,11.8,111,1006.3,7,14.8,18.8,197.0,9.0,69.0,4.3
2026-03-02 18:00:00,2026,3,2,18,Hải Phòng,Xã Kiến Hải,20.7150982,106.7277399,59,Moderate,1,23.0,98,0.0,13.8,98,1006.5,2,17.2,21.1,194.0,10.2,60.0,3.5
2026-03-02 19:00:00,2026,3,2,19,Hải Phòng,Xã Kiến Hải,20.7150982,106.7277399,59,Moderate,1,23.3,100,0.0,14.2,97,1006.6,100,18.0,21.5,198.0,12.9,49.0,4.2
2026-03-02 20:00:00,2026,3,2,20,Hải Phòng,Xã Kiến Hải,20.7150982,106.7277399,59,Moderate,1,23.1,100,0.0,18.7,88,1007.3,100,22.4,24.3,209.0,12.1,48.0,3.7
2026-03-02 21:00:00,2026,3,2,21,Hải Phòng,Xã Kiến Hải,20.7150982,106.7277399,60,Moderate,1,22.8,100,0.0,23.4,90,1008.0,68,23.3,24.9,226.0,10.9,47.0,2.9
2026-03-02 22:00:00,2026,3,2,22,Hải Phòng,Xã Kiến Hải,20.7150982,106.7277399,60,Moderate,1,22.6,94,0.0,23.8,92,1008.5,9,20.7,21.9,258.0,9.9,48.0,2.6
2026-03-02 23:00:00,2026,3,2,23,Hải Phòng,Xã Kiến Hải,20.7150982,106.7277399,61,Moderate,1,22.6,88,0.0,22.7,89,1009.0,58,18.3,19.2,322.0,9.3,53.0,2.9
2026-03-03 00:00:00,2026,3,3,0,Hải Phòng,Xã Kiến Hải,20.7150982,106.7277399,61,Moderate,1,22.5,85,0.1,23.1,88,1009.1,100,16.9,17.5,401.0,8.9,60.0,3.5
2026-03-03 01:00:00,2026,3,3,1,Hải Phòng,Xã Kiến Hải,20.7150982,106.7277399,61,Moderate,1,21.9,87,0.1,25.5,72,1008.4,100,20.0,20.4,450.0,8.8,65.0,4.6
2026-03-03 02:00:00,2026,3,3,2,Hải Phòng,Xã Kiến Hải,20.7150982,106.7277399,62,Moderate,1,20.5,92,2.3,27.3,77,1008.2,100,24.4,24.5,438.0,8.9,68.0,6.3
2026-03-03 03:00:00,2026,3,3,3,Hải Phòng,Xã Kiến Hải,20.7150982,106.7277399,63,Moderate,1,20.2,94,4.9,19.2,63,1008.6,100,28.5,28.5,396.0,9.2,70.0,8.4
2026-03-03 04:00:00,2026,3,3,4,Hải Phòng,Xã Kiến Hải,20.7150982,106.7277399,64,Moderate,1,20.5,95,8.6,6.9,17,1009.5,100,29.3,29.3,371.0,9.8,70.0,10.0
2026-03-03 05:00:00,2026,3,3,5,Hải Phòng,Xã Kiến Hải,20.7150982,106.7277399,66,Moderate,1,20.9,97,6.0,1.2,39,1010.1,100,26.1,26.1,387.0,11.0,67.0,10.7
2026-03-03 06:00:00,2026,3,3,6,Hải Phòng,Xã Kiến Hải,20.7150982,106.7277399,66,Moderate,1,20.5,96,2.1,14.9,7,1010.8,96,24.1,24.2,420.0,12.5,63.0,10.9
2026-03-03 07:00:00,2026,3,3,7,Hải Phòng,Xã Kiến Hải,20.7150982,106.7277399,67,Moderate,1,19.1,88,10.1,24.8,32,1011.3,93,20.8,20.8,450.0,11.5,62.0,10.1
2026-03-03 08:00:00,2026,3,3,8,Hải Phòng,Xã Kiến Hải,20.7150982,106.7277399,67,Moderate,1,19.9,79,0.4,17.0,30,1012.5,100,20.7,20.7,472.0,12.6,58.0,11.7
2026-03-03 09:00:00,2026,3,3,9,Hải Phòng,Xã Kiến Hải,20.7150982,106.7277399,68,Moderate,1,20.8,74,0.0,14.4,38,1013.3,48,22.3,22.4,491.0,14.0,54.0,14.0
2026-03-03 10:00:00,2026,3,3,10,Hải Phòng,Xã Kiến Hải,20.7150982,106.7277399,68,Moderate,1,22.3,68,0.0,12.8,39,1014.0,100,24.7,24.8,500.0,15.0,52.0,15.7
2026-03-03 11:00:00,2026,3,3,11,Hải Phòng,Xã Kiến Hải,20.7150982,106.7277399,69,Moderate,1,22.7,67,0.0,10.6,39,1013.9,97,26.4,26.5,492.0,15.0,56.0,16.3
2026-03-03 12:00:00,2026,3,3,12,Hải Phòng,Xã Kiến Hải,20.7150982,106.7277399,69,Moderate,1,24.0,64,0.0,10.0,69,1013.3,100,27.7,27.8,474.0,14.6,64.0,16.4
2026-03-03 13:00:00,2026,3,3,13,Hải Phòng,Xã Kiến Hải,20.7150982,106.7277399,70,Moderate,1,22.6,71,0.0,17.5,90,1012.5,100,29.1,29.3,458.0,14.2,71.0,16.1
2026-03-03 14:00:00,2026,3,3,14,Hải Phòng,Xã Kiến Hải,20.7150982,106.7277399,71,Moderate,1,21.5,73,0.0,17.1,82,1011.9,95,28.6,28.7,448.0,13.9,78.0,15.3
2026-03-03 15:00:00,2026,3,3,15,Hải Phòng,Xã Kiến Hải,20.7150982,106.7277399,72,Moderate,1,22.1,72,0.0,17.4,85,1011.3,100,28.2,28.3,441.0,13.6,85.0,14.1
2026-03-03 16:00:00,2026,3,3,16,Hải Phòng,Xã Kiến Hải,20.7150982,106.7277399,73,Moderate,1,21.6,73,0.0,19.4,83,1011.5,100,27.9,28.1,436.0,13.5,89.0,13.1
2026-03-03 17:00:00,2026,3,3,17,Hải Phòng,Xã Kiến Hải,20.7150982,106.7277399,74,Moderate,1,21.2,73,0.0,19.2,82,1012.0,100,27.6,27.8,434.0,13.7,88.0,12.3
2026-03-03 18:00:00,2026,3,3,18,Hải Phòng,Xã Kiến Hải,20.7150982,106.7277399,75,Moderate,1,21.2,74,0.0,17.1,81,1012.9,100,28.5,28.6,434.0,14.1,84.0,11.7
2026-03-03 19:00:00,2026,3,3,19,Hải Phòng,Xã Kiến Hải,20.7150982,106.7277399,76,Moderate,1,21.0,75,0.0,23.1,75,1013.3,100,36.6,36.7,433.0,13.7,69.0,10.8
2026-03-03 20:00:00,2026,3,3,20,Hải Phòng,Xã Kiến Hải,20.7150982,106.7277399,78,Moderate,1,20.6,75,0.0,21.3,63,1014.6,100,35.5,35.6,430.0,13.8,67.0,11.4
2026-03-03 21:00:00,2026,3,3,21,Hải Phòng,Xã Kiến Hải,20.7150982,106.7277399,79,Moderate,1,19.9,82,3.5,17.3,59,1015.5,84,35.4,35.5,426.0,14.0,63.0,12.2
2026-03-03 22:00:00,2026,3,3,22,Hải Phòng,Xã Kiến Hải,20.7150982,106.7277399,80,Moderate,1,19.4,87,1.3,15.7,63,1016.2,63,38.4,38.9,423.0,14.0,60.0,12.6
2026-03-03 23:00:00,2026,3,3,23,Hải Phòng,Xã Kiến Hải,20.7150982,106.7277399,82,Moderate,1,19.0,85,0.2,15.7,52,1016.2,85,32.2,32.5,419.0,13.6,58.0,12.2
2026-03-04 00:00:00,2026,3,4,0,Hải Phòng,Xã Kiến Hải,20.7150982,106.7277399,83,Moderate,1,18.8,83,0.0,13.5,33,1016.5,100,28.8,29.0,416.0,13.0,56.0,11.3
2026-03-04 01:00:00,2026,3,4,1,Hải Phòng,Xã Kiến Hải,20.7150982,106.7277399,84,Moderate,1,18.9,78,0.0,16.2,21,1016.2,100,28.0,28.2,417.0,12.8,54.0,10.9
2026-03-04 02:00:00,2026,3,4,2,Hải Phòng,Xã Kiến Hải,20.7150982,106.7277399,85,Moderate,1,18.6,69,0.0,18.3,26,1015.9,100,26.7,27.0,422.0,13.1,51.0,11.2
2026-03-04 03:00:00,2026,3,4,3,Hải Phòng,Xã Kiến Hải,20.7150982,106.7277399,85,Moderate,1,18.0,70,0.0,13.7,16,1016.2,100,23.7,23.9,430.0,13.8,48.0,12.0
2026-03-04 04:00:00,2026,3,4,4,Hải Phòng,Xã Kiến Hải,20.7150982,106.7277399,85,Moderate,1,17.4,76,0.1,12.3,15,1016.3,100,22.3,22.5,449.0,14.5,45.0,12.9
2026-03-04 05:00:00,2026,3,4,5,Hải Phòng,Xã Kiến Hải,20.7150982,106.7277399,84,Moderate,1,16.8,85,0.3,11.5,2,1017.1,99,24.2,24.6,490.0,15.3,42.0,14.1
2026-03-04 06:00:00,2026,3,4,6,Hải Phòng,Xã Kiến Hải,20.7150982,106.7277399,84,Moderate,1,16.5,89,0.3,13.1,13,1017.4,100,27.0,27.5,540.0,16.2,39.0,15.4
2026-03-04 07:00:00,2026,3,4,7,Hải Phòng,Xã Kiến Hải,20.7150982,106.7277399,84,Moderate,1,16.5,90,0.0,11.4,7,1017.4,96,23.6,23.9,569.0,15.4,44.0,12.9
2026-03-04 08:00:00,2026,3,4,8,Hải Phòng,Xã Kiến Hải,20.7150982,106.7277399,84,Moderate,1,17.4,78,0.0,14.2,12,1017.8,98,24.0,24.4,559.0,15.0,46.0,14.3
2026-03-04 09:00:00,2026,3,4,9,Hải Phòng,Xã Kiến Hải,20.7150982,106.7277399,85,Moderate,1,17.9,68,0.0,14.1,11,1018.2,96,23.6,24.0,527.0,14.5,49.0,16.1
2026-03-04 10:00:00,2026,3,4,10,Hải Phòng,Xã Kiến Hải,20.7150982,106.7277399,85,Moderate,1,19.3,64,0.0,10.1,22,1018.4,91,21.6,21.9,499.0,13.8,55.0,17.0
2026-03-04 11:00:00,2026,3,4,11,Hải Phòng,Xã Kiến Hải,20.7150982,106.7277399,84,Moderate,1,20.0,64,0.0,5.7,53,1018.3,95,19.4,19.7,482.0,13.0,66.0,16.4
2026-03-04 12:00:00,2026,3,4,12,Hải Phòng,Xã Kiến Hải,20.7150982,106.7277399,84,Moderate,1,20.7,64,0.0,5.2,94,1017.3,100,18.0,18.3,468.0,12.1,79.0,14.9
2026-03-04 13:00:00,2026,3,4,13,Hải Phòng,Xã Kiến Hải,20.7150982,106.7277399,83,Moderate,1,20.0,68,0.0,8.9,111,1016.4,48,17.5,17.8,456.0,11.4,91.0,13.3
2026-03-04 14:00:00,2026,3,4,14,Hải Phòng,Xã Kiến Hải,20.7150982,106.7277399,82,Moderate,1,20.3,70,0.0,8.3,129,1014.9,4,17.6,17.8,444.0,11.0,100.0,11.8
2026-03-04 15:00:00,2026,3,4,15,Hải Phòng,Xã Kiến Hải,20.7150982,106.7277399,81,Moderate,1,20.1,71,0.0,10.4,134,1013.8,1,17.6,17.8,434.0,10.9,108.0,10.2
2026-03-04 16:00:00,2026,3,4,16,Hải Phòng,Xã Kiến Hải,20.7150982,106.7277399,80,Moderate,1,19.5,73,0.0,10.7,138,1013.6,5,17.8,18.0,428.0,10.9,112.0,9.0
2026-03-04 17:00:00,2026,3,4,17,Hải Phòng,Xã Kiến Hải,20.7150982,106.7277399,79,Moderate,1,19.2,74,0.0,11.2,135,1013.9,5,18.5,18.6,431.0,11.3,111.0,8.6
2026-03-04 18:00:00,2026,3,4,18,Hải Phòng,Xã Kiến Hải,20.7150982,106.7277399,78,Moderate,1,18.8,77,0.0,11.8,116,1013.9,6,21.1,21.2,439.0,11.9,107.0,8.5
2026-03-04 19:00:00,2026,3,4,19,Hải Phòng,Xã Kiến Hải,20.7150982,106.7277399,78,Moderate,1,18.8,81,0.0,12.0,98,1014.1,2,43.0,43.3,443.0,16.0,72.0,9.7
2026-03-04 20:00:00,2026,3,4,20,Hải Phòng,Xã Kiến Hải,20.7150982,106.7277399,78,Moderate,1,18.8,82,0.0,13.7,95,1014.8,10,42.7,43.3,438.0,14.1,75.0,9.3
2026-03-04 21:00:00,2026,3,4,21,Hải Phòng,Xã Kiến Hải,20.7150982,106.7277399,79,Moderate,1,18.9,82,0.0,14.3,86,1015.1,7,41.1,41.7,429.0,11.6,80.0,8.7
2026-03-04 22:00:00,2026,3,4,22,Hải Phòng,Xã Kiến Hải,20.7150982,106.7277399,79,Moderate,1,19.0,82,0.0,14.8,80,1015.9,14,39.9,40.5,421.0,9.6,82.0,8.3
2026-03-04 23:00:00,2026,3,4,23,Hải Phòng,Xã Kiến Hải,20.7150982,106.7277399,79,Moderate,1,19.2,80,0.0,15.4,79,1015.7,27,39.0,39.6,415.0,8.8,80.0,8.3
2026-03-05 00:00:00,2026,3,5,0,Hải Phòng,Xã Kiến Hải,20.7150982,106.7277399,80,Moderate,1,19.4,79,0.0,15.1,78,1015.4,100,37.8,38.3,410.0,8.6,76.0,8.5
2026-03-05 01:00:00,2026,3,5,1,Hải Phòng,Xã Kiến Hải,20.7150982,106.7277399,81,Moderate,1,19.2,81,0.0,15.3,73,1015.1,100,37.6,38.2,407.0,8.8,71.0,8.8
2026-03-05 02:00:00,2026,3,5,2,Hải Phòng,Xã Kiến Hải,20.7150982,106.7277399,82,Moderate,1,19.2,80,0.0,15.2,64,1014.7,99,37.8,38.3,402.0,9.2,66.0,9.2
2026-03-05 03:00:00,2026,3,5,3,Hải Phòng,Xã Kiến Hải,20.7150982,106.7277399,83,Moderate,1,19.0,81,0.0,12.7,61,1014.4,100,38.4,38.8,400.0,10.0,61.0,9.8
2026-03-05 04:00:00,2026,3,5,4,Hải Phòng,Xã Kiến Hải,20.7150982,106.7277399,84,Moderate,1,18.6,82,0.0,11.4,63,1014.4,100,39.0,39.3,410.0,11.1,56.0,10.5
2026-03-05 05:00:00,2026,3,5,5,Hải Phòng,Xã Kiến Hải,20.7150982,106.7277399,85,Moderate,1,18.4,82,0.0,12.7,51,1014.7,100,39.7,40.0,450.0,12.9,51.0,11.7
2026-03-05 06:00:00,2026,3,5,6,Hải Phòng,Xã Kiến Hải,20.7150982,106.7277399,87,Moderate,1,18.0,83,0.0,14.4,44,1015.5,30,41.0,41.3,503.0,14.9,47.0,13.2
2026-03-05 07:00:00,2026,3,5,7,Hải Phòng,Xã Kiến Hải,20.7150982,106.7277399,88,Moderate,1,18.5,80,0.0,13.6,42,1015.9,64,46.3,46.8,531.0,13.8,48.0,12.2
2026-03-05 08:00:00,2026,3,5,8,Hải Phòng,Xã Kiến Hải,20.7150982,106.7277399,90,Moderate,1,19.0,77,0.0,14.0,47,1016.4,100,44.9,45.5,513.0,13.6,53.0,12.5
2026-03-05 09:00:00,2026,3,5,9,Hải Phòng,Xã Kiến Hải,20.7150982,106.7277399,92,Moderate,1,19.2,78,0.0,14.3,49,1016.8,100,41.3,42.0,470.0,13.4,60.0,13.0
2026-03-05 10:00:00,2026,3,5,10,Hải Phòng,Xã Kiến Hải,20.7150982,106.7277399,93,Moderate,1,20.5,74,0.0,15.2,49,1016.8,55,37.1,37.8,429.0,12.9,67.0,12.8
2026-03-05 11:00:00,2026,3,5,11,Hải Phòng,Xã Kiến Hải,20.7150982,106.7277399,95,Moderate,1,22.0,70,0.0,12.9,62,1016.6,1,32.4,33.2,395.0,12.1,75.0,11.5
2026-03-05 12:00:00,2026,3,5,12,Hải Phòng,Xã Kiến Hải,20.7150982,106.7277399,96,Moderate,1,23.0,69,0.0,10.2,82,1015.7,2,27.6,28.2,363.0,11.1,84.0,9.6
2026-03-05 13:00:00,2026,3,5,13,Hải Phòng,Xã Kiến Hải,20.7150982,106.7277399,97,Moderate,1,21.8,74,0.0,11.4,105,1015.3,25,25.6,26.2,349.0,10.3,92.0,8.3
2026-03-05 14:00:00,2026,3,5,14,Hải Phòng,Xã Kiến Hải,20.7150982,106.7277399,98,Moderate,1,22.0,73,0.0,13.1,115,1014.3,93,26.4,27.1,363.0,9.6,101.0,8.0
2026-03-05 15:00:00,2026,3,5,15,Hải Phòng,Xã Kiến Hải,20.7150982,106.7277399,98,Moderate,1,21.3,75,0.0,13.8,116,1014.1,100,26.7,27.3,394.0,9.0,110.0,8.3
2026-03-05 16:00:00,2026,3,5,16,Hải Phòng,Xã Kiến Hải,20.7150982,106.7277399,99,Moderate,1,21.2,75,0.0,12.4,109,1013.7,100,26.1,26.8,424.0,8.9,115.0,8.8
2026-03-05 17:00:00,2026,3,5,17,Hải Phòng,Xã Kiến Hải,20.7150982,106.7277399,100,Moderate,1,20.8,78,0.0,12.3,111,1013.8,100,26.5,27.2,449.0,9.8,115.0,9.4
2026-03-05 18:00:00,2026,3,5,18,Hải Phòng,Xã Kiến Hải,20.7150982,106.7277399,101,Unhealthy for Sensitive Groups,2,20.4,80,0.0,10.5,97,1014.2,100,28.5,29.0,472.0,11.2,112.0,10.1
2026-03-05 19:00:00,2026,3,5,19,Hải Phòng,Xã Kiến Hải,20.7150982,106.7277399,102,Unhealthy for Sensitive Groups,2,19.4,88,0.0,5.2,94,1015.0,98,36.4,37.0,488.0,14.5,79.0,11.3
2026-03-05 20:00:00,2026,3,5,20,Hải Phòng,Xã Kiến Hải,20.7150982,106.7277399,101,Unhealthy for Sensitive Groups,2,19.5,88,0.0,5.3,98,1015.9,100,36.9,37.4,491.0,13.6,78.0,11.1
2026-03-05 21:00:00,2026,3,5,21,Hải Phòng,Xã Kiến Hải,20.7150982,106.7277399,100,Moderate,1,20.1,84,0.0,4.7,90,1016.7,100,37.4,38.0,486.0,12.4,77.0,10.8
2026-03-05 22:00:00,2026,3,5,22,Hải Phòng,Xã Kiến Hải,20.7150982,106.7277399,100,Moderate,1,20.3,83,0.0,8.9,62,1016.9,100,38.1,38.6,480.0,11.5,75.0,10.5
2026-03-05 23:00:00,2026,3,5,23,Hải Phòng,Xã Kiến Hải,20.7150982,106.7277399,100,Moderate,1,20.5,82,0.0,9.1,56,1016.9,100,38.4,39.0,477.0,11.2,71.0,9.9
2026-03-06 00:00:00,2026,3,6,0,Hải Phòng,Xã Kiến Hải,20.7150982,106.7277399,100,Moderate,1,20.4,83,0.0,6.8,42,1016.8,100,38.4,39.1,473.0,11.2,66.0,9.2
2026-03-06 01:00:00,2026,3,6,1,Hải Phòng,Xã Kiến Hải,20.7150982,106.7277399,100,Moderate,1,20.5,83,0.0,4.9,24,1017.0,100,40.0,40.7,467.0,11.9,61.0,9.0
2026-03-06 02:00:00,2026,3,6,2,Hải Phòng,Xã Kiến Hải,20.7150982,106.7277399,100,Moderate,1,20.5,82,0.0,5.2,27,1016.5,100,44.4,45.2,456.0,13.9,55.0,9.8
2026-03-06 03:00:00,2026,3,6,3,Hải Phòng,Xã Kiến Hải,20.7150982,106.7277399,101,Unhealthy for Sensitive Groups,2,20.6,81,0.0,6.8,27,1016.1,100,47.7,48.5,443.0,16.6,48.0,11.2
2026-03-06 04:00:00,2026,3,6,4,Hải Phòng,Xã Kiến Hải,20.7150982,106.7277399,102,Unhealthy for Sensitive Groups,2,20.8,78,0.0,7.7,33,1015.6,100,51.5,52.3,436.0,18.4,44.0,12.4
2026-03-06 05:00:00,2026,3,6,5,Hải Phòng,Xã Kiến Hải,20.7150982,106.7277399,103,Unhealthy for Sensitive Groups,2,20.9,74,0.0,8.3,27,1015.6,100,52.5,53.4,440.0,18.6,44.0,13.3
2026-03-06 06:00:00,2026,3,6,6,Hải Phòng,Xã Kiến Hải,20.7150982,106.7277399,104,Unhealthy for Sensitive Groups,2,20.8,72,0.0,9.6,16,1016.2,100,55.1,56.2,450.0,17.8,48.0,14.0
2026-03-06 07:00:00,2026,3,6,7,Hải Phòng,Xã Kiến Hải,20.7150982,106.7277399,106,Unhealthy for Sensitive Groups,2,20.6,78,0.0,10.2,8,1017.3,100,45.9,46.7,455.0,12.6,67.0,11.4
2026-03-06 08:00:00,2026,3,6,8,Hải Phòng,Xã Kiến Hải,20.7150982,106.7277399,106,Unhealthy for Sensitive Groups,2,21.1,80,0.0,9.9,357,1018.5,100,42.8,43.5,452.0,11.6,72.0,11.0
2026-03-06 09:00:00,2026,3,6,9,Hải Phòng,Xã Kiến Hải,20.7150982,106.7277399,105,Unhealthy for Sensitive Groups,2,21.8,68,0.0,8.8,12,1019.1,100,41.2,41.9,445.0,10.2,78.0,10.4
2026-03-06 10:00:00,2026,3,6,10,Hải Phòng,Xã Kiến Hải,20.7150982,106.7277399,105,Unhealthy for Sensitive Groups,2,22.6,61,0.0,12.2,49,1018.8,12,36.8,37.7,437.0,8.9,87.0,9.8
2026-03-06 11:00:00,2026,3,6,11,Hải Phòng,Xã Kiến Hải,20.7150982,106.7277399,105,Unhealthy for Sensitive Groups,2,23.8,59,0.0,14.2,70,1018.3,2,34.7,35.7,426.0,7.9,98.0,9.1
2026-03-06 12:00:00,2026,3,6,12,Hải Phòng,Xã Kiến Hải,20.7150982,106.7277399,106,Unhealthy for Sensitive Groups,2,24.0,60,0.0,14.2,83,1017.3,4,35.3,36.2,414.0,7.2,111.0,8.5
2026-03-06 13:00:00,2026,3,6,13,Hải Phòng,Xã Kiến Hải,20.7150982,106.7277399,106,Unhealthy for Sensitive Groups,2,23.5,64,0.0,11.9,108,1016.1,0,36.6,37.5,409.0,6.8,122.0,8.1
2026-03-06 14:00:00,2026,3,6,14,Hải Phòng,Xã Kiến Hải,20.7150982,106.7277399,108,Unhealthy for Sensitive Groups,2,23.4,66,0.0,13.0,114,1015.1,16,36.9,37.8,414.0,6.9,130.0,8.2
2026-03-06 15:00:00,2026,3,6,15,Hải Phòng,Xã Kiến Hải,20.7150982,106.7277399,109,Unhealthy for Sensitive Groups,2,22.7,69,0.0,14.5,121,1014.7,8,37.3,38.2,425.0,7.5,135.0,8.7
2026-03-06 16:00:00,2026,3,6,16,Hải Phòng,Xã Kiến Hải,20.7150982,106.7277399,110,Unhealthy for Sensitive Groups,2,22.0,73,0.0,15.1,119,1014.5,3,37.5,38.4,441.0,8.4,137.0,9.2
2026-03-06 17:00:00,2026,3,6,17,Hải Phòng,Xã Kiến Hải,20.7150982,106.7277399,111,Unhealthy for Sensitive Groups,2,21.4,78,0.0,11.9,119,1014.2,8,37.8,38.6,466.0,9.8,133.0,9.7
2026-03-06 18:00:00,2026,3,6,18,Hải Phòng,Xã Kiến Hải,20.7150982,106.7277399,112,Unhealthy for Sensitive Groups,2,20.5,84,0.0,7.2,108,1014.5,9,40.2,40.7,495.0,11.5,126.0,10.3
2026-03-06 19:00:00,2026,3,6,19,Hải Phòng,Xã Kiến Hải,20.7150982,106.7277399,113,Unhealthy for Sensitive Groups,2,20.1,87,0.0,8.1,102,1015.5,47,41.1,41.7,516.0,11.8,124.0,10.1
2026-03-06 20:00:00,2026,3,6,20,Hải Phòng,Xã Kiến Hải,20.7150982,106.7277399,114,Unhealthy for Sensitive Groups,2,20.1,87,0.0,9.0,90,1016.1,20,42.5,43.1,520.0,11.9,120.0,10.2
2026-03-06 21:00:00,2026,3,6,21,Hải Phòng,Xã Kiến Hải,20.7150982,106.7277399,114,Unhealthy for Sensitive Groups,2,20.2,86,0.0,10.8,91,1016.5,59,42.3,42.8,515.0,12.0,115.0,10.3
2026-03-06 22:00:00,2026,3,6,22,Hải Phòng,Xã Kiến Hải,20.7150982,106.7277399,115,Unhealthy for Sensitive Groups,2,20.1,87,0.0,11.0,95,1016.9,100,41.1,41.7,512.0,11.9,110.0,10.1
2026-03-06 23:00:00,2026,3,6,23,Hải Phòng,Xã Kiến Hải,20.7150982,106.7277399,115,Unhealthy for Sensitive Groups,2,20.5,86,0.0,10.4,82,1016.8,99,38.9,39.3,516.0,11.4,107.0,9.4
2026-03-07 00:00:00,2026,3,7,0,Hải Phòng,Xã Kiến Hải,20.7150982,106.7277399,115,Unhealthy for Sensitive Groups,2,20.5,85,0.0,11.8,84,1016.8,65,36.1,36.7,521.0,10.7,105.0,8.4
2026-03-07 01:00:00,2026,3,7,1,Hải Phòng,Xã Kiến Hải,20.7150982,106.7277399,115,Unhealthy for Sensitive Groups,2,20.5,85,0.0,10.3,88,1016.6,100,34.2,34.7,521.0,10.3,101.0,7.8
2026-03-07 02:00:00,2026,3,7,2,Hải Phòng,Xã Kiến Hải,20.7150982,106.7277399,114,Unhealthy for Sensitive Groups,2,20.8,81,0.0,11.9,86,1016.2,99,34.0,34.6,510.0,10.5,95.0,7.8
2026-03-07 03:00:00,2026,3,7,3,Hải Phòng,Xã Kiến Hải,20.7150982,106.7277399,113,Unhealthy for Sensitive Groups,2,20.8,80,0.0,11.9,87,1015.9,100,35.2,35.6,493.0,11.0,87.0,8.2
2026-03-07 04:00:00,2026,3,7,4,Hải Phòng,Xã Kiến Hải,20.7150982,106.7277399,112,Unhealthy for Sensitive Groups,2,20.9,79,0.0,11.5,86,1016.2,100,36.8,37.3,480.0,11.7,82.0,8.7
2026-03-07 05:00:00,2026,3,7,5,Hải Phòng,Xã Kiến Hải,20.7150982,106.7277399,110,Unhealthy for Sensitive Groups,2,20.9,80,0.0,11.4,86,1016.4,100,37.6,38.1,477.0,12.7,80.0,9.6
2026-03-07 06:00:00,2026,3,7,6,Hải Phòng,Xã Kiến Hải,20.7150982,106.7277399,109,Unhealthy for Sensitive Groups,2,20.8,84,0.0,12.4,90,1017.1,80,37.7,38.3,478.0,13.9,80.0,10.6
2026-03-07 07:00:00,2026,3,7,7,Hải Phòng,Xã Kiến Hải,20.7150982,106.7277399,107,Unhealthy for Sensitive Groups,2,20.8,86,0.0,12.1,84,1018.1,98,32.8,34.6,472.0,9.5,103.0,7.1
2026-03-07 08:00:00,2026,3,7,8,Hải Phòng,Xã Kiến Hải,20.7150982,106.7277399,106,Unhealthy for Sensitive Groups,2,21.1,85,0.1,15.8,88,1018.6,96,30.7,33.1,449.0,8.7,106.0,7.0
2026-03-07 09:00:00,2026,3,7,9,Hải Phòng,Xã Kiến Hải,20.7150982,106.7277399,105,Unhealthy for Sensitive Groups,2,22.2,75,0.0,18.7,91,1019.1,97,29.0,31.7,420.0,7.7,110.0,6.7
2026-03-07 10:00:00,2026,3,7,10,Hải Phòng,Xã Kiến Hải,20.7150982,106.7277399,103,Unhealthy for Sensitive Groups,2,23.0,72,0.0,20.9,97,1019.1,34,29.1,31.8,398.0,6.6,116.0,6.4
2026-03-07 11:00:00,2026,3,7,11,Hải Phòng,Xã Kiến Hải,20.7150982,106.7277399,102,Unhealthy for Sensitive Groups,2,23.4,73,0.0,19.9,100,1018.3,0,29.8,32.5,394.0,5.5,126.0,5.9
2026-03-07 12:00:00,2026,3,7,12,Hải Phòng,Xã Kiến Hải,20.7150982,106.7277399,102,Unhealthy for Sensitive Groups,2,23.8,71,0.0,20.1,105,1017.3,7,30.3,33.1,399.0,4.4,138.0,5.3
2026-03-07 13:00:00,2026,3,7,13,Hải Phòng,Xã Kiến Hải,20.7150982,106.7277399,101,Unhealthy for Sensitive Groups,2,23.0,72,0.0,20.1,105,1016.8,34,31.0,33.9,399.0,3.8,146.0,4.8
2026-03-07 14:00:00,2026,3,7,14,Hải Phòng,Xã Kiến Hải,20.7150982,106.7277399,101,Unhealthy for Sensitive Groups,2,23.2,70,0.0,18.6,106,1016.0,36,29.6,32.5,387.0,3.9,148.0,4.5
2026-03-07 15:00:00,2026,3,7,15,Hải Phòng,Xã Kiến Hải,20.7150982,106.7277399,100,Moderate,1,23.0,71,0.0,17.8,101,1015.1,19,28.3,31.2,371.0,4.6,146.0,4.3
2026-03-07 16:00:00,2026,3,7,16,Hải Phòng,Xã Kiến Hải,20.7150982,106.7277399,99,Moderate,1,22.7,72,0.0,17.2,96,1014.9,5,27.1,30.0,358.0,5.7,141.0,4.4
2026-03-07 17:00:00,2026,3,7,17,Hải Phòng,Xã Kiến Hải,20.7150982,106.7277399,98,Moderate,1,22.0,74,0.0,16.4,89,1014.8,0,26.5,29.5,350.0,7.6,133.0,5.0
2026-03-07 18:00:00,2026,3,7,18,Hải Phòng,Xã Kiến Hải,20.7150982,106.7277399,99,Moderate,1,21.2,79,0.0,14.3,85,1015.0,2,27.5,29.9,346.0,9.9,123.0,5.8
2026-03-07 19:00:00,2026,3,7,19,Hải Phòng,Xã Kiến Hải,20.7150982,106.7277399,101,Unhealthy for Sensitive Groups,2,21.0,82,0.0,12.8,85,1015.9,0,32.9,35.5,344.0,10.0,113.0,5.8
2026-03-07 20:00:00,2026,3,7,20,Hải Phòng,Xã Kiến Hải,20.7150982,106.7277399,98,Moderate,1,21.0,82,0.0,14.6,90,1016.7,1,32.6,35.2,346.0,9.9,109.0,5.8
2026-03-07 21:00:00,2026,3,7,21,Hải Phòng,Xã Kiến Hải,20.7150982,106.7277399,95,Moderate,1,20.9,83,0.0,15.9,86,1017.4,3,31.5,34.0,351.0,9.8,102.0,5.7
2026-03-07 22:00:00,2026,3,7,22,Hải Phòng,Xã Kiến Hải,20.7150982,106.7277399,94,Moderate,1,20.9,84,0.0,18.0,87,1017.6,1,30.7,33.2,353.0,9.6,97.0,5.5
2026-03-07 23:00:00,2026,3,7,23,Hải Phòng,Xã Kiến Hải,20.7150982,106.7277399,93,Moderate,1,20.8,84,0.0,16.4,88,1017.7,9,29.2,31.7,349.0,9.3,93.0,5.1
2026-03-08 00:00:00,2026,3,8,0,Hải Phòng,Xã Kiến Hải,20.7150982,106.7277399,92,Moderate,1,20.8,86,0.0,17.1,91,1017.8,19,27.4,29.9,342.0,8.9,89.0,4.6
2026-03-08 01:00:00,2026,3,8,1,Hải Phòng,Xã Kiến Hải,20.7150982,106.7277399,91,Moderate,1,21.1,89,0.0,17.1,92,1017.7,19,26.4,29.0,332.0,8.5,87.0,4.2
2026-03-08 02:00:00,2026,3,8,2,Hải Phòng,Xã Kiến Hải,20.7150982,106.7277399,90,Moderate,1,21.2,88,0.0,17.5,92,1016.9,98,25.6,28.5,314.0,8.0,88.0,4.1
2026-03-08 03:00:00,2026,3,8,3,Hải Phòng,Xã Kiến Hải,20.7150982,106.7277399,90,Moderate,1,21.4,87,0.0,17.9,93,1016.6,100,25.0,27.9,291.0,7.6,90.0,4.1
2026-03-08 04:00:00,2026,3,8,4,Hải Phòng,Xã Kiến Hải,20.7150982,106.7277399,89,Moderate,1,21.5,86,0.0,18.6,94,1016.2,100,24.4,27.2,279.0,7.4,91.0,4.3
2026-03-08 05:00:00,2026,3,8,5,Hải Phòng,Xã Kiến Hải,20.7150982,106.7277399,88,Moderate,1,21.4,86,0.0,18.0,91,1016.6,100,23.8,26.4,286.0,7.9,88.0,4.7
2026-03-08 06:00:00,2026,3,8,6,Hải Phòng,Xã Kiến Hải,20.7150982,106.7277399,86,Moderate,1,21.4,86,0.0,18.2,91,1017.1,100,23.7,26.2,303.0,8.7,84.0,5.2
2026-03-08 07:00:00,2026,3,8,7,Hải Phòng,Xã Kiến Hải,20.7150982,106.7277399,85,Moderate,1,21.4,88,0.0,20.5,91,1017.5,100,27.6,30.0,312.0,9.6,80.0,5.8
2026-03-08 08:00:00,2026,3,8,8,Hải Phòng,Xã Kiến Hải,20.7150982,106.7277399,85,Moderate,1,21.9,85,0.0,20.9,93,1018.1,93,28.0,31.0,305.0,9.0,84.0,5.9
2026-03-08 09:00:00,2026,3,8,9,Hải Phòng,Xã Kiến Hải,20.7150982,106.7277399,84,Moderate,1,22.5,81,0.0,20.4,100,1018.5,96,26.8,30.2,291.0,8.0,90.0,6.0
2026-03-08 10:00:00,2026,3,8,10,Hải Phòng,Xã Kiến Hải,20.7150982,106.7277399,84,Moderate,1,23.0,79,0.0,19.3,102,1018.8,100,25.7,29.1,279.0,7.1,97.0,6.0
2026-03-08 11:00:00,2026,3,8,11,Hải Phòng,Xã Kiến Hải,20.7150982,106.7277399,84,Moderate,1,23.1,79,0.0,19.5,108,1018.1,79,24.0,27.4,272.0,6.1,104.0,5.6
2026-03-08 12:00:00,2026,3,8,12,Hải Phòng,Xã Kiến Hải,20.7150982,106.7277399,83,Moderate,1,23.5,76,0.0,19.4,112,1017.1,58,22.9,26.3,267.0,5.1,112.0,5.1
2026-03-08 13:00:00,2026,3,8,13,Hải Phòng,Xã Kiến Hải,20.7150982,106.7277399,83,Moderate,1,22.5,80,0.0,20.0,103,1016.4,98,22.5,26.0,264.0,4.5,118.0,4.6
2026-03-08 14:00:00,2026,3,8,14,Hải Phòng,Xã Kiến Hải,20.7150982,106.7277399,82,Moderate,1,23.0,78,0.0,19.3,106,1015.5,100,22.4,26.1,261.0,4.6,120.0,4.3
2026-03-08 15:00:00,2026,3,8,15,Hải Phòng,Xã Kiến Hải,20.7150982,106.7277399,81,Moderate,1,22.5,81,0.0,18.6,105,1014.9,88,21.0,24.6,259.0,5.2,120.0,4.1
2026-03-08 16:00:00,2026,3,8,16,Hải Phòng,Xã Kiến Hải,20.7150982,106.7277399,81,Moderate,1,22.2,81,0.0,18.7,102,1014.6,76,21.8,25.7,261.0,6.2,118.0,4.2
2026-03-08 17:00:00,2026,3,8,17,Hải Phòng,Xã Kiến Hải,20.7150982,106.7277399,80,Moderate,1,21.8,83,0.0,18.6,98,1014.7,16,18.6,22.4,270.0,7.8,113.0,4.7
2026-03-08 18:00:00,2026,3,8,18,Hải Phòng,Xã Kiến Hải,20.7150982,106.7277399,80,Moderate,1,21.4,85,0.0,17.8,91,1015.1,25,17.6,20.7,283.0,9.7,105.0,5.4
2026-03-08 19:00:00,2026,3,8,19,Hải Phòng,Xã Kiến Hải,20.7150982,106.7277399,79,Moderate,1,21.4,84,0.0,15.0,80,1016.1,34,18.6,21.0,293.0,10.0,98.0,5.5
2026-03-08 20:00:00,2026,3,8,20,Hải Phòng,Xã Kiến Hải,20.7150982,106.7277399,77,Moderate,1,20.9,89,0.4,14.8,77,1016.8,39,18.2,20.8,296.0,9.7,96.0,5.4
2026-03-08 21:00:00,2026,3,8,21,Hải Phòng,Xã Kiến Hải,20.7150982,106.7277399,76,Moderate,1,20.8,89,0.1,15.2,80,1017.5,23,17.9,20.4,296.0,9.3,94.0,5.2
2026-03-08 22:00:00,2026,3,8,22,Hải Phòng,Xã Kiến Hải,20.7150982,106.7277399,75,Moderate,1,20.7,89,0.0,18.3,84,1018.0,79,18.1,20.6,293.0,9.0,92.0,5.0
2026-03-08 23:00:00,2026,3,8,23,Hải Phòng,Xã Kiến Hải,20.7150982,106.7277399,74,Moderate,1,21.2,85,0.0,18.0,87,1018.2,100,18.3,20.8,287.0,8.9,89.0,4.8
2026-03-09 00:00:00,2026,3,9,0,Hải Phòng,Xã Kiến Hải,20.7150982,106.7277399,73,Moderate,1,21.5,85,0.0,16.8,86,1018.5,100,18.0,20.6,278.0,8.8,87.0,4.5
2026-03-09 01:00:00,2026,3,9,1,Hải Phòng,Xã Kiến Hải,20.7150982,106.7277399,72,Moderate,1,21.4,89,0.0,17.0,85,1018.0,100,18.0,20.7,269.0,8.7,85.0,4.3
2026-03-09 02:00:00,2026,3,9,2,Hải Phòng,Xã Kiến Hải,20.7150982,106.7277399,71,Moderate,1,21.6,88,0.0,16.6,89,1017.6,100,17.6,20.3,258.0,8.3,85.0,4.1
2026-03-09 03:00:00,2026,3,9,3,Hải Phòng,Xã Kiến Hải,20.7150982,106.7277399,71,Moderate,1,21.4,88,0.0,16.0,81,1017.4,99,16.9,19.7,246.0,7.8,87.0,3.9
2026-03-09 04:00:00,2026,3,9,4,Hải Phòng,Xã Kiến Hải,20.7150982,106.7277399,70,Moderate,1,21.4,88,0.0,16.3,77,1017.2,96,16.2,18.7,240.0,7.6,87.0,4.0
2026-03-09 05:00:00,2026,3,9,5,Hải Phòng,Xã Kiến Hải,20.7150982,106.7277399,69,Moderate,1,21.1,90,0.0,15.4,79,1017.8,93,15.7,18.2,247.0,8.2,84.0,4.4
2026-03-09 06:00:00,2026,3,9,6,Hải Phòng,Xã Kiến Hải,20.7150982,106.7277399,68,Moderate,1,21.2,89,0.0,16.0,78,1018.2,79,16.0,18.3,260.0,9.2,79.0,5.1
2026-03-09 07:00:00,2026,3,9,7,Hải Phòng,Xã Kiến Hải,20.7150982,106.7277399,68,Moderate,1,21.6,88,0.0,18.0,74,1019.1,100,16.2,19.2,269.0,8.9,82.0,4.6
2026-03-09 08:00:00,2026,3,9,8,Hải Phòng,Xã Kiến Hải,20.7150982,106.7277399,67,Moderate,1,22.1,84,0.0,20.1,77,1019.7,98,15.7,19.3,268.0,9.4,83.0,4.7
2026-03-09 09:00:00,2026,3,9,9,Hải Phòng,Xã Kiến Hải,20.7150982,106.7277399,66,Moderate,1,22.6,80,0.0,21.4,72,1020.6,97,15.1,18.5,263.0,10.0,85.0,5.0
2026-03-09 10:00:00,2026,3,9,10,Hải Phòng,Xã Kiến Hải,20.7150982,106.7277399,65,Moderate,1,23.0,75,0.0,21.9,71,1021.1,89,14.3,16.8,259.0,10.4,87.0,5.4
2026-03-09 11:00:00,2026,3,9,11,Hải Phòng,Xã Kiến Hải,20.7150982,106.7277399,64,Moderate,1,23.8,70,0.0,23.7,72,1021.0,63,19.0,21.9,249.0,10.1,89.0,6.1
2026-03-09 12:00:00,2026,3,9,12,Hải Phòng,Xã Kiến Hải,20.7150982,106.7277399,63,Moderate,1,23.9,68,0.0,21.6,70,1020.4,67,26.7,30.0,240.0,9.6,92.0,7.1
2026-03-09 13:00:00,2026,3,9,13,Hải Phòng,Xã Kiến Hải,20.7150982,106.7277399,64,Moderate,1,22.9,73,0.0,21.4,69,1019.9,100,23.3,25.0,266.0,9.4,92.0,8.2
2026-03-09 14:00:00,2026,3,9,14,Hải Phòng,Xã Kiến Hải,20.7150982,106.7277399,64,Moderate,1,23.0,70,0.0,21.2,62,1019.4,100,23.3,24.3,364.0,10.0,89.0,9.6
2026-03-09 15:00:00,2026,3,9,15,Hải Phòng,Xã Kiến Hải,20.7150982,106.7277399,64,Moderate,1,21.8,76,0.1,23.0,32,1019.5,100,21.2,21.9,495.0,10.9,83.0,11.3
2026-03-09 16:00:00,2026,3,9,16,Hải Phòng,Xã Kiến Hải,20.7150982,106.7277399,64,Moderate,1,19.0,76,0.1,23.9,17,1019.9,98,15.6,15.9,582.0,11.9,78.0,12.5
2026-03-09 17:00:00,2026,3,9,17,Hải Phòng,Xã Kiến Hải,20.7150982,106.7277399,63,Moderate,1,19.4,66,0.0,22.4,19,1020.3,100,9.9,10.0,578.0,12.9,73.0,13.1
2026-03-09 18:00:00,2026,3,9,18,Hải Phòng,Xã Kiến Hải,20.7150982,106.7277399,62,Moderate,1,18.8,67,0.0,19.2,22,1020.6,100,7.5,7.5,528.0,13.9,67.0,13.3
2026-03-09 19:00:00,2026,3,9,19,Hải Phòng,Xã Kiến Hải,20.7150982,106.7277399,61,Moderate,1,19.6,67,0.0,20.1,22,1021.6,100,8.3,8.3,491.0,13.4,65.0,12.3
2026-03-09 20:00:00,2026,3,9,20,Hải Phòng,Xã Kiến Hải,20.7150982,106.7277399,61,Moderate,1,19.2,66,0.0,20.0,27,1022.1,98,9.7,10.0,489.0,13.2,66.0,12.5
2026-03-09 21:00:00,2026,3,9,21,Hải Phòng,Xã Kiến Hải,20.7150982,106.7277399,60,Moderate,1,18.9,66,0.0,18.6,27,1022.7,100,10.0,10.1,498.0,13.0,68.0,12.7
2026-03-09 22:00:00,2026,3,9,22,Hải Phòng,Xã Kiến Hải,20.7150982,106.7277399,59,Moderate,1,18.8,66,0.0,18.2,30,1023.4,100,10.4,10.5,507.0,12.7,69.0,12.8
2026-03-09 23:00:00,2026,3,9,23,Hải Phòng,Xã Kiến Hải,20.7150982,106.7277399,58,Moderate,1,18.5,65,0.0,18.1,21,1023.9,100,10.5,10.6,510.0,12.3,69.0,12.4
2026-03-10 00:00:00,2026,3,10,0,Hải Phòng,Xã Kiến Hải,20.7150982,106.7277399,58,Moderate,1,18.0,64,0.0,18.8,15,1024.1,100,10.0,10.0,513.0,11.7,69.0,11.9
2026-03-10 01:00:00,2026,3,10,1,Hải Phòng,Xã Kiến Hải,20.7150982,106.7277399,57,Moderate,1,17.8,70,0.0,18.3,15,1023.6,100,9.6,9.7,513.0,11.4,69.0,11.5
2026-03-10 02:00:00,2026,3,10,2,Hải Phòng,Xã Kiến Hải,20.7150982,106.7277399,56,Moderate,1,17.2,68,0.0,18.0,14,1023.4,100,9.5,9.6,507.0,11.3,69.0,11.4
2026-03-10 03:00:00,2026,3,10,3,Hải Phòng,Xã Kiến Hải,20.7150982,106.7277399,56,Moderate,1,16.6,71,0.2,16.8,15,1023.2,100,9.7,9.8,498.0,11.4,68.0,11.6
2026-03-10 04:00:00,2026,3,10,4,Hải Phòng,Xã Kiến Hải,20.7150982,106.7277399,55,Moderate,1,16.4,72,0.2,14.1,21,1022.7,100,9.9,10.0,499.0,11.7,67.0,12.0
2026-03-10 05:00:00,2026,3,10,5,Hải Phòng,Xã Kiến Hải,20.7150982,106.7277399,54,Moderate,1,16.7,65,0.0,12.8,11,1023.0,100,9.8,9.9,522.0,12.5,64.0,12.9
2026-03-10 06:00:00,2026,3,10,6,Hải Phòng,Xã Kiến Hải,20.7150982,106.7277399,54,Moderate,1,16.6,62,0.0,14.6,4,1023.2,100,10.0,10.1,554.0,13.6,61.0,14.1
2026-03-10 07:00:00,2026,3,10,7,Hải Phòng,Xã Kiến Hải,20.7150982,106.7277399,53,Moderate,1,16.4,71,0.0,14.0,1,1024.2,100,2.4,2.4,573.0,13.2,64.0,14.2
2026-03-10 08:00:00,2026,3,10,8,Hải Phòng,Xã Kiến Hải,20.7150982,106.7277399,52,Moderate,1,16.8,63,0.0,15.8,7,1024.8,95,3.2,3.4,565.0,13.0,65.0,15.2
2026-03-10 09:00:00,2026,3,10,9,Hải Phòng,Xã Kiến Hải,20.7150982,106.7277399,51,Moderate,1,17.7,61,0.0,13.2,10,1024.8,5,3.9,4.1,543.0,12.7,68.0,16.5
2026-03-10 10:00:00,2026,3,10,10,Hải Phòng,Xã Kiến Hải,20.7150982,106.7277399,50,Good,0,19.0,58,0.0,11.0,19,1024.8,80,4.6,4.6,524.0,12.4,72.0,17.1
2026-03-10 11:00:00,2026,3,10,11,Hải Phòng,Xã Kiến Hải,20.7150982,106.7277399,48,Good,0,19.8,58,0.0,8.8,44,1023.9,100,5.4,5.4,512.0,12.1,80.0,16.6
2026-03-10 12:00:00,2026,3,10,12,Hải Phòng,Xã Kiến Hải,20.7150982,106.7277399,46,Good,0,20.2,58,0.0,7.8,85,1022.3,93,6.6,6.6,503.0,11.9,91.0,15.4
2026-03-10 13:00:00,2026,3,10,13,Hải Phòng,Xã Kiến Hải,20.7150982,106.7277399,42,Good,0,19.5,62,0.0,9.1,122,1021.6,88,7.8,7.8,494.0,11.8,100.0,14.2
2026-03-10 14:00:00,2026,3,10,14,Hải Phòng,Xã Kiến Hải,20.7150982,106.7277399,40,Good,0,19.5,65,0.0,9.4,144,1020.7,73,8.8,8.8,485.0,12.0,107.0,13.1
2026-03-10 15:00:00,2026,3,10,15,Hải Phòng,Xã Kiến Hải,20.7150982,106.7277399,38,Good,0,19.4,68,0.0,13.5,149,1019.8,55,9.3,9.4,477.0,12.3,112.0,12.0
2026-03-10 16:00:00,2026,3,10,16,Hải Phòng,Xã Kiến Hải,20.7150982,106.7277399,40,Good,0,18.6,72,0.0,15.3,130,1019.5,46,9.8,9.9,473.0,12.4,115.0,11.1
2026-03-10 17:00:00,2026,3,10,17,Hải Phòng,Xã Kiến Hải,20.7150982,106.7277399,43,Good,0,18.7,69,0.0,14.2,108,1019.1,17,10.2,10.3,475.0,11.9,116.0,10.6
2026-03-10 18:00:00,2026,3,10,18,Hải Phòng,Xã Kiến Hải,20.7150982,106.7277399,46,Good,0,18.6,70,0.0,13.4,95,1019.2,5,11.4,11.5,481.0,11.2,116.0,10.2
2026-03-10 19:00:00,2026,3,10,19,Hải Phòng,Xã Kiến Hải,20.7150982,106.7277399,49,Good,0,18.8,72,0.0,10.9,98,1020.5,77,10.0,10.5,488.0,11.3,88.0,10.2
2026-03-10 20:00:00,2026,3,10,20,Hải Phòng,Xã Kiến Hải,20.7150982,106.7277399,49,Good,0,18.8,72,0.0,12.3,93,1020.8,99,11.8,12.3,497.0,10.4,87.0,10.1
2026-03-10 21:00:00,2026,3,10,21,Hải Phòng,Xã Kiến Hải,20.7150982,106.7277399,49,Good,0,19.0,72,0.0,15.3,89,1021.0,80,14.0,14.4,507.0,9.2,86.0,9.9
2026-03-10 22:00:00,2026,3,10,22,Hải Phòng,Xã Kiến Hải,20.7150982,106.7277399,48,Good,0,19.1,72,0.0,16.8,86,1021.1,44,16.7,17.1,513.0,8.4,84.0,9.7
2026-03-10 23:00:00,2026,3,10,23,Hải Phòng,Xã Kiến Hải,20.7150982,106.7277399,47,Good,0,19.1,72,0.0,17.2,84,1020.7,27,18.7,19.1,513.0,8.2,82.0,9.5
2026-03-11 00:00:00,2026,3,11,0,Hải Phòng,Xã Kiến Hải,20.7150982,106.7277399,45,Good,0,19.1,71,0.0,16.4,86,1020.3,11,20.0,20.3,509.0,8.5,79.0,9.2
2026-03-11 01:00:00,2026,3,11,1,Hải Phòng,Xã Kiến Hải,20.7150982,106.7277399,43,Good,0,19.0,72,0.0,14.8,80,1020.0,34,21.2,21.5,507.0,8.8,76.0,9.1
2026-03-11 02:00:00,2026,3,11,2,Hải Phòng,Xã Kiến Hải,20.7150982,106.7277399,42,Good,0,18.8,72,0.0,13.9,73,1019.4,96,22.5,22.8,503.0,9.1,71.0,9.0
2026-03-11 03:00:00,2026,3,11,3,Hải Phòng,Xã Kiến Hải,20.7150982,106.7277399,45,Good,0,18.5,75,0.0,11.2,57,1019.3,100,24.0,24.3,500.0,9.6,65.0,9.1
2026-03-11 04:00:00,2026,3,11,4,Hải Phòng,Xã Kiến Hải,20.7150982,106.7277399,47,Good,0,18.0,77,0.0,11.0,38,1019.3,100,25.5,25.7,511.0,10.4,59.0,9.4
2026-03-11 05:00:00,2026,3,11,5,Hải Phòng,Xã Kiến Hải,20.7150982,106.7277399,50,Good,0,17.6,78,0.0,11.4,39,1019.3,37,27.0,27.2,556.0,11.9,52.0,10.3
2026-03-11 06:00:00,2026,3,11,6,Hải Phòng,Xã Kiến Hải,20.7150982,106.7277399,51,Moderate,1,17.4,79,0.0,12.0,43,1019.3,5,28.5,28.6,616.0,13.8,45.0,11.5
2026-03-11 07:00:00,2026,3,11,7,Hải Phòng,Xã Kiến Hải,20.7150982,106.7277399,53,Moderate,1,17.4,82,0.0,12.4,41,1019.9,15,31.2,31.3,645.0,15.2,45.0,13.2
2026-03-11 08:00:00,2026,3,11,8,Hải Phòng,Xã Kiến Hải,20.7150982,106.7277399,56,Moderate,1,18.5,77,0.0,12.8,48,1020.5,10,31.0,31.3,613.0,14.4,58.0,13.6
2026-03-11 09:00:00,2026,3,11,9,Hải Phòng,Xã Kiến Hải,20.7150982,106.7277399,58,Moderate,1,19.8,73,0.0,14.1,53,1020.8,2,28.3,28.7,549.0,13.3,75.0,14.1
2026-03-11 10:00:00,2026,3,11,10,Hải Phòng,Xã Kiến Hải,20.7150982,106.7277399,60,Moderate,1,20.8,68,0.0,13.5,54,1020.5,43,27.0,27.4,500.0,12.3,91.0,14.3
2026-03-11 11:00:00,2026,3,11,11,Hải Phòng,Xã Kiến Hải,20.7150982,106.7277399,62,Moderate,1,21.7,63,0.0,10.4,51,1019.8,73,25.7,26.1,484.0,11.5,102.0,13.8
2026-03-11 12:00:00,2026,3,11,12,Hải Phòng,Xã Kiến Hải,20.7150982,106.7277399,64,Moderate,1,22.2,61,0.0,8.4,65,1018.4,98,24.7,25.1,481.0,10.9,111.0,13.0
2026-03-11 13:00:00,2026,3,11,13,Hải Phòng,Xã Kiến Hải,20.7150982,106.7277399,66,Moderate,1,21.8,62,0.0,6.7,66,1017.7,100,24.3,24.7,480.0,10.7,118.0,12.4
2026-03-11 14:00:00,2026,3,11,14,Hải Phòng,Xã Kiến Hải,20.7150982,106.7277399,67,Moderate,1,22.1,61,0.0,5.9,101,1016.6,100,26.7,27.0,474.0,11.2,124.0,12.4
2026-03-11 15:00:00,2026,3,11,15,Hải Phòng,Xã Kiến Hải,20.7150982,106.7277399,69,Moderate,1,21.3,66,0.0,11.2,136,1015.9,92,28.6,29.0,468.0,12.1,129.0,12.7
2026-03-11 16:00:00,2026,3,11,16,Hải Phòng,Xã Kiến Hải,20.7150982,106.7277399,70,Moderate,1,20.5,70,0.0,13.6,133,1015.7,20,29.6,30.0,468.0,12.7,131.0,12.7
2026-03-11 17:00:00,2026,3,11,17,Hải Phòng,Xã Kiến Hải,20.7150982,106.7277399,72,Moderate,1,19.9,72,0.0,12.1,125,1015.7,5,30.4,30.9,475.0,12.5,129.0,12.0
2026-03-11 18:00:00,2026,3,11,18,Hải Phòng,Xã Kiến Hải,20.7150982,106.7277399,74,Moderate,1,19.1,76,0.0,7.6,121,1015.8,11,31.3,31.8,487.0,12.0,123.0,11.0
2026-03-11 19:00:00,2026,3,11,19,Hải Phòng,Xã Kiến Hải,20.7150982,106.7277399,76,Moderate,1,19.2,78,0.0,8.6,116,1016.9,5,33.8,34.0,500.0,13.9,121.0,11.0
2026-03-11 20:00:00,2026,3,11,20,Hải Phòng,Xã Kiến Hải,20.7150982,106.7277399,78,Moderate,1,19.1,79,0.0,9.8,108,1017.3,2,32.6,32.9,508.0,14.0,114.0,11.1
2026-03-11 21:00:00,2026,3,11,21,Hải Phòng,Xã Kiến Hải,20.7150982,106.7277399,80,Moderate,1,18.9,79,0.0,7.5,101,1018.0,9,32.6,33.1,517.0,14.2,104.0,11.2
2026-03-11 22:00:00,2026,3,11,22,Hải Phòng,Xã Kiến Hải,20.7150982,106.7277399,81,Moderate,1,18.8,80,0.0,6.7,93,1018.5,10,37.7,38.2,538.0,14.9,93.0,11.2
2026-03-11 23:00:00,2026,3,11,23,Hải Phòng,Xã Kiến Hải,20.7150982,106.7277399,83,Moderate,1,18.1,84,0.0,4.7,83,1018.4,4,43.0,43.4,584.0,16.3,80.0,11.0
2026-03-12 00:00:00,2026,3,12,0,Hải Phòng,Xã Kiến Hải,20.7150982,106.7277399,85,Moderate,1,17.9,85,0.0,4.6,64,1017.9,5,46.7,47.1,641.0,18.2,66.0,10.7
2026-03-12 01:00:00,2026,3,12,1,Hải Phòng,Xã Kiến Hải,20.7150982,106.7277399,88,Moderate,1,18.4,83,0.0,4.5,67,1018.1,100,51.1,51.5,682.0,19.9,54.0,10.7
2026-03-12 02:00:00,2026,3,12,2,Hải Phòng,Xã Kiến Hải,20.7150982,106.7277399,90,Moderate,1,18.5,82,0.0,4.3,42,1017.5,100,56.2,56.6,686.0,21.1,45.0,11.2
2026-03-12 03:00:00,2026,3,12,3,Hải Phòng,Xã Kiến Hải,20.7150982,106.7277399,93,Moderate,1,19.2,79,0.0,6.2,36,1017.1,100,62.9,63.3,674.0,22.1,39.0,12.0
2026-03-12 04:00:00,2026,3,12,4,Hải Phòng,Xã Kiến Hải,20.7150982,106.7277399,97,Moderate,1,19.2,80,0.0,6.7,27,1017.3,100,69.6,69.8,672.0,23.0,34.0,13.2
2026-03-12 05:00:00,2026,3,12,5,Hải Phòng,Xã Kiến Hải,20.7150982,106.7277399,101,Unhealthy for Sensitive Groups,2,19.0,79,0.0,8.0,23,1017.7,100,71.5,71.9,706.0,24.4,28.0,15.2
2026-03-12 06:00:00,2026,3,12,6,Hải Phòng,Xã Kiến Hải,20.7150982,106.7277399,106,Unhealthy for Sensitive Groups,2,19.0,73,0.0,7.8,22,1018.3,100,73.6,73.8,752.0,25.8,24.0,17.6
2026-03-12 07:00:00,2026,3,12,7,Hải Phòng,Xã Kiến Hải,20.7150982,106.7277399,110,Unhealthy for Sensitive Groups,2,19.2,73,0.0,7.2,13,1019.2,100,51.1,51.3,760.0,20.4,61.0,16.7
2026-03-12 08:00:00,2026,3,12,8,Hải Phòng,Xã Kiến Hải,20.7150982,106.7277399,112,Unhealthy for Sensitive Groups,2,20.2,71,0.0,6.7,31,1020.1,100,48.1,48.4,695.0,17.9,75.0,15.7
2026-03-12 09:00:00,2026,3,12,9,Hải Phòng,Xã Kiến Hải,20.7150982,106.7277399,114,Unhealthy for Sensitive Groups,2,21.0,66,0.0,9.6,49,1020.6,100,39.7,40.0,592.0,14.5,96.0,14.2
2026-03-12 10:00:00,2026,3,12,10,Hải Phòng,Xã Kiến Hải,20.7150982,106.7277399,115,Unhealthy for Sensitive Groups,2,21.7,60,0.0,11.6,60,1020.6,100,30.7,31.1,514.0,11.4,113.0,12.5
2026-03-12 11:00:00,2026,3,12,11,Hải Phòng,Xã Kiến Hải,20.7150982,106.7277399,116,Unhealthy for Sensitive Groups,2,22.2,57,0.0,13.5,76,1020.0,95,26.8,27.1,487.0,9.1,125.0,10.3
2026-03-12 12:00:00,2026,3,12,12,Hải Phòng,Xã Kiến Hải,20.7150982,106.7277399,116,Unhealthy for Sensitive Groups,2,23.0,55,0.0,16.5,79,1018.6,13,24.3,24.7,485.0,7.2,134.0,8.0
2026-03-12 13:00:00,2026,3,12,13,Hải Phòng,Xã Kiến Hải,20.7150982,106.7277399,116,Unhealthy for Sensitive Groups,2,23.1,52,0.0,17.9,80,1017.7,56,25.7,26.2,484.0,6.0,141.0,6.5
2026-03-12 14:00:00,2026,3,12,14,Hải Phòng,Xã Kiến Hải,20.7150982,106.7277399,116,Unhealthy for Sensitive Groups,2,22.8,55,0.0,17.6,89,1017.0,98,29.1,29.7,478.0,5.7,146.0,6.6
2026-03-12 15:00:00,2026,3,12,15,Hải Phòng,Xã Kiến Hải,20.7150982,106.7277399,116,Unhealthy for Sensitive Groups,2,22.5,57,0.0,14.9,98,1016.4,9,31.5,32.2,473.0,6.2,149.0,7.6
2026-03-12 16:00:00,2026,3,12,16,Hải Phòng,Xã Kiến Hải,20.7150982,106.7277399,116,Unhealthy for Sensitive Groups,2,21.9,63,0.0,15.1,110,1016.2,31,31.7,32.6,472.0,7.4,147.0,8.6
2026-03-12 17:00:00,2026,3,12,17,Hải Phòng,Xã Kiến Hải,20.7150982,106.7277399,117,Unhealthy for Sensitive Groups,2,20.8,70,0.0,14.5,102,1015.9,48,32.4,33.4,477.0,10.0,136.0,9.3
2026-03-12 18:00:00,2026,3,12,18,Hải Phòng,Xã Kiến Hải,20.7150982,106.7277399,117,Unhealthy for Sensitive Groups,2,19.9,75,0.0,10.0,99,1015.9,48,35.6,36.7,485.0,13.3,119.0,10.1
2026-03-12 19:00:00,2026,3,12,19,Hải Phòng,Xã Kiến Hải,20.7150982,106.7277399,117,Unhealthy for Sensitive Groups,2,19.5,83,0.0,3.1,130,1017.4,20,35.7,36.4,488.0,13.4,109.0,9.5
2026-03-12 20:00:00,2026,3,12,20,Hải Phòng,Xã Kiến Hải,20.7150982,106.7277399,117,Unhealthy for Sensitive Groups,2,19.5,83,0.0,0.8,117,1017.9,15,39.6,40.5,477.0,14.4,103.0,10.2
2026-03-12 21:00:00,2026,3,12,21,Hải Phòng,Xã Kiến Hải,20.7150982,106.7277399,118,Unhealthy for Sensitive Groups,2,19.0,84,0.0,2.6,78,1018.2,2,44.9,46.1,462.0,15.9,95.0,11.3
2026-03-12 22:00:00,2026,3,12,22,Hải Phòng,Xã Kiến Hải,20.7150982,106.7277399,119,Unhealthy for Sensitive Groups,2,18.5,85,0.0,5.1,67,1018.8,4,48.8,50.1,465.0,17.2,87.0,12.0
2026-03-12 23:00:00,2026,3,12,23,Hải Phòng,Xã Kiến Hải,20.7150982,106.7277399,121,Unhealthy for Sensitive Groups,2,18.4,85,0.0,5.5,67,1019.0,3,52.7,54.0,508.0,18.1,79.0,12.1
2026-03-13 00:00:00,2026,3,13,0,Hải Phòng,Xã Kiến Hải,20.7150982,106.7277399,122,Unhealthy for Sensitive Groups,2,18.0,87,0.0,4.7,40,1019.1,9,56.5,57.7,569.0,18.9,72.0,12.0
2026-03-13 01:00:00,2026,3,13,1,Hải Phòng,Xã Kiến Hải,20.7150982,106.7277399,123,Unhealthy for Sensitive Groups,2,18.0,88,0.0,5.6,25,1019.2,18,58.6,59.6,603.0,19.4,65.0,12.0
2026-03-13 02:00:00,2026,3,13,2,Hải Phòng,Xã Kiến Hải,20.7150982,106.7277399,123,Unhealthy for Sensitive Groups,2,18.4,85,0.0,7.7,18,1018.9,30,58.7,59.6,579.0,19.5,60.0,12.3
2026-03-13 03:00:00,2026,3,13,3,Hải Phòng,Xã Kiến Hải,20.7150982,106.7277399,124,Unhealthy for Sensitive Groups,2,18.4,81,0.0,8.2,26,1018.6,34,60.1,61.0,527.0,19.3,55.0,12.8
2026-03-13 04:00:00,2026,3,13,4,Hải Phòng,Xã Kiến Hải,20.7150982,106.7277399,123,Unhealthy for Sensitive Groups,2,18.3,80,0.0,7.7,31,1018.4,14,61.0,61.9,494.0,19.2,52.0,13.4
2026-03-13 05:00:00,2026,3,13,5,Hải Phòng,Xã Kiến Hải,20.7150982,106.7277399,123,Unhealthy for Sensitive Groups,2,18.3,81,0.0,7.9,43,1018.8,9,62.9,63.8,509.0,19.9,47.0,14.4
2026-03-13 06:00:00,2026,3,13,6,Hải Phòng,Xã Kiến Hải,20.7150982,106.7277399,122,Unhealthy for Sensitive Groups,2,18.2,82,0.0,8.0,42,1019.5,5,65.0,65.9,541.0,20.8,43.0,15.6
2026-03-13 07:00:00,2026,3,13,7,Hải Phòng,Xã Kiến Hải,20.7150982,106.7277399,121,Unhealthy for Sensitive Groups,2,19.0,80,0.0,10.5,31,1020.3,13,55.5,56.9,550.0,17.8,62.0,13.7
2026-03-13 08:00:00,2026,3,13,8,Hải Phòng,Xã Kiến Hải,20.7150982,106.7277399,121,Unhealthy for Sensitive Groups,2,20.6,74,0.0,10.5,33,1020.8,2,50.4,51.5,508.0,15.2,82.0,13.2
2026-03-13 09:00:00,2026,3,13,9,Hải Phòng,Xã Kiến Hải,20.7150982,106.7277399,121,Unhealthy for Sensitive Groups,2,22.1,64,0.0,12.7,47,1021.2,2,33.6,35.0,442.0,11.5,110.0,12.5
2026-03-13 10:00:00,2026,3,13,10,Hải Phòng,Xã Kiến Hải,20.7150982,106.7277399,121,Unhealthy for Sensitive Groups,2,23.2,56,0.0,14.3,61,1021.4,5,24.9,26.4,388.0,8.4,135.0,11.9
2026-03-13 11:00:00,2026,3,13,11,Hải Phòng,Xã Kiến Hải,20.7150982,106.7277399,120,Unhealthy for Sensitive Groups,2,23.5,54,0.0,18.6,73,1020.9,4,22.1,23.3,361.0,6.2,152.0,11.6
2026-03-13 12:00:00,2026,3,13,12,Hải Phòng,Xã Kiến Hải,20.7150982,106.7277399,120,Unhealthy for Sensitive Groups,2,23.8,55,0.0,19.7,74,1019.8,8,21.5,22.7,347.0,4.4,166.0,11.5
2026-03-13 13:00:00,2026,3,13,13,Hải Phòng,Xã Kiến Hải,20.7150982,106.7277399,119,Unhealthy for Sensitive Groups,2,23.2,58,0.0,19.7,81,1019.3,15,21.6,22.9,337.0,3.5,174.0,11.2
2026-03-13 14:00:00,2026,3,13,14,Hải Phòng,Xã Kiến Hải,20.7150982,106.7277399,119,Unhealthy for Sensitive Groups,2,23.0,61,0.0,21.7,83,1018.3,11,23.0,24.4,332.0,3.6,176.0,10.5
2026-03-13 15:00:00,2026,3,13,15,Hải Phòng,Xã Kiến Hải,20.7150982,106.7277399,118,Unhealthy for Sensitive Groups,2,22.6,63,0.0,20.2,81,1017.5,9,23.5,25.1,331.0,4.5,174.0,9.7
2026-03-13 16:00:00,2026,3,13,16,Hải Phòng,Xã Kiến Hải,20.7150982,106.7277399,118,Unhealthy for Sensitive Groups,2,22.1,64,0.0,19.7,80,1017.4,8,24.0,25.6,331.0,5.8,169.0,9.3
2026-03-13 17:00:00,2026,3,13,17,Hải Phòng,Xã Kiến Hải,20.7150982,106.7277399,134,Unhealthy for Sensitive Groups,2,21.4,68,0.0,18.0,76,1017.4,9,24.7,26.3,331.0,7.8,163.0,9.9
2026-03-13 18:00:00,2026,3,13,18,Hải Phòng,Xã Kiến Hải,20.7150982,106.7277399,145,Unhealthy for Sensitive Groups,2,20.5,72,0.0,14.8,66,1017.6,13,26.6,27.9,332.0,10.2,154.0,10.8
2026-03-13 19:00:00,2026,3,13,19,Hải Phòng,Xã Kiến Hải,20.7150982,106.7277399,149,Unhealthy for Sensitive Groups,2,20.6,74,0.0,12.0,72,1018.8,45,26.8,28.3,328.0,10.3,130.0,10.6
2026-03-13 20:00:00,2026,3,13,20,Hải Phòng,Xã Kiến Hải,20.7150982,106.7277399,144,Unhealthy for Sensitive Groups,2,20.7,74,0.0,14.2,64,1019.3,100,25.8,27.6,317.0,9.7,128.0,9.8
2026-03-13 21:00:00,2026,3,13,21,Hải Phòng,Xã Kiến Hải,20.7150982,106.7277399,136,Unhealthy for Sensitive Groups,2,21.1,74,0.0,16.2,77,1019.9,100,24.4,26.5,301.0,9.0,126.0,8.7
2026-03-13 22:00:00,2026,3,13,22,Hải Phòng,Xã Kiến Hải,20.7150982,106.7277399,126,Unhealthy for Sensitive Groups,2,21.1,74,0.0,16.3,84,1020.2,100,22.5,25.0,286.0,8.2,124.0,7.7
2026-03-13 23:00:00,2026,3,13,23,Hải Phòng,Xã Kiến Hải,20.7150982,106.7277399,115,Unhealthy for Sensitive Groups,2,20.8,78,0.0,16.6,89,1019.9,100,21.0,24.3,271.0,7.5,122.0,6.8
2026-03-14 00:00:00,2026,3,14,0,Hải Phòng,Xã Kiến Hải,20.7150982,106.7277399,104,Unhealthy for Sensitive Groups,2,20.5,81,0.0,16.7,89,1019.5,100,18.2,21.5,257.0,6.8,120.0,6.0
2026-03-14 01:00:00,2026,3,14,1,Hải Phòng,Xã Kiến Hải,20.7150982,106.7277399,100,Moderate,1,20.1,84,0.0,14.4,82,1019.5,100,16.0,19.3,245.0,6.3,119.0,5.5
2026-03-14 02:00:00,2026,3,14,2,Hải Phòng,Xã Kiến Hải,20.7150982,106.7277399,97,Moderate,1,20.6,78,0.0,15.9,85,1018.9,100,16.1,19.7,236.0,6.2,118.0,5.5
2026-03-14 03:00:00,2026,3,14,3,Hải Phòng,Xã Kiến Hải,20.7150982,106.7277399,93,Moderate,1,20.5,78,0.0,16.2,87,1018.5,35,15.5,19.0,229.0,6.3,118.0,5.8
2026-03-14 04:00:00,2026,3,14,4,Hải Phòng,Xã Kiến Hải,20.7150982,106.7277399,89,Moderate,1,20.3,79,0.0,15.9,87,1018.8,70,14.1,17.3,230.0,6.5,118.0,6.1
2026-03-14 05:00:00,2026,3,14,5,Hải Phòng,Xã Kiến Hải,20.7150982,106.7277399,85,Moderate,1,20.2,78,0.0,16.8,88,1018.8,100,14.1,17.2,245.0,7.0,117.0,6.4
2026-03-14 06:00:00,2026,3,14,6,Hải Phòng,Xã Kiến Hải,20.7150982,106.7277399,80,Moderate,1,20.5,77,0.0,18.0,92,1019.6,96,13.6,16.6,267.0,7.6,117.0,6.8
2026-03-14 07:00:00,2026,3,14,7,Hải Phòng,Xã Kiến Hải,20.7150982,106.7277399,76,Moderate,1,20.8,76,0.0,19.3,87,1020.3,91,13.8,16.7,284.0,7.9,118.0,6.7
2026-03-14 08:00:00,2026,3,14,8,Hải Phòng,Xã Kiến Hải,20.7150982,106.7277399,72,Moderate,1,21.5,72,0.0,22.3,87,1021.0,36,13.9,17.5,289.0,7.3,120.0,5.9
2026-03-14 09:00:00,2026,3,14,9,Hải Phòng,Xã Kiến Hải,20.7150982,106.7277399,69,Moderate,1,22.1,69,0.0,25.5,84,1021.3,48,13.3,17.1,287.0,6.6,123.0,4.7
2026-03-14 10:00:00,2026,3,14,10,Hải Phòng,Xã Kiến Hải,20.7150982,106.7277399,68,Moderate,1,22.4,70,0.0,24.0,87,1021.6,30,13.6,17.6,285.0,6.0,125.0,3.9
2026-03-14 11:00:00,2026,3,14,11,Hải Phòng,Xã Kiến Hải,20.7150982,106.7277399,70,Moderate,1,22.8,69,0.0,22.0,89,1021.4,44,14.6,19.0,283.0,5.7,127.0,3.7
2026-03-14 12:00:00,2026,3,14,12,Hải Phòng,Xã Kiến Hải,20.7150982,106.7277399,72,Moderate,1,22.9,67,0.0,20.9,93,1020.4,99,15.8,20.8,280.0,5.7,129.0,3.9
2026-03-14 13:00:00,2026,3,14,13,Hải Phòng,Xã Kiến Hải,20.7150982,106.7277399,74,Moderate,1,23.0,63,0.0,20.0,93,1019.9,30,17.1,22.4,276.0,5.9,130.0,4.1
2026-03-14 14:00:00,2026,3,14,14,Hải Phòng,Xã Kiến Hải,20.7150982,106.7277399,77,Moderate,1,22.9,64,0.0,18.9,91,1019.0,32,18.3,23.8,268.0,6.6,131.0,4.3
2026-03-14 15:00:00,2026,3,14,15,Hải Phòng,Xã Kiến Hải,20.7150982,106.7277399,80,Moderate,1,22.8,65,0.0,18.6,87,1018.3,28,19.6,25.1,257.0,7.6,133.0,4.7
2026-03-14 16:00:00,2026,3,14,16,Hải Phòng,Xã Kiến Hải,20.7150982,106.7277399,83,Moderate,1,22.2,67,0.0,18.6,85,1017.7,4,21.3,26.7,252.0,8.7,132.0,5.1
2026-03-14 17:00:00,2026,3,14,17,Hải Phòng,Xã Kiến Hải,20.7150982,106.7277399,86,Moderate,1,21.6,69,0.0,17.7,87,1017.5,1,23.1,28.2,255.0,10.0,128.0,5.7
2026-03-14 18:00:00,2026,3,14,18,Hải Phòng,Xã Kiến Hải,20.7150982,106.7277399,87,Moderate,1,20.8,75,0.0,14.3,83,1017.9,1,25.0,29.1,263.0,11.3,123.0,6.4
2026-03-14 19:00:00,2026,3,14,19,Hải Phòng,Xã Kiến Hải,20.7150982,106.7277399,86,Moderate,1,21.5,75,0.0,13.8,76,1018.8,100,32.8,36.4,270.0,13.3,108.0,7.3
2026-03-14 20:00:00,2026,3,14,20,Hải Phòng,Xã Kiến Hải,20.7150982,106.7277399,82,Moderate,1,21.4,76,0.0,13.9,77,1019.5,100,32.5,35.9,275.0,12.6,107.0,7.1
2026-03-14 21:00:00,2026,3,14,21,Hải Phòng,Xã Kiến Hải,20.7150982,106.7277399,78,Moderate,1,21.3,75,0.0,12.2,76,1019.9,99,29.8,32.9,280.0,11.5,106.0,6.8
2026-03-14 22:00:00,2026,3,14,22,Hải Phòng,Xã Kiến Hải,20.7150982,106.7277399,72,Moderate,1,21.1,75,0.0,10.4,76,1020.0,99,27.4,30.5,279.0,10.6,104.0,6.4
2026-03-14 23:00:00,2026,3,14,23,Hải Phòng,Xã Kiến Hải,20.7150982,106.7277399,67,Moderate,1,21.0,75,0.0,7.6,71,1020.1,100,24.9,28.1,270.0,9.9,103.0,5.8
2026-03-15 00:00:00,2026,3,15,0,Hải Phòng,Xã Kiến Hải,20.7150982,106.7277399,66,Moderate,1,21.1,76,0.0,12.0,76,1019.5,98,21.6,24.8,257.0,9.3,101.0,5.0
2026-03-15 01:00:00,2026,3,15,1,Hải Phòng,Xã Kiến Hải,20.7150982,106.7277399,66,Moderate,1,21.0,81,0.0,18.1,83,1018.9,19,19.0,22.4,245.0,8.8,99.0,4.4
2026-03-15 02:00:00,2026,3,15,2,Hải Phòng,Xã Kiến Hải,20.7150982,106.7277399,66,Moderate,1,21.0,84,0.0,16.2,81,1018.3,59,17.7,21.2,234.0,8.3,96.0,4.1
2026-03-15 03:00:00,2026,3,15,3,Hải Phòng,Xã Kiến Hải,20.7150982,106.7277399,66,Moderate,1,21.0,85,0.0,14.7,84,1018.2,100,17.5,21.3,225.0,8.0,93.0,3.9
2026-03-15 04:00:00,2026,3,15,4,Hải Phòng,Xã Kiến Hải,20.7150982,106.7277399,67,Moderate,1,21.0,86,0.0,14.6,89,1018.2,98,17.2,21.1,223.0,8.0,90.0,4.1
2026-03-15 05:00:00,2026,3,15,5,Hải Phòng,Xã Kiến Hải,20.7150982,106.7277399,67,Moderate,1,21.0,87,0.0,13.0,91,1018.8,100,17.3,21.2,237.0,8.9,85.0,4.8
2026-03-15 06:00:00,2026,3,15,6,Hải Phòng,Xã Kiến Hải,20.7150982,106.7277399,67,Moderate,1,20.9,88,0.1,11.7,89,1019.2,100,17.1,20.8,259.0,10.1,80.0,5.9
2026-03-15 07:00:00,2026,3,15,7,Hải Phòng,Xã Kiến Hải,20.7150982,106.7277399,67,Moderate,1,20.9,88,0.0,13.7,74,1019.5,91,20.1,24.5,272.0,11.4,76.0,6.6
2026-03-15 08:00:00,2026,3,15,8,Hải Phòng,Xã Kiến Hải,20.7150982,106.7277399,68,Moderate,1,22.0,82,0.1,15.6,83,1020.2,59,18.0,23.4,265.0,9.9,84.0,6.1
2026-03-15 09:00:00,2026,3,15,9,Hải Phòng,Xã Kiến Hải,20.7150982,106.7277399,68,Moderate,1,22.6,79,0.0,17.3,91,1020.9,85,16.8,22.4,249.0,7.9,94.0,5.5
2026-03-15 10:00:00,2026,3,15,10,Hải Phòng,Xã Kiến Hải,20.7150982,106.7277399,69,Moderate,1,23.0,77,0.0,18.4,90,1021.2,70,16.6,22.2,234.0,6.4,103.0,5.1
2026-03-15 11:00:00,2026,3,15,11,Hải Phòng,Xã Kiến Hải,20.7150982,106.7277399,69,Moderate,1,23.2,75,0.0,19.1,90,1020.6,100,17.1,22.6,225.0,5.8,108.0,5.1
2026-03-15 12:00:00,2026,3,15,12,Hải Phòng,Xã Kiến Hải,20.7150982,106.7277399,69,Moderate,1,23.2,76,0.0,20.8,96,1019.1,55,17.8,23.5,219.0,5.6,112.0,5.2
2026-03-15 13:00:00,2026,3,15,13,Hải Phòng,Xã Kiến Hải,20.7150982,106.7277399,69,Moderate,1,22.9,75,0.0,20.3,101,1018.8,96,18.7,24.2,214.0,5.6,115.0,5.3
2026-03-15 14:00:00,2026,3,15,14,Hải Phòng,Xã Kiến Hải,20.7150982,106.7277399,69,Moderate,1,23.0,76,0.0,20.0,99,1017.8,28,19.5,25.4,211.0,5.5,117.0,5.1
2026-03-15 15:00:00,2026,3,15,15,Hải Phòng,Xã Kiến Hải,20.7150982,106.7277399,70,Moderate,1,22.9,76,0.0,18.5,98,1017.0,24,18.5,24.7,210.0,5.6,118.0,4.9
2026-03-15 16:00:00,2026,3,15,16,Hải Phòng,Xã Kiến Hải,20.7150982,106.7277399,69,Moderate,1,22.6,76,0.0,16.8,94,1016.4,13,17.2,23.3,211.0,6.3,117.0,4.9
2026-03-15 17:00:00,2026,3,15,17,Hải Phòng,Xã Kiến Hải,20.7150982,106.7277399,69,Moderate,1,22.0,78,0.0,16.1,96,1016.1,19,16.8,22.6,215.0,8.2,112.0,5.5
2026-03-15 18:00:00,2026,3,15,18,Hải Phòng,Xã Kiến Hải,20.7150982,106.7277399,69,Moderate,1,21.2,83,0.0,16.4,99,1016.2,14,18.0,22.7,221.0,10.7,105.0,6.3
2026-03-15 19:00:00,2026,3,15,19,Hải Phòng,Xã Kiến Hải,20.7150982,106.7277399,68,Moderate,1,21.8,85,0.0,15.0,93,1016.9,47,22.6,26.7,225.0,15.1,82.0,7.6
2026-03-15 20:00:00,2026,3,15,20,Hải Phòng,Xã Kiến Hải,20.7150982,106.7277399,67,Moderate,1,21.5,85,0.0,19.0,97,1017.5,30,23.3,27.2,223.0,14.5,82.0,7.4
2026-03-15 21:00:00,2026,3,15,21,Hải Phòng,Xã Kiến Hải,20.7150982,106.7277399,66,Moderate,1,21.4,86,0.0,19.0,100,1017.9,8,22.5,26.3,219.0,13.7,83.0,7.2
2026-03-15 22:00:00,2026,3,15,22,Hải Phòng,Xã Kiến Hải,20.7150982,106.7277399,66,Moderate,1,21.1,87,0.0,16.4,105,1018.2,17,22.4,26.0,215.0,12.9,83.0,6.8
2026-03-15 23:00:00,2026,3,15,23,Hải Phòng,Xã Kiến Hải,20.7150982,106.7277399,65,Moderate,1,20.9,89,0.0,13.7,107,1018.2,34,22.3,25.9,211.0,12.2,83.0,6.2
2026-03-16 00:00:00,2026,3,16,0,Hải Phòng,Xã Kiến Hải,20.7150982,106.7277399,65,Moderate,1,20.8,90,0.0,13.6,105,1017.7,46,21.4,24.9,208.0,11.6,82.0,5.5
2026-03-16 01:00:00,2026,3,16,1,Hải Phòng,Xã Kiến Hải,20.7150982,106.7277399,65,Moderate,1,20.6,96,0.0,7.5,111,1017.0,40,20.7,24.2,206.0,11.3,81.0,5.1
2026-03-16 02:00:00,2026,3,16,2,Hải Phòng,Xã Kiến Hải,20.7150982,106.7277399,65,Moderate,1,20.7,97,0.2,5.0,125,1016.3,83,21.4,25.1,206.0,11.5,80.0,5.3
2026-03-16 03:00:00,2026,3,16,3,Hải Phòng,Xã Kiến Hải,20.7150982,106.7277399,65,Moderate,1,20.6,96,0.1,5.1,107,1015.6,31,23.2,27.0,208.0,11.9,80.0,5.8
2026-03-16 04:00:00,2026,3,16,4,Hải Phòng,Xã Kiến Hải,20.7150982,106.7277399,66,Moderate,1,20.5,95,0.0,5.2,88,1015.4,34,24.7,28.3,215.0,12.5,77.0,6.1
2026-03-16 05:00:00,2026,3,16,5,Hải Phòng,Xã Kiến Hải,20.7150982,106.7277399,66,Moderate,1,20.3,95,0.0,6.7,90,1015.3,12,25.8,29.5,232.0,13.4,69.0,6.1
2026-03-16 06:00:00,2026,3,16,6,Hải Phòng,Xã Kiến Hải,20.7150982,106.7277399,67,Moderate,1,20.0,96,0.0,6.3,92,1015.9,27,35.6,38.8,254.0,14.4,60.0,5.9
2026-03-16 07:00:00,2026,3,16,7,Hải Phòng,Xã Kiến Hải,20.7150982,106.7277399,69,Moderate,1,20.7,91,0.0,10.4,75,1016.9,2,24.1,27.5,264.0,13.5,66.0,7.2
2026-03-16 08:00:00,2026,3,16,8,Hải Phòng,Xã Kiến Hải,20.7150982,106.7277399,69,Moderate,1,22.2,82,0.0,9.8,83,1017.4,9,19.3,24.0,253.0,12.1,77.0,6.9
2026-03-16 09:00:00,2026,3,16,9,Hải Phòng,Xã Kiến Hải,20.7150982,106.7277399,69,Moderate,1,23.1,77,0.2,8.9,96,1018.2,16,17.5,22.8,230.0,10.2,93.0,6.4
2026-03-16 10:00:00,2026,3,16,10,Hải Phòng,Xã Kiến Hải,20.7150982,106.7277399,69,Moderate,1,23.5,75,0.2,10.6,109,1018.3,25,16.8,22.3,212.0,8.5,105.0,6.0
2026-03-16 11:00:00,2026,3,16,11,Hải Phòng,Xã Kiến Hải,20.7150982,106.7277399,69,Moderate,1,23.8,74,0.1,12.8,124,1017.5,34,16.8,22.4,204.0,7.1,111.0,5.6
2026-03-16 12:00:00,2026,3,16,12,Hải Phòng,Xã Kiến Hải,20.7150982,106.7277399,69,Moderate,1,23.7,74,0.0,13.8,133,1016.4,39,16.9,22.6,199.0,6.0,114.0,5.1
2026-03-16 13:00:00,2026,3,16,13,Hải Phòng,Xã Kiến Hải,20.7150982,106.7277399,69,Moderate,1,23.4,74,0.0,13.4,147,1016.0,77,15.6,21.0,197.0,5.3,115.0,4.8
2026-03-16 14:00:00,2026,3,16,14,Hải Phòng,Xã Kiến Hải,20.7150982,106.7277399,69,Moderate,1,22.9,77,0.0,11.9,145,1015.3,91,14.5,19.4,196.0,5.3,114.0,4.5
2026-03-16 15:00:00,2026,3,16,15,Hải Phòng,Xã Kiến Hải,20.7150982,106.7277399,69,Moderate,1,22.5,80,0.0,12.0,133,1014.0,13,13.7,18.5,198.0,5.7,112.0,4.3
2026-03-16 16:00:00,2026,3,16,16,Hải Phòng,Xã Kiến Hải,20.7150982,106.7277399,68,Moderate,1,22.5,79,0.0,12.4,138,1013.4,7,13.7,18.5,202.0,6.6,108.0,4.4
2026-03-16 17:00:00,2026,3,16,17,Hải Phòng,Xã Kiến Hải,20.7150982,106.7277399,68,Moderate,1,21.9,82,0.0,11.1,140,1012.9,3,13.6,18.1,211.0,8.1,104.0,5.0
2026-03-16 18:00:00,2026,3,16,18,Hải Phòng,Xã Kiến Hải,20.7150982,106.7277399,68,Moderate,1,21.0,87,0.0,9.3,126,1013.0,2,13.9,17.8,223.0,10.0,98.0,5.9
2026-03-16 19:00:00,2026,3,16,19,Hải Phòng,Xã Kiến Hải,20.7150982,106.7277399,67,Moderate,1,21.9,86,0.0,12.2,128,1013.3,7,17.9,22.1,230.0,12.0,96.0,6.7
2026-03-16 20:00:00,2026,3,16,20,Hải Phòng,Xã Kiến Hải,20.7150982,106.7277399,67,Moderate,1,21.8,86,0.0,14.1,125,1013.9,9,18.7,22.7,230.0,11.9,93.0,6.7
2026-03-16 21:00:00,2026,3,16,21,Hải Phòng,Xã Kiến Hải,20.7150982,106.7277399,66,Moderate,1,21.6,87,0.0,13.4,123,1014.8,5,19.8,23.6,227.0,11.8,90.0,6.8
2026-03-16 22:00:00,2026,3,16,22,Hải Phòng,Xã Kiến Hải,20.7150982,106.7277399,66,Moderate,1,21.4,88,0.0,12.2,121,1015.3,2,20.7,24.3,221.0,11.8,86.0,6.7
2026-03-16 23:00:00,2026,3,16,23,Hải Phòng,Xã Kiến Hải,20.7150982,106.7277399,66,Moderate,1,21.1,90,0.0,13.0,124,1015.2,1,21.1,24.7,213.0,11.8,83.0,6.3
2026-03-17 00:00:00,2026,3,17,0,Hải Phòng,Xã Kiến Hải,20.7150982,106.7277399,66,Moderate,1,21.0,90,0.0,13.5,127,1014.6,0,21.0,24.7,203.0,11.9,80.0,5.8
2026-03-17 01:00:00,2026,3,17,1,Hải Phòng,Xã Kiến Hải,20.7150982,106.7277399,66,Moderate,1,21.0,92,0.0,12.0,125,1014.2,9,21.4,25.1,196.0,12.0,77.0,5.5
2026-03-17 02:00:00,2026,3,17,2,Hải Phòng,Xã Kiến Hải,20.7150982,106.7277399,66,Moderate,1,20.9,93,0.0,13.3,123,1013.6,5,22.3,26.2,193.0,12.1,76.0,5.6
2026-03-17 03:00:00,2026,3,17,3,Hải Phòng,Xã Kiến Hải,20.7150982,106.7277399,66,Moderate,1,20.7,94,0.0,13.3,120,1012.8,5,24.1,28.3,192.0,12.3,75.0,5.8
2026-03-17 04:00:00,2026,3,17,4,Hải Phòng,Xã Kiến Hải,20.7150982,106.7277399,66,Moderate,1,20.7,93,0.0,13.8,125,1012.7,3,26.7,31.8,195.0,12.6,74.0,6.2
2026-03-17 05:00:00,2026,3,17,5,Hải Phòng,Xã Kiến Hải,20.7150982,106.7277399,66,Moderate,1,20.6,93,0.0,12.5,127,1013.1,18,29.7,35.0,205.0,13.4,71.0,6.8
2026-03-17 06:00:00,2026,3,17,6,Hải Phòng,Xã Kiến Hải,20.7150982,106.7277399,67,Moderate,1,20.6,93,0.0,11.6,132,1013.8,32,31.9,36.9,217.0,14.3,68.0,7.4
2026-03-17 07:00:00,2026,3,17,7,Hải Phòng,Xã Kiến Hải,20.7150982,106.7277399,66,Moderate,1,21.6,91,0.1,13.9,130,1014.4,66,26.3,30.0,221.0,13.3,70.0,6.9
2026-03-17 08:00:00,2026,3,17,8,Hải Phòng,Xã Kiến Hải,20.7150982,106.7277399,66,Moderate,1,22.5,87,0.1,14.0,133,1015.1,67,19.9,25.0,207.0,11.6,79.0,6.3
2026-03-17 09:00:00,2026,3,17,9,Hải Phòng,Xã Kiến Hải,20.7150982,106.7277399,67,Moderate,1,23.0,85,0.0,16.9,142,1015.7,16,16.3,21.3,184.0,9.2,91.0,5.5
2026-03-17 10:00:00,2026,3,17,10,Hải Phòng,Xã Kiến Hải,20.7150982,106.7277399,66,Moderate,1,23.8,80,0.1,19.2,154,1015.8,16,13.6,18.5,166.0,7.3,100.0,4.8
2026-03-17 11:00:00,2026,3,17,11,Hải Phòng,Xã Kiến Hải,20.7150982,106.7277399,66,Moderate,1,24.4,74,0.1,19.8,159,1015.4,21,12.1,16.6,158.0,6.2,102.0,4.3
2026-03-17 12:00:00,2026,3,17,12,Hải Phòng,Xã Kiến Hải,20.7150982,106.7277399,66,Moderate,1,24.4,74,0.0,20.5,155,1014.5,27,11.3,15.6,155.0,5.6,101.0,3.9
2026-03-17 13:00:00,2026,3,17,13,Hải Phòng,Xã Kiến Hải,20.7150982,106.7277399,65,Moderate,1,24.0,75,0.0,18.8,155,1013.9,32,10.5,14.7,153.0,5.3,99.0,3.6
2026-03-17 14:00:00,2026,3,17,14,Hải Phòng,Xã Kiến Hải,20.7150982,106.7277399,65,Moderate,1,24.1,75,0.0,18.8,156,1013.0,10,10.4,14.5,152.0,5.3,98.0,3.5
2026-03-17 15:00:00,2026,3,17,15,Hải Phòng,Xã Kiến Hải,20.7150982,106.7277399,64,Moderate,1,24.0,75,0.0,17.9,158,1012.2,15,10.4,14.5,154.0,5.7,97.0,3.5
2026-03-17 16:00:00,2026,3,17,16,Hải Phòng,Xã Kiến Hải,20.7150982,106.7277399,64,Moderate,1,23.4,81,0.0,16.6,156,1011.6,5,10.3,14.4,156.0,6.4,95.0,3.7
2026-03-17 17:00:00,2026,3,17,17,Hải Phòng,Xã Kiến Hải,20.7150982,106.7277399,64,Moderate,1,22.6,85,0.0,13.1,146,1011.6,5,10.4,14.6,161.0,7.5,92.0,4.2
2026-03-17 18:00:00,2026,3,17,18,Hải Phòng,Xã Kiến Hải,20.7150982,106.7277399,64,Moderate,1,21.9,88,0.0,11.8,144,1011.7,6,10.6,14.0,167.0,8.9,87.0,4.9
2026-03-17 19:00:00,2026,3,17,19,Hải Phòng,Xã Kiến Hải,20.7150982,106.7277399,63,Moderate,1,22.6,86,0.0,14.6,135,1012.0,98,14.0,17.9,171.0,10.9,82.0,5.8
2026-03-17 20:00:00,2026,3,17,20,Hải Phòng,Xã Kiến Hải,20.7150982,106.7277399,63,Moderate,1,22.5,86,0.0,13.8,138,1013.0,15,15.0,19.0,170.0,11.4,78.0,6.1
2026-03-17 21:00:00,2026,3,17,21,Hải Phòng,Xã Kiến Hải,20.7150982,106.7277399,63,Moderate,1,22.1,87,0.0,15.5,135,1013.4,2,16.4,20.4,166.0,12.0,73.0,6.5
2026-03-17 22:00:00,2026,3,17,22,Hải Phòng,Xã Kiến Hải,20.7150982,106.7277399,62,Moderate,1,22.0,89,0.0,16.6,138,1013.7,0,17.2,21.3,162.0,12.4,69.0,6.6
2026-03-17 23:00:00,2026,3,17,23,Hải Phòng,Xã Kiến Hải,20.7150982,106.7277399,62,Moderate,1,21.6,91,0.0,10.2,135,1014.1,1,16.7,20.5,157.0,12.2,66.0,6.1
2026-03-18 00:00:00,2026,3,18,0,Hải Phòng,Xã Kiến Hải,20.7150982,106.7277399,62,Moderate,1,21.3,93,0.0,10.1,123,1013.7,2,16.0,19.7,152.0,11.7,64.0,5.4
2026-03-18 01:00:00,2026,3,18,1,Hải Phòng,Xã Kiến Hải,20.7150982,106.7277399,61,Moderate,1,21.5,95,0.0,10.0,116,1012.9,8,16.8,20.5,148.0,11.5,62.0,4.9
2026-03-18 02:00:00,2026,3,18,2,Hải Phòng,Xã Kiến Hải,20.7150982,106.7277399,61,Moderate,1,21.4,95,0.0,9.8,121,1012.1,65,18.5,22.6,144.0,11.6,60.0,4.8
2026-03-18 03:00:00,2026,3,18,3,Hải Phòng,Xã Kiến Hải,20.7150982,106.7277399,60,Moderate,1,21.4,96,0.0,9.5,123,1011.9,24,19.9,24.0,142.0,12.0,58.0,4.9
2026-03-18 04:00:00,2026,3,18,4,Hải Phòng,Xã Kiến Hải,20.7150982,106.7277399,60,Moderate,1,21.2,96,0.0,8.8,125,1012.0,23,20.5,24.7,147.0,12.5,56.0,5.2
2026-03-18 05:00:00,2026,3,18,5,Hải Phòng,Xã Kiến Hải,20.7150982,106.7277399,59,Moderate,1,21.1,96,0.0,8.5,128,1012.5,31,21.6,26.0,168.0,13.6,52.0,5.9
2026-03-18 06:00:00,2026,3,18,6,Hải Phòng,Xã Kiến Hải,20.7150982,106.7277399,59,Moderate,1,21.1,96,0.0,8.5,125,1013.0,40,24.2,28.9,196.0,14.8,47.0,6.9
2026-03-18 07:00:00,2026,3,18,7,Hải Phòng,Xã Kiến Hải,20.7150982,106.7277399,58,Moderate,1,22.0,96,0.0,9.5,122,1014.1,39,30.3,34.5,211.0,15.8,43.0,6.9
2026-03-18 08:00:00,2026,3,18,8,Hải Phòng,Xã Kiến Hải,20.7150982,106.7277399,58,Moderate,1,23.0,93,0.2,12.6,139,1015.1,51,19.7,25.0,201.0,14.0,55.0,6.4
2026-03-18 09:00:00,2026,3,18,9,Hải Phòng,Xã Kiến Hải,20.7150982,106.7277399,58,Moderate,1,23.5,89,0.4,14.3,138,1015.7,73,16.8,22.3,178.0,11.6,72.0,5.6
2026-03-18 10:00:00,2026,3,18,10,Hải Phòng,Xã Kiến Hải,20.7150982,106.7277399,58,Moderate,1,23.8,89,0.5,15.5,138,1016.2,48,15.0,20.4,160.0,9.5,85.0,5.0
2026-03-18 11:00:00,2026,3,18,11,Hải Phòng,Xã Kiến Hải,20.7150982,106.7277399,59,Moderate,1,24.4,83,0.1,16.9,140,1015.6,71,17.9,24.4,154.0,8.1,92.0,4.7
2026-03-18 12:00:00,2026,3,18,12,Hải Phòng,Xã Kiến Hải,20.7150982,106.7277399,59,Moderate,1,24.3,83,0.0,18.0,139,1014.5,88,14.4,19.8,153.0,7.0,96.0,4.5
2026-03-18 13:00:00,2026,3,18,13,Hải Phòng,Xã Kiến Hải,20.7150982,106.7277399,59,Moderate,1,24.1,83,0.0,17.3,144,1013.7,98,14.6,20.2,153.0,6.4,99.0,4.4
2026-03-18 14:00:00,2026,3,18,14,Hải Phòng,Xã Kiến Hải,20.7150982,106.7277399,60,Moderate,1,24.0,83,0.0,18.6,148,1012.8,98,16.4,22.5,153.0,6.4,101.0,4.4
2026-03-18 15:00:00,2026,3,18,15,Hải Phòng,Xã Kiến Hải,20.7150982,106.7277399,60,Moderate,1,23.8,84,0.0,18.6,148,1012.0,98,14.5,19.8,155.0,6.8,101.0,4.6
2026-03-18 16:00:00,2026,3,18,16,Hải Phòng,Xã Kiến Hải,20.7150982,106.7277399,61,Moderate,1,23.4,87,0.0,17.1,146,1011.9,100,14.7,20.0,159.0,7.7,100.0,5.0
2026-03-18 17:00:00,2026,3,18,17,Hải Phòng,Xã Kiến Hải,20.7150982,106.7277399,61,Moderate,1,23.1,86,0.0,14.5,148,1012.2,100,15.0,20.1,168.0,9.2,97.0,5.8
2026-03-18 18:00:00,2026,3,18,18,Hải Phòng,Xã Kiến Hải,20.7150982,106.7277399,61,Moderate,1,22.5,88,0.0,14.0,136,1012.6,97,16.0,20.5,180.0,11.2,92.0,6.9
2026-03-18 19:00:00,2026,3,18,19,Hải Phòng,Xã Kiến Hải,20.7150982,106.7277399,62,Moderate,1,23.0,90,0.0,14.2,116,1012.7,98,21.5,26.3,189.0,12.8,87.0,7.7
2026-03-18 20:00:00,2026,3,18,20,Hải Phòng,Xã Kiến Hải,20.7150982,106.7277399,63,Moderate,1,22.8,89,0.0,17.2,124,1013.0,43,23.2,27.8,191.0,13.3,84.0,7.9
2026-03-18 21:00:00,2026,3,18,21,Hải Phòng,Xã Kiến Hải,20.7150982,106.7277399,63,Moderate,1,22.5,90,0.0,16.3,127,1013.6,16,24.7,29.2,191.0,14.0,79.0,8.3
2026-03-18 22:00:00,2026,3,18,22,Hải Phòng,Xã Kiến Hải,20.7150982,106.7277399,64,Moderate,1,22.2,91,0.0,14.1,128,1014.0,41,27.1,31.8,188.0,14.9,74.0,8.4
2026-03-18 23:00:00,2026,3,18,23,Hải Phòng,Xã Kiến Hải,20.7150982,106.7277399,65,Moderate,1,22.0,91,0.0,11.1,129,1014.0,11,31.4,36.6,184.0,16.0,67.0,8.2
2026-03-19 00:00:00,2026,3,19,0,Hải Phòng,Xã Kiến Hải,20.7150982,106.7277399,66,Moderate,1,21.7,92,0.0,9.1,129,1013.5,99,35.6,41.6,178.0,17.3,60.0,7.8
2026-03-19 01:00:00,2026,3,19,1,Hải Phòng,Xã Kiến Hải,20.7150982,106.7277399,68,Moderate,1,21.9,94,0.0,9.7,133,1012.7,63,41.7,48.2,173.0,18.2,54.0,7.4
2026-03-19 02:00:00,2026,3,19,2,Hải Phòng,Xã Kiến Hải,20.7150982,106.7277399,70,Moderate,1,21.8,93,0.0,9.8,131,1011.9,94,48.9,53.7,169.0,18.5,49.0,7.1
2026-03-19 03:00:00,2026,3,19,3,Hải Phòng,Xã Kiến Hải,20.7150982,106.7277399,73,Moderate,1,21.5,94,0.0,8.0,124,1011.8,8,53.1,56.7,167.0,18.4,46.0,6.9
2026-03-19 04:00:00,2026,3,19,4,Hải Phòng,Xã Kiến Hải,20.7150982,106.7277399,76,Moderate,1,21.5,94,0.0,10.1,117,1011.6,14,49.0,52.3,170.0,18.2,45.0,6.9
2026-03-19 05:00:00,2026,3,19,5,Hải Phòng,Xã Kiến Hải,20.7150982,106.7277399,78,Moderate,1,21.5,94,0.0,10.7,127,1012.0,16,44.0,47.0,184.0,18.3,47.0,7.5
2026-03-19 06:00:00,2026,3,19,6,Hải Phòng,Xã Kiến Hải,20.7150982,106.7277399,80,Moderate,1,21.5,93,0.0,11.1,134,1012.7,27,39.8,42.6,203.0,18.2,52.0,8.3
2026-03-19 07:00:00,2026,3,19,7,Hải Phòng,Xã Kiến Hải,20.7150982,106.7277399,82,Moderate,1,22.4,91,0.0,12.1,125,1013.9,24,40.6,43.4,213.0,17.7,50.0,8.3
2026-03-19 08:00:00,2026,3,19,8,Hải Phòng,Xã Kiến Hải,20.7150982,106.7277399,83,Moderate,1,23.4,88,0.1,14.1,127,1014.5,40,26.9,32.4,205.0,15.5,61.0,8.0
2026-03-19 09:00:00,2026,3,19,9,Hải Phòng,Xã Kiến Hải,20.7150982,106.7277399,83,Moderate,1,23.9,87,0.1,16.5,126,1015.2,33,23.3,29.6,189.0,12.5,77.0,7.6
2026-03-19 10:00:00,2026,3,19,10,Hải Phòng,Xã Kiến Hải,20.7150982,106.7277399,84,Moderate,1,24.2,85,0.3,18.0,127,1015.1,41,20.5,26.5,175.0,10.0,90.0,7.1
2026-03-19 11:00:00,2026,3,19,11,Hải Phòng,Xã Kiến Hải,20.7150982,106.7277399,84,Moderate,1,24.4,83,0.2,17.3,132,1014.7,40,20.5,26.3,168.0,8.4,97.0,6.5
2026-03-19 12:00:00,2026,3,19,12,Hải Phòng,Xã Kiến Hải,20.7150982,106.7277399,85,Moderate,1,24.6,81,0.1,18.0,137,1013.6,53,19.8,25.3,165.0,7.3,100.0,5.9
2026-03-19 13:00:00,2026,3,19,13,Hải Phòng,Xã Kiến Hải,20.7150982,106.7277399,85,Moderate,1,24.0,81,0.1,19.1,146,1012.3,66,18.9,24.2,162.0,6.7,102.0,5.4
2026-03-19 14:00:00,2026,3,19,14,Hải Phòng,Xã Kiến Hải,20.7150982,106.7277399,85,Moderate,1,24.1,82,0.0,17.6,148,1011.5,27,18.3,23.4,159.0,6.6,102.0,5.1
2026-03-19 15:00:00,2026,3,19,15,Hải Phòng,Xã Kiến Hải,20.7150982,106.7277399,86,Moderate,1,24.0,82,0.0,17.7,150,1010.8,31,17.0,21.8,158.0,6.9,100.0,4.9
2026-03-19 16:00:00,2026,3,19,16,Hải Phòng,Xã Kiến Hải,20.7150982,106.7277399,86,Moderate,1,23.9,82,0.1,17.0,150,1010.0,38,15.8,20.3,158.0,7.6,97.0,5.0
2026-03-19 17:00:00,2026,3,19,17,Hải Phòng,Xã Kiến Hải,20.7150982,106.7277399,86,Moderate,1,23.1,89,0.1,14.5,150,1009.9,17,15.2,19.3,161.0,8.9,93.0,5.5
2026-03-19 18:00:00,2026,3,19,18,Hải Phòng,Xã Kiến Hải,20.7150982,106.7277399,86,Moderate,1,22.5,92,0.0,14.1,149,1009.6,5,16.0,19.8,166.0,10.6,89.0,6.4
2026-03-19 19:00:00,2026,3,19,19,Hải Phòng,Xã Kiến Hải,20.7150982,106.7277399,86,Moderate,1,22.4,95,0.0,12.9,141,1010.0,12,17.0,21.1,169.0,11.4,84.0,6.5
2026-03-19 20:00:00,2026,3,19,20,Hải Phòng,Xã Kiến Hải,20.7150982,106.7277399,85,Moderate,1,22.4,94,0.0,13.6,145,1010.7,13,16.9,21.0,169.0,11.3,81.0,6.4
2026-03-19 21:00:00,2026,3,19,21,Hải Phòng,Xã Kiến Hải,20.7150982,106.7277399,85,Moderate,1,22.2,94,0.0,12.0,144,1011.4,2,17.0,21.1,168.0,11.3,78.0,6.3
2026-03-19 22:00:00,2026,3,19,22,Hải Phòng,Xã Kiến Hải,20.7150982,106.7277399,84,Moderate,1,22.2,94,0.0,13.4,140,1011.7,0,16.7,20.7,166.0,11.2,74.0,6.1
2026-03-19 23:00:00,2026,3,19,23,Hải Phòng,Xã Kiến Hải,20.7150982,106.7277399,83,Moderate,1,22.1,95,0.0,13.6,140,1011.6,7,16.2,20.0,162.0,11.2,70.0,5.8
2026-03-20 00:00:00,2026,3,20,0,Hải Phòng,Xã Kiến Hải,20.7150982,106.7277399,82,Moderate,1,22.0,96,0.0,12.3,148,1011.5,16,16.0,19.8,157.0,11.3,65.0,5.4
2026-03-20 01:00:00,2026,3,20,1,Hải Phòng,Xã Kiến Hải,20.7150982,106.7277399,80,Moderate,1,22.1,96,0.0,11.4,152,1011.0,37,16.5,20.4,153.0,11.3,62.0,5.1
2026-03-20 02:00:00,2026,3,20,2,Hải Phòng,Xã Kiến Hải,20.7150982,106.7277399,78,Moderate,1,22.1,97,0.0,12.2,149,1010.6,26,16.9,20.8,148.0,11.3,60.0,5.0
2026-03-20 03:00:00,2026,3,20,3,Hải Phòng,Xã Kiến Hải,20.7150982,106.7277399,75,Moderate,1,22.1,97,0.0,12.9,145,1010.2,100,17.0,21.0,145.0,11.4,59.0,5.0
2026-03-20 04:00:00,2026,3,20,4,Hải Phòng,Xã Kiến Hải,20.7150982,106.7277399,72,Moderate,1,22.4,96,0.0,14.1,146,1010.4,100,17.0,21.0,147.0,11.4,58.0,5.1
2026-03-20 05:00:00,2026,3,20,5,Hải Phòng,Xã Kiến Hải,20.7150982,106.7277399,69,Moderate,1,22.5,96,0.1,13.8,143,1010.7,100,16.9,20.9,162.0,11.6,57.0,5.4
2026-03-20 06:00:00,2026,3,20,6,Hải Phòng,Xã Kiến Hải,20.7150982,106.7277399,67,Moderate,1,22.3,96,0.0,13.1,134,1011.4,100,16.9,21.0,184.0,11.8,56.0,5.8
2026-03-20 07:00:00,2026,3,20,7,Hải Phòng,Xã Kiến Hải,20.7150982,106.7277399,65,Moderate,1,22.8,95,0.1,12.3,111,1012.8,100,21.4,27.3,196.0,12.5,62.0,6.1
2026-03-20 08:00:00,2026,3,20,8,Hải Phòng,Xã Kiến Hải,20.7150982,106.7277399,63,Moderate,1,23.2,92,0.3,15.4,119,1013.7,91,19.4,25.8,189.0,11.1,68.0,5.6
2026-03-20 09:00:00,2026,3,20,9,Hải Phòng,Xã Kiến Hải,20.7150982,106.7277399,62,Moderate,1,23.8,91,0.3,17.5,127,1014.3,94,18.7,25.5,172.0,9.1,75.0,4.8
2026-03-20 10:00:00,2026,3,20,10,Hải Phòng,Xã Kiến Hải,20.7150982,106.7277399,62,Moderate,1,24.4,86,0.3,18.8,135,1014.4,27,21.0,29.2,160.0,7.5,82.0,4.3
2026-03-20 11:00:00,2026,3,20,11,Hải Phòng,Xã Kiến Hải,20.7150982,106.7277399,62,Moderate,1,24.9,82,0.6,20.2,137,1014.1,42,18.4,25.8,160.0,6.6,87.0,4.1
2026-03-20 12:00:00,2026,3,20,12,Hải Phòng,Xã Kiến Hải,20.7150982,106.7277399,62,Moderate,1,24.8,82,0.6,20.4,135,1013.1,41,16.9,23.8,166.0,6.0,90.0,4.1
2026-03-20 13:00:00,2026,3,20,13,Hải Phòng,Xã Kiến Hải,20.7150982,106.7277399,62,Moderate,1,24.0,84,0.7,19.4,126,1012.9,50,16.9,23.9,170.0,5.8,93.0,4.2
2026-03-20 14:00:00,2026,3,20,14,Hải Phòng,Xã Kiến Hải,20.7150982,106.7277399,61,Moderate,1,24.0,84,0.1,18.6,120,1011.9,48,16.8,23.6,169.0,5.9,95.0,4.5
2026-03-20 15:00:00,2026,3,20,15,Hải Phòng,Xã Kiến Hải,20.7150982,106.7277399,61,Moderate,1,24.0,84,0.0,17.6,112,1011.2,43,17.5,24.3,166.0,6.5,96.0,5.1
2026-03-20 16:00:00,2026,3,20,16,Hải Phòng,Xã Kiến Hải,20.7150982,106.7277399,61,Moderate,1,23.7,84,0.0,16.5,110,1011.0,55,18.3,25.0,166.0,7.5,95.0,5.7
2026-03-20 17:00:00,2026,3,20,17,Hải Phòng,Xã Kiến Hải,20.7150982,106.7277399,61,Moderate,1,23.0,87,0.0,15.0,107,1011.1,71,19.2,25.6,174.0,9.4,92.0,6.5
2026-03-20 18:00:00,2026,3,20,18,Hải Phòng,Xã Kiến Hải,20.7150982,106.7277399,62,Moderate,1,22.8,88,0.0,14.4,105,1011.5,56,19.6,24.3,185.0,11.9,87.0,7.4
2026-03-20 19:00:00,2026,3,20,19,Hải Phòng,Xã Kiến Hải,20.7150982,106.7277399,62,Moderate,1,22.8,91,0.0,15.9,96,1012.0,17,19.4,22.5,193.0,11.8,101.0,8.0
2026-03-20 20:00:00,2026,3,20,20,Hải Phòng,Xã Kiến Hải,20.7150982,106.7277399,62,Moderate,1,22.7,90,0.0,15.9,93,1012.9,34,23.1,25.7,193.0,12.5,98.0,8.2
2026-03-20 21:00:00,2026,3,20,21,Hải Phòng,Xã Kiến Hải,20.7150982,106.7277399,63,Moderate,1,22.6,91,0.0,13.9,87,1013.9,18,24.7,27.1,190.0,13.5,94.0,8.4
2026-03-20 22:00:00,2026,3,20,22,Hải Phòng,Xã Kiến Hải,20.7150982,106.7277399,64,Moderate,1,22.5,91,0.0,12.4,92,1014.6,13,25.3,27.4,187.0,14.3,90.0,8.5
2026-03-20 23:00:00,2026,3,20,23,Hải Phòng,Xã Kiến Hải,20.7150982,106.7277399,64,Moderate,1,22.4,91,0.0,12.1,87,1014.7,13,26.3,28.1,187.0,14.6,87.0,8.3
2026-03-21 00:00:00,2026,3,21,0,Hải Phòng,Xã Kiến Hải,20.7150982,106.7277399,65,Moderate,1,22.2,92,0.0,11.5,82,1014.5,16,26.7,28.1,189.0,14.6,84.0,7.9
2026-03-21 01:00:00,2026,3,21,1,Hải Phòng,Xã Kiến Hải,20.7150982,106.7277399,66,Moderate,1,22.5,92,0.0,11.5,81,1013.8,51,26.2,27.4,190.0,14.7,80.0,7.6
2026-03-21 02:00:00,2026,3,21,2,Hải Phòng,Xã Kiến Hải,20.7150982,106.7277399,67,Moderate,1,22.5,90,0.0,11.3,81,1013.1,29,25.7,26.8,186.0,15.1,75.0,7.7
2026-03-21 03:00:00,2026,3,21,3,Hải Phòng,Xã Kiến Hải,20.7150982,106.7277399,68,Moderate,1,22.4,90,0.0,11.8,84,1012.7,55,26.5,27.6,182.0,15.6,69.0,7.8
2026-03-21 04:00:00,2026,3,21,4,Hải Phòng,Xã Kiến Hải,20.7150982,106.7277399,69,Moderate,1,22.2,91,0.0,14.3,83,1012.8,27,28.3,29.5,189.0,15.7,65.0,8.0
2026-03-21 05:00:00,2026,3,21,5,Hải Phòng,Xã Kiến Hải,20.7150982,106.7277399,70,Moderate,1,22.1,91,0.0,17.6,83,1013.3,31,26.8,28.0,217.0,15.4,64.0,8.0
2026-03-21 06:00:00,2026,3,21,6,Hải Phòng,Xã Kiến Hải,20.7150982,106.7277399,71,Moderate,1,21.9,90,0.0,18.8,81,1013.9,80,23.5,24.6,256.0,14.9,65.0,7.9
2026-03-21 07:00:00,2026,3,21,7,Hải Phòng,Xã Kiến Hải,20.7150982,106.7277399,71,Moderate,1,22.4,87,0.0,18.4,82,1015.2,100,25.3,26.8,285.0,13.4,67.0,8.0
2026-03-21 08:00:00,2026,3,21,8,Hải Phòng,Xã Kiến Hải,20.7150982,106.7277399,71,Moderate,1,22.9,85,0.0,18.2,87,1015.7,32,24.4,26.3,297.0,11.8,72.0,8.4
2026-03-21 09:00:00,2026,3,21,9,Hải Phòng,Xã Kiến Hải,20.7150982,106.7277399,72,Moderate,1,23.6,81,0.0,19.5,87,1016.1,29,23.7,26.0,299.0,9.6,79.0,9.0
2026-03-21 10:00:00,2026,3,21,10,Hải Phòng,Xã Kiến Hải,20.7150982,106.7277399,72,Moderate,1,24.1,79,0.0,19.1,90,1016.4,46,22.5,24.9,294.0,7.7,87.0,9.2
2026-03-21 11:00:00,2026,3,21,11,Hải Phòng,Xã Kiến Hải,20.7150982,106.7277399,73,Moderate,1,24.9,76,0.0,19.6,92,1016.4,16,21.1,23.6,277.0,6.3,98.0,8.6
2026-03-21 12:00:00,2026,3,21,12,Hải Phòng,Xã Kiến Hải,20.7150982,106.7277399,73,Moderate,1,25.1,75,0.0,20.0,98,1015.5,18,20.4,23.0,253.0,5.3,110.0,7.5
2026-03-21 13:00:00,2026,3,21,13,Hải Phòng,Xã Kiến Hải,20.7150982,106.7277399,73,Moderate,1,25.1,76,0.0,21.0,100,1014.8,27,21.7,24.4,234.0,4.8,119.0,6.8
2026-03-21 14:00:00,2026,3,21,14,Hải Phòng,Xã Kiến Hải,20.7150982,106.7277399,73,Moderate,1,24.9,76,0.0,20.8,108,1013.9,48,21.5,24.2,223.0,5.1,124.0,6.7
2026-03-21 15:00:00,2026,3,21,15,Hải Phòng,Xã Kiến Hải,20.7150982,106.7277399,74,Moderate,1,24.5,78,0.0,19.1,110,1012.9,26,21.6,24.2,218.0,5.9,125.0,6.9
2026-03-21 16:00:00,2026,3,21,16,Hải Phòng,Xã Kiến Hải,20.7150982,106.7277399,74,Moderate,1,23.9,82,0.0,17.8,110,1012.4,26,21.6,24.2,218.0,7.3,124.0,7.2
2026-03-21 17:00:00,2026,3,21,17,Hải Phòng,Xã Kiến Hải,20.7150982,106.7277399,75,Moderate,1,23.1,85,0.0,15.4,107,1012.3,20,22.4,24.7,229.0,9.5,119.0,7.8
2026-03-21 18:00:00,2026,3,21,18,Hải Phòng,Xã Kiến Hải,20.7150982,106.7277399,75,Moderate,1,22.5,88,0.0,14.7,104,1012.2,15,24.4,26.2,246.0,12.2,111.0,8.6
2026-03-21 19:00:00,2026,3,21,19,Hải Phòng,Xã Kiến Hải,20.7150982,106.7277399,75,Moderate,1,22.3,91,0.0,14.5,105,1012.7,51,34.1,36.4,256.0,14.3,102.0,8.7
2026-03-21 20:00:00,2026,3,21,20,Hải Phòng,Xã Kiến Hải,20.7150982,106.7277399,77,Moderate,1,22.2,93,0.0,12.8,106,1013.1,50,34.9,37.0,251.0,14.1,98.0,8.4
2026-03-21 21:00:00,2026,3,21,21,Hải Phòng,Xã Kiến Hải,20.7150982,106.7277399,78,Moderate,1,22.1,94,0.0,11.7,101,1013.6,74,35.7,37.8,238.0,13.9,93.0,8.0
2026-03-21 22:00:00,2026,3,21,22,Hải Phòng,Xã Kiến Hải,20.7150982,106.7277399,79,Moderate,1,22.0,94,0.0,10.7,103,1014.1,79,36.9,39.3,225.0,13.9,87.0,7.6
2026-03-21 23:00:00,2026,3,21,23,Hải Phòng,Xã Kiến Hải,20.7150982,106.7277399,80,Moderate,1,21.9,95,0.0,8.5,96,1013.7,72,39.6,42.4,215.0,14.3,80.0,7.3
2026-03-22 00:00:00,2026,3,22,0,Hải Phòng,Xã Kiến Hải,20.7150982,106.7277399,81,Moderate,1,21.9,95,0.0,7.2,102,1013.4,45,41.8,44.8,206.0,14.9,72.0,6.9
2026-03-22 01:00:00,2026,3,22,1,Hải Phòng,Xã Kiến Hải,20.7150982,106.7277399,82,Moderate,1,21.8,96,0.0,7.9,70,1012.8,41,44.2,47.3,198.0,15.4,66.0,6.7
2026-03-22 02:00:00,2026,3,22,2,Hải Phòng,Xã Kiến Hải,20.7150982,106.7277399,84,Moderate,1,21.8,96,0.0,8.6,78,1012.2,31,44.1,47.1,188.0,15.5,61.0,6.5
2026-03-22 03:00:00,2026,3,22,3,Hải Phòng,Xã Kiến Hải,20.7150982,106.7277399,85,Moderate,1,21.8,96,0.0,10.6,89,1011.4,13,44.0,46.9,180.0,15.4,58.0,6.4
2026-03-22 04:00:00,2026,3,22,4,Hải Phòng,Xã Kiến Hải,20.7150982,106.7277399,87,Moderate,1,21.8,96,0.0,9.9,91,1011.5,52,44.2,47.0,177.0,15.3,56.0,6.5
2026-03-22 05:00:00,2026,3,22,5,Hải Phòng,Xã Kiến Hải,20.7150982,106.7277399,88,Moderate,1,21.9,95,0.0,11.2,96,1011.7,100,42.0,44.7,188.0,15.7,56.0,6.9
2026-03-22 06:00:00,2026,3,22,6,Hải Phòng,Xã Kiến Hải,20.7150982,106.7277399,90,Moderate,1,22.2,94,0.0,12.6,103,1012.4,100,39.1,41.7,205.0,16.1,57.0,7.5
2026-03-22 07:00:00,2026,3,22,7,Hải Phòng,Xã Kiến Hải,20.7150982,106.7277399,91,Moderate,1,22.9,92,0.1,13.2,112,1013.7,100,33.9,37.3,213.0,13.0,67.0,6.7
2026-03-22 08:00:00,2026,3,22,8,Hải Phòng,Xã Kiến Hải,20.7150982,106.7277399,92,Moderate,1,23.3,91,0.2,15.4,124,1014.3,89,27.0,30.6,201.0,11.3,72.0,6.1
2026-03-22 09:00:00,2026,3,22,9,Hải Phòng,Xã Kiến Hải,20.7150982,106.7277399,92,Moderate,1,23.9,91,0.7,16.2,136,1015.0,83,21.5,26.1,180.0,9.0,78.0,5.4
2026-03-22 10:00:00,2026,3,22,10,Hải Phòng,Xã Kiến Hải,20.7150982,106.7277399,92,Moderate,1,24.6,86,0.7,17.1,150,1015.1,38,17.8,23.2,163.0,7.0,84.0,4.7
2026-03-22 11:00:00,2026,3,22,11,Hải Phòng,Xã Kiến Hải,20.7150982,106.7277399,91,Moderate,1,25.1,82,0.1,17.9,155,1014.5,11,15.0,19.8,156.0,5.6,88.0,4.2
2026-03-22 12:00:00,2026,3,22,12,Hải Phòng,Xã Kiến Hải,20.7150982,106.7277399,91,Moderate,1,25.6,80,0.0,18.1,153,1013.9,7,13.8,18.7,155.0,4.6,90.0,3.9
2026-03-22 13:00:00,2026,3,22,13,Hải Phòng,Xã Kiến Hải,20.7150982,106.7277399,90,Moderate,1,25.3,78,0.0,19.0,160,1013.5,41,12.2,16.8,154.0,4.1,91.0,3.7
2026-03-22 14:00:00,2026,3,22,14,Hải Phòng,Xã Kiến Hải,20.7150982,106.7277399,89,Moderate,1,24.9,80,0.1,18.5,156,1012.8,31,11.1,15.4,154.0,4.2,90.0,3.7
2026-03-22 15:00:00,2026,3,22,15,Hải Phòng,Xã Kiến Hải,20.7150982,106.7277399,89,Moderate,1,24.8,81,0.0,17.6,151,1012.1,38,10.7,14.8,155.0,4.8,87.0,4.0
2026-03-22 16:00:00,2026,3,22,16,Hải Phòng,Xã Kiến Hải,20.7150982,106.7277399,88,Moderate,1,24.2,82,0.0,17.8,148,1011.7,58,11.0,14.9,158.0,5.9,84.0,4.5
2026-03-22 17:00:00,2026,3,22,17,Hải Phòng,Xã Kiến Hải,20.7150982,106.7277399,87,Moderate,1,23.6,87,0.0,15.3,144,1011.7,39,11.9,15.6,164.0,7.8,81.0,5.5
2026-03-22 18:00:00,2026,3,22,18,Hải Phòng,Xã Kiến Hải,20.7150982,106.7277399,86,Moderate,1,23.0,90,0.0,13.5,134,1011.4,25,13.3,16.1,172.0,10.2,78.0,6.8
2026-03-22 19:00:00,2026,3,22,19,Hải Phòng,Xã Kiến Hải,20.7150982,106.7277399,85,Moderate,1,22.8,97,0.0,12.4,109,1012.4,59,21.4,23.7,177.0,13.2,81.0,8.3
2026-03-22 20:00:00,2026,3,22,20,Hải Phòng,Xã Kiến Hải,20.7150982,106.7277399,84,Moderate,1,22.7,96,0.0,10.5,96,1013.2,52,22.5,24.9,176.0,13.2,79.0,8.0
2026-03-22 21:00:00,2026,3,22,21,Hải Phòng,Xã Kiến Hải,20.7150982,106.7277399,83,Moderate,1,22.6,96,0.0,9.2,94,1013.6,99,25.6,28.1,173.0,13.3,75.0,7.7
2026-03-22 22:00:00,2026,3,22,22,Hải Phòng,Xã Kiến Hải,20.7150982,106.7277399,82,Moderate,1,22.6,96,0.0,11.0,118,1013.6,98,29.1,31.7,168.0,13.5,71.0,7.3
2026-03-22 23:00:00,2026,3,22,23,Hải Phòng,Xã Kiến Hải,20.7150982,106.7277399,81,Moderate,1,22.5,96,0.0,14.7,118,1013.1,3,31.8,34.3,162.0,14.0,66.0,6.9
2026-03-23 00:00:00,2026,3,23,0,Hải Phòng,Xã Kiến Hải,20.7150982,106.7277399,80,Moderate,1,22.3,96,0.0,10.2,118,1013.1,18,32.2,34.9,155.0,14.6,61.0,6.5
2026-03-23 01:00:00,2026,3,23,1,Hải Phòng,Xã Kiến Hải,20.7150982,106.7277399,79,Moderate,1,22.6,97,0.0,10.6,136,1012.6,50,33.6,36.3,150.0,15.0,56.0,6.1
2026-03-23 02:00:00,2026,3,23,2,Hải Phòng,Xã Kiến Hải,20.7150982,106.7277399,78,Moderate,1,22.2,98,0.0,6.9,121,1011.9,26,34.8,37.5,146.0,15.0,51.0,5.8
2026-03-23 03:00:00,2026,3,23,3,Hải Phòng,Xã Kiến Hải,20.7150982,106.7277399,78,Moderate,1,22.2,98,0.0,9.1,115,1011.3,31,37.6,40.3,144.0,14.9,47.0,5.5
2026-03-23 04:00:00,2026,3,23,4,Hải Phòng,Xã Kiến Hải,20.7150982,106.7277399,77,Moderate,1,22.3,98,0.1,11.7,115,1011.2,20,39.7,42.4,147.0,14.6,45.0,5.5
2026-03-23 05:00:00,2026,3,23,5,Hải Phòng,Xã Kiến Hải,20.7150982,106.7277399,77,Moderate,1,22.2,97,0.0,11.4,121,1011.3,29,38.6,41.2,159.0,14.4,46.0,6.0
2026-03-23 06:00:00,2026,3,23,6,Hải Phòng,Xã Kiến Hải,20.7150982,106.7277399,76,Moderate,1,22.1,97,0.0,11.5,132,1012.0,32,35.6,38.3,176.0,14.1,50.0,6.7
2026-03-23 07:00:00,2026,3,23,7,Hải Phòng,Xã Kiến Hải,20.7150982,106.7277399,76,Moderate,1,23.0,95,0.0,13.7,146,1013.1,100,27.5,29.4,185.0,13.5,57.0,6.9
2026-03-23 08:00:00,2026,3,23,8,Hải Phòng,Xã Kiến Hải,20.7150982,106.7277399,75,Moderate,1,23.6,92,0.2,18.6,157,1013.5,67,17.2,19.7,177.0,11.6,62.0,6.2
2026-03-23 09:00:00,2026,3,23,9,Hải Phòng,Xã Kiến Hải,20.7150982,106.7277399,75,Moderate,1,24.5,85,0.2,19.6,161,1013.7,18,13.7,17.9,161.0,8.9,70.0,5.1
2026-03-23 10:00:00,2026,3,23,10,Hải Phòng,Xã Kiến Hải,20.7150982,106.7277399,74,Moderate,1,25.1,80,0.1,19.2,165,1013.9,25,12.1,16.6,148.0,6.8,76.0,4.3
2026-03-23 11:00:00,2026,3,23,11,Hải Phòng,Xã Kiến Hải,20.7150982,106.7277399,73,Moderate,1,25.5,78,0.0,20.1,163,1013.3,13,11.6,16.2,145.0,5.8,80.0,3.9
2026-03-23 12:00:00,2026,3,23,12,Hải Phòng,Xã Kiến Hải,20.7150982,106.7277399,73,Moderate,1,25.5,78,0.0,20.0,162,1012.3,10,11.5,16.4,145.0,5.3,82.0,3.7
2026-03-23 13:00:00,2026,3,23,13,Hải Phòng,Xã Kiến Hải,20.7150982,106.7277399,73,Moderate,1,25.5,78,0.0,19.1,162,1011.9,56,11.5,16.6,146.0,5.2,84.0,3.7
2026-03-23 14:00:00,2026,3,23,14,Hải Phòng,Xã Kiến Hải,20.7150982,106.7277399,73,Moderate,1,25.1,79,0.0,17.5,155,1011.0,56,12.0,17.2,145.0,5.2,85.0,3.7
2026-03-23 15:00:00,2026,3,23,15,Hải Phòng,Xã Kiến Hải,20.7150982,106.7277399,73,Moderate,1,25.0,80,0.0,16.4,155,1010.4,39,12.3,17.8,144.0,5.6,84.0,3.9
2026-03-23 16:00:00,2026,3,23,16,Hải Phòng,Xã Kiến Hải,20.7150982,106.7277399,73,Moderate,1,24.5,83,0.0,15.5,141,1009.8,23,12.6,18.2,145.0,6.3,83.0,4.2
2026-03-23 17:00:00,2026,3,23,17,Hải Phòng,Xã Kiến Hải,20.7150982,106.7277399,73,Moderate,1,24.0,86,0.0,14.8,134,1009.4,27,12.4,17.6,150.0,7.6,81.0,4.7
2026-03-23 18:00:00,2026,3,23,18,Hải Phòng,Xã Kiến Hải,20.7150982,106.7277399,73,Moderate,1,23.2,90,0.0,13.1,138,1009.5,29,13.0,17.5,156.0,9.2,78.0,5.4
2026-03-23 19:00:00,2026,3,23,19,Hải Phòng,Xã Kiến Hải,20.7150982,106.7277399,73,Moderate,1,23.2,92,0.0,14.5,131,1010.2,100,15.1,18.3,160.0,11.7,76.0,6.8
2026-03-23 20:00:00,2026,3,23,20,Hải Phòng,Xã Kiến Hải,20.7150982,106.7277399,73,Moderate,1,23.4,90,0.0,13.4,123,1011.1,100,17.3,21.2,160.0,12.6,71.0,7.1
2026-03-23 21:00:00,2026,3,23,21,Hải Phòng,Xã Kiến Hải,20.7150982,106.7277399,72,Moderate,1,23.1,92,0.0,12.4,120,1011.5,28,20.0,23.7,158.0,13.9,65.0,7.5
2026-03-23 22:00:00,2026,3,23,22,Hải Phòng,Xã Kiến Hải,20.7150982,106.7277399,72,Moderate,1,22.8,94,0.0,10.8,118,1011.6,40,22.4,26.1,156.0,14.9,59.0,7.6
2026-03-23 23:00:00,2026,3,23,23,Hải Phòng,Xã Kiến Hải,20.7150982,106.7277399,71,Moderate,1,22.8,94,0.0,12.6,119,1011.2,28,22.9,26.5,154.0,15.2,56.0,7.3
2026-03-24 00:00:00,2026,3,24,0,Hải Phòng,Xã Kiến Hải,20.7150982,106.7277399,70,Moderate,1,22.5,96,0.0,10.9,117,1011.1,30,22.5,26.2,152.0,15.3,53.0,6.7
2026-03-24 01:00:00,2026,3,24,1,Hải Phòng,Xã Kiến Hải,20.7150982,106.7277399,69,Moderate,1,22.8,97,0.0,9.7,102,1010.7,100,23.7,27.9,150.0,15.3,51.0,6.2
2026-03-24 02:00:00,2026,3,24,2,Hải Phòng,Xã Kiến Hải,20.7150982,106.7277399,69,Moderate,1,22.9,96,0.1,9.4,101,1010.1,100,26.0,30.7,147.0,15.4,48.0,5.9
2026-03-24 03:00:00,2026,3,24,3,Hải Phòng,Xã Kiến Hải,20.7150982,106.7277399,68,Moderate,1,23.0,96,0.1,10.0,104,1009.8,100,29.3,34.2,145.0,15.5,45.0,5.8
2026-03-24 04:00:00,2026,3,24,4,Hải Phòng,Xã Kiến Hải,20.7150982,106.7277399,67,Moderate,1,23.0,96,0.1,10.6,109,1009.9,100,32.0,36.1,148.0,15.5,43.0,5.8
2026-03-24 05:00:00,2026,3,24,5,Hải Phòng,Xã Kiến Hải,20.7150982,106.7277399,66,Moderate,1,23.0,96,0.0,11.4,117,1010.2,100,31.7,35.3,161.0,15.5,42.0,6.3
2026-03-24 06:00:00,2026,3,24,6,Hải Phòng,Xã Kiến Hải,20.7150982,106.7277399,66,Moderate,1,22.9,96,0.0,10.5,123,1010.9,100,31.8,35.0,178.0,15.3,43.0,6.9
2026-03-24 07:00:00,2026,3,24,7,Hải Phòng,Xã Kiến Hải,20.7150982,106.7277399,65,Moderate,1,23.4,96,0.0,11.6,109,1011.7,100,34.6,38.0,188.0,15.9,40.0,7.1
2026-03-24 08:00:00,2026,3,24,8,Hải Phòng,Xã Kiến Hải,20.7150982,106.7277399,66,Moderate,1,24.0,91,0.2,14.6,125,1012.2,100,23.7,28.6,183.0,13.8,50.0,6.6
2026-03-24 09:00:00,2026,3,24,9,Hải Phòng,Xã Kiến Hải,20.7150982,106.7277399,67,Moderate,1,24.5,90,0.2,17.6,135,1012.6,86,19.3,25.8,170.0,10.9,63.0,5.9
2026-03-24 10:00:00,2026,3,24,10,Hải Phòng,Xã Kiến Hải,20.7150982,106.7277399,67,Moderate,1,25.0,86,0.2,17.8,140,1012.7,74,16.5,22.9,160.0,8.6,74.0,5.4
2026-03-24 11:00:00,2026,3,24,11,Hải Phòng,Xã Kiến Hải,20.7150982,106.7277399,68,Moderate,1,25.5,82,0.3,16.8,147,1012.2,52,16.4,22.8,157.0,7.6,80.0,5.1
2026-03-24 12:00:00,2026,3,24,12,Hải Phòng,Xã Kiến Hải,20.7150982,106.7277399,68,Moderate,1,25.5,82,0.3,16.4,144,1011.1,44,16.1,22.1,158.0,7.3,83.0,5.0
2026-03-24 13:00:00,2026,3,24,13,Hải Phòng,Xã Kiến Hải,20.7150982,106.7277399,68,Moderate,1,25.6,81,0.2,13.3,150,1010.5,67,15.7,21.3,158.0,7.2,85.0,4.9
2026-03-24 14:00:00,2026,3,24,14,Hải Phòng,Xã Kiến Hải,20.7150982,106.7277399,69,Moderate,1,25.5,82,0.0,15.1,145,1009.8,62,15.3,20.5,157.0,7.2,86.0,4.8
2026-03-24 15:00:00,2026,3,24,15,Hải Phòng,Xã Kiến Hải,20.7150982,106.7277399,69,Moderate,1,24.8,87,0.0,15.7,139,1009.1,34,15.0,20.1,155.0,7.5,85.0,4.8
2026-03-24 16:00:00,2026,3,24,16,Hải Phòng,Xã Kiến Hải,20.7150982,106.7277399,69,Moderate,1,24.8,85,0.0,16.1,143,1008.8,52,14.5,19.5,157.0,8.3,83.0,5.0
2026-03-24 17:00:00,2026,3,24,17,Hải Phòng,Xã Kiến Hải,20.7150982,106.7277399,69,Moderate,1,24.1,91,0.0,13.2,134,1008.5,27,14.1,18.9,165.0,9.9,79.0,5.6
2026-03-24 18:00:00,2026,3,24,18,Hải Phòng,Xã Kiến Hải,20.7150982,106.7277399,70,Moderate,1,23.5,93,0.0,10.5,128,1008.6,39,14.4,18.8,175.0,12.0,74.0,6.5
2026-03-24 19:00:00,2026,3,24,19,Hải Phòng,Xã Kiến Hải,20.7150982,106.7277399,70,Moderate,1,23.5,96,0.0,11.8,126,1009.3,91,18.1,20.8,182.0,13.9,72.0,7.5
2026-03-24 20:00:00,2026,3,24,20,Hải Phòng,Xã Kiến Hải,20.7150982,106.7277399,70,Moderate,1,23.5,95,0.1,13.0,134,1010.1,39,20.1,23.0,181.0,13.7,71.0,7.4
2026-03-24 21:00:00,2026,3,24,21,Hải Phòng,Xã Kiến Hải,20.7150982,106.7277399,70,Moderate,1,23.5,94,0.0,13.0,138,1010.8,22,22.0,24.9,176.0,13.5,70.0,7.3
2026-03-24 22:00:00,2026,3,24,22,Hải Phòng,Xã Kiến Hải,20.7150982,106.7277399,70,Moderate,1,23.1,96,0.0,11.6,133,1011.4,29,23.4,26.3,170.0,13.5,67.0,7.1
2026-03-24 23:00:00,2026,3,24,23,Hải Phòng,Xã Kiến Hải,20.7150982,106.7277399,70,Moderate,1,23.0,96,0.0,11.0,125,1011.3,56,25.4,28.2,163.0,14.1,63.0,6.9
2026-03-25 00:00:00,2026,3,25,0,Hải Phòng,Xã Kiến Hải,20.7150982,106.7277399,71,Moderate,1,23.0,96,0.0,11.1,121,1011.0,74,27.2,29.8,156.0,15.0,58.0,6.7
2026-03-25 01:00:00,2026,3,25,1,Hải Phòng,Xã Kiến Hải,20.7150982,106.7277399,71,Moderate,1,23.5,95,0.0,12.4,120,1010.9,100,29.5,32.1,151.0,15.7,53.0,6.5
2026-03-25 02:00:00,2026,3,25,2,Hải Phòng,Xã Kiến Hải,20.7150982,106.7277399,72,Moderate,1,23.2,96,0.0,12.1,108,1010.5,100,32.5,35.2,149.0,16.2,49.0,6.4
2026-03-25 03:00:00,2026,3,25,3,Hải Phòng,Xã Kiến Hải,20.7150982,106.7277399,72,Moderate,1,23.0,96,0.0,12.3,97,1010.2,30,35.0,37.6,151.0,16.6,45.0,6.2
2026-03-25 04:00:00,2026,3,25,4,Hải Phòng,Xã Kiến Hải,20.7150982,106.7277399,73,Moderate,1,22.7,96,0.0,12.1,92,1010.0,15,36.1,38.5,156.0,16.7,44.0,6.3
2026-03-25 05:00:00,2026,3,25,5,Hải Phòng,Xã Kiến Hải,20.7150982,106.7277399,73,Moderate,1,22.6,95,0.0,11.8,96,1010.2,100,36.0,38.3,170.0,16.7,45.0,6.7
2026-03-25 06:00:00,2026,3,25,6,Hải Phòng,Xã Kiến Hải,20.7150982,106.7277399,73,Moderate,1,23.0,93,0.0,11.2,101,1010.9,100,35.2,37.5,189.0,16.5,47.0,7.3
2026-03-25 07:00:00,2026,3,25,7,Hải Phòng,Xã Kiến Hải,20.7150982,106.7277399,74,Moderate,1,23.6,92,0.0,7.6,90,1012.4,100,33.9,36.8,200.0,16.9,50.0,7.9
2026-03-25 08:00:00,2026,3,25,8,Hải Phòng,Xã Kiến Hải,20.7150982,106.7277399,74,Moderate,1,24.0,91,0.2,10.6,114,1012.9,100,20.4,23.9,196.0,14.2,61.0,7.1
2026-03-25 09:00:00,2026,3,25,9,Hải Phòng,Xã Kiến Hải,20.7150982,106.7277399,73,Moderate,1,24.4,87,0.2,14.7,119,1013.3,76,17.7,22.7,184.0,10.3,75.0,6.1
2026-03-25 10:00:00,2026,3,25,10,Hải Phòng,Xã Kiến Hải,20.7150982,106.7277399,73,Moderate,1,25.2,80,0.0,16.9,121,1013.1,44,14.7,18.7,174.0,7.3,88.0,5.2
2026-03-25 11:00:00,2026,3,25,11,Hải Phòng,Xã Kiến Hải,20.7150982,106.7277399,73,Moderate,1,25.9,76,0.0,16.6,129,1013.0,34,14.1,17.9,169.0,5.7,96.0,4.8
2026-03-25 12:00:00,2026,3,25,12,Hải Phòng,Xã Kiến Hải,20.7150982,106.7277399,73,Moderate,1,26.0,74,0.0,14.3,131,1012.1,20,15.3,19.1,166.0,4.9,102.0,4.6
2026-03-25 13:00:00,2026,3,25,13,Hải Phòng,Xã Kiến Hải,20.7150982,106.7277399,73,Moderate,1,26.0,71,0.0,11.9,145,1011.9,32,15.5,19.4,165.0,4.6,105.0,4.5
2026-03-25 14:00:00,2026,3,25,14,Hải Phòng,Xã Kiến Hải,20.7150982,106.7277399,73,Moderate,1,25.8,73,0.0,12.4,141,1011.2,13,15.8,19.9,166.0,4.7,105.0,4.4
2026-03-25 15:00:00,2026,3,25,15,Hải Phòng,Xã Kiến Hải,20.7150982,106.7277399,73,Moderate,1,25.2,79,0.0,13.7,140,1010.4,21,15.4,19.3,168.0,5.3,103.0,4.4
2026-03-25 16:00:00,2026,3,25,16,Hải Phòng,Xã Kiến Hải,20.7150982,106.7277399,73,Moderate,1,24.5,85,0.0,12.5,141,1009.9,42,15.2,19.0,170.0,6.5,100.0,4.7
2026-03-25 17:00:00,2026,3,25,17,Hải Phòng,Xã Kiến Hải,20.7150982,106.7277399,73,Moderate,1,23.9,87,0.0,11.4,149,1009.9,65,16.3,19.8,173.0,8.6,96.0,5.5
2026-03-25 18:00:00,2026,3,25,18,Hải Phòng,Xã Kiến Hải,20.7150982,106.7277399,73,Moderate,1,23.3,91,0.0,10.7,151,1009.9,16,17.8,20.9,177.0,11.2,91.0,6.7
2026-03-25 19:00:00,2026,3,25,19,Hải Phòng,Xã Kiến Hải,20.7150982,106.7277399,73,Moderate,1,23.9,93,0.0,9.9,147,1010.0,42,24.8,28.5,178.0,14.4,85.0,8.3
2026-03-25 20:00:00,2026,3,25,20,Hải Phòng,Xã Kiến Hải,20.7150982,106.7277399,74,Moderate,1,23.7,93,0.0,7.6,155,1010.6,25,25.8,29.2,176.0,15.3,79.0,8.6
2026-03-25 21:00:00,2026,3,25,21,Hải Phòng,Xã Kiến Hải,20.7150982,106.7277399,75,Moderate,1,23.6,93,0.0,10.3,151,1010.8,13,29.2,32.5,173.0,16.6,70.0,9.0
2026-03-25 22:00:00,2026,3,25,22,Hải Phòng,Xã Kiến Hải,20.7150982,106.7277399,75,Moderate,1,23.5,93,0.0,10.3,161,1011.1,16,32.5,36.2,168.0,17.5,63.0,9.3
2026-03-25 23:00:00,2026,3,25,23,Hải Phòng,Xã Kiến Hải,20.7150982,106.7277399,76,Moderate,1,23.4,95,0.0,9.8,163,1010.9,14,32.5,37.6,162.0,17.7,59.0,9.4
2026-03-26 00:00:00,2026,3,26,0,Hải Phòng,Xã Kiến Hải,20.7150982,106.7277399,77,Moderate,1,23.2,96,0.0,10.1,158,1010.4,23,29.6,35.9,155.0,17.6,58.0,9.3
2026-03-26 01:00:00,2026,3,26,1,Hải Phòng,Xã Kiến Hải,20.7150982,106.7277399,77,Moderate,1,23.7,98,0.0,13.1,171,1010.1,100,26.7,33.3,150.0,16.8,57.0,8.9
2026-03-26 02:00:00,2026,3,26,2,Hải Phòng,Xã Kiến Hải,20.7150982,106.7277399,77,Moderate,1,24.0,97,0.0,13.6,173,1010.1,100,23.3,29.6,147.0,14.9,57.0,7.9
2026-03-26 03:00:00,2026,3,26,3,Hải Phòng,Xã Kiến Hải,20.7150982,106.7277399,76,Moderate,1,23.8,97,0.0,14.8,167,1009.3,100,20.9,27.3,147.0,12.5,59.0,6.6
2026-03-26 04:00:00,2026,3,26,4,Hải Phòng,Xã Kiến Hải,20.7150982,106.7277399,75,Moderate,1,23.8,96,0.1,16.1,169,1009.4,100,19.3,26.0,151.0,10.7,60.0,5.7
2026-03-26 05:00:00,2026,3,26,5,Hải Phòng,Xã Kiến Hải,20.7150982,106.7277399,73,Moderate,1,23.7,96,0.0,15.3,171,1009.4,100,18.2,25.0,166.0,10.3,60.0,5.8
2026-03-26 06:00:00,2026,3,26,6,Hải Phòng,Xã Kiến Hải,20.7150982,106.7277399,71,Moderate,1,23.6,96,0.0,14.2,168,1010.0,100,17.5,24.0,185.0,10.5,59.0,6.5
2026-03-26 07:00:00,2026,3,26,7,Hải Phòng,Xã Kiến Hải,20.7150982,106.7277399,70,Moderate,1,24.0,94,0.0,12.4,164,1011.2,98,25.5,36.8,198.0,12.3,61.0,5.7
2026-03-26 08:00:00,2026,3,26,8,Hải Phòng,Xã Kiến Hải,20.7150982,106.7277399,69,Moderate,1,24.5,89,0.3,14.7,163,1011.7,73,22.5,33.4,197.0,11.8,65.0,5.6
2026-03-26 09:00:00,2026,3,26,9,Hải Phòng,Xã Kiến Hải,20.7150982,106.7277399,69,Moderate,1,25.0,85,0.4,14.9,161,1012.0,70,19.9,31.1,189.0,11.2,70.0,5.4
2026-03-26 10:00:00,2026,3,26,10,Hải Phòng,Xã Kiến Hải,20.7150982,106.7277399,70,Moderate,1,25.5,82,0.3,16.5,160,1012.0,40,20.1,31.8,182.0,10.6,74.0,5.3
2026-03-26 11:00:00,2026,3,26,11,Hải Phòng,Xã Kiến Hải,20.7150982,106.7277399,70,Moderate,1,25.9,80,0.1,17.0,162,1011.5,27,19.9,30.6,180.0,10.1,77.0,5.4
2026-03-26 12:00:00,2026,3,26,12,Hải Phòng,Xã Kiến Hải,20.7150982,106.7277399,71,Moderate,1,26.1,78,0.0,18.2,162,1010.5,53,19.7,29.9,179.0,9.8,79.0,5.5
2026-03-26 13:00:00,2026,3,26,13,Hải Phòng,Xã Kiến Hải,20.7150982,106.7277399,71,Moderate,1,25.7,80,0.0,19.4,162,1009.5,90,19.0,28.6,179.0,9.5,80.0,5.6
2026-03-26 14:00:00,2026,3,26,14,Hải Phòng,Xã Kiến Hải,20.7150982,106.7277399,71,Moderate,1,25.7,80,0.0,19.0,161,1008.7,95,18.3,27.8,178.0,9.3,81.0,5.5
2026-03-26 15:00:00,2026,3,26,15,Hải Phòng,Xã Kiến Hải,20.7150982,106.7277399,71,Moderate,1,25.2,82,0.0,18.1,161,1007.9,56,16.9,26.1,177.0,9.2,81.0,5.2
2026-03-26 16:00:00,2026,3,26,16,Hải Phòng,Xã Kiến Hải,20.7150982,106.7277399,72,Moderate,1,25.0,83,0.0,17.5,156,1007.2,7,15.6,24.4,179.0,9.5,80.0,5.3
2026-03-26 17:00:00,2026,3,26,17,Hải Phòng,Xã Kiến Hải,20.7150982,106.7277399,72,Moderate,1,24.6,85,0.0,13.0,160,1007.1,3,15.3,24.3,185.0,10.7,76.0,5.9
2026-03-26 18:00:00,2026,3,26,18,Hải Phòng,Xã Kiến Hải,20.7150982,106.7277399,72,Moderate,1,23.9,90,0.0,11.2,147,1007.2,5,15.4,23.4,194.0,12.4,71.0,6.8
2026-03-26 19:00:00,2026,3,26,19,Hải Phòng,Xã Kiến Hải,20.7150982,106.7277399,71,Moderate,1,23.6,93,0.0,12.3,134,1007.4,9,15.3,21.7,202.0,14.7,70.0,7.7
2026-03-26 20:00:00,2026,3,26,20,Hải Phòng,Xã Kiến Hải,20.7150982,106.7277399,70,Moderate,1,23.5,94,0.0,11.7,137,1008.1,17,15.8,22.5,210.0,14.6,68.0,7.6
2026-03-26 21:00:00,2026,3,26,21,Hải Phòng,Xã Kiến Hải,20.7150982,106.7277399,70,Moderate,1,23.3,96,0.0,6.4,140,1009.1,23,16.6,23.2,217.0,14.5,65.0,7.5
2026-03-26 22:00:00,2026,3,26,22,Hải Phòng,Xã Kiến Hải,20.7150982,106.7277399,68,Moderate,1,23.3,96,0.0,7.9,133,1009.4,23,17.9,24.2,218.0,14.2,62.0,7.2
2026-03-26 23:00:00,2026,3,26,23,Hải Phòng,Xã Kiến Hải,20.7150982,106.7277399,67,Moderate,1,23.3,96,0.0,8.4,138,1009.4,16,18.4,24.4,209.0,13.8,60.0,6.6
2026-03-27 00:00:00,2026,3,27,0,Hải Phòng,Xã Kiến Hải,20.7150982,106.7277399,66,Moderate,1,23.3,96,0.0,9.3,144,1009.0,63,17.6,23.2,193.0,13.3,59.0,6.0
2026-03-27 01:00:00,2026,3,27,1,Hải Phòng,Xã Kiến Hải,20.7150982,106.7277399,65,Moderate,1,23.9,96,0.0,10.7,136,1009.0,100,16.8,22.2,182.0,12.7,58.0,5.4
2026-03-27 02:00:00,2026,3,27,2,Hải Phòng,Xã Kiến Hải,20.7150982,106.7277399,64,Moderate,1,23.9,96,0.1,10.9,129,1008.4,100,16.2,21.5,176.0,12.1,57.0,5.1
2026-03-27 03:00:00,2026,3,27,3,Hải Phòng,Xã Kiến Hải,20.7150982,106.7277399,63,Moderate,1,23.9,96,0.1,10.5,127,1008.2,100,16.1,21.3,174.0,11.5,56.0,5.0
2026-03-27 04:00:00,2026,3,27,4,Hải Phòng,Xã Kiến Hải,20.7150982,106.7277399,63,Moderate,1,23.9,96,0.1,11.9,125,1008.0,100,16.1,21.2,179.0,10.9,56.0,4.9
2026-03-27 05:00:00,2026,3,27,5,Hải Phòng,Xã Kiến Hải,20.7150982,106.7277399,63,Moderate,1,23.9,96,0.1,12.9,130,1008.1,100,15.7,20.8,197.0,10.4,57.0,4.8
2026-03-27 06:00:00,2026,3,27,6,Hải Phòng,Xã Kiến Hải,20.7150982,106.7277399,62,Moderate,1,23.9,96,0.1,13.7,130,1008.6,100,15.2,20.4,221.0,10.0,59.0,4.6
2026-03-27 07:00:00,2026,3,27,7,Hải Phòng,Xã Kiến Hải,20.7150982,106.7277399,62,Moderate,1,24.0,93,0.1,13.9,129,1009.7,100,20.4,29.3,236.0,10.6,59.0,5.3
2026-03-27 08:00:00,2026,3,27,8,Hải Phòng,Xã Kiến Hải,20.7150982,106.7277399,62,Moderate,1,24.5,89,0.1,15.3,134,1010.4,100,19.4,28.7,234.0,10.0,61.0,5.2
2026-03-27 09:00:00,2026,3,27,9,Hải Phòng,Xã Kiến Hải,20.7150982,106.7277399,61,Moderate,1,25.1,84,0.3,14.5,132,1010.8,67,18.3,26.4,222.0,9.3,65.0,4.9
2026-03-27 10:00:00,2026,3,27,10,Hải Phòng,Xã Kiến Hải,20.7150982,106.7277399,61,Moderate,1,25.7,83,0.5,14.7,133,1011.0,77,21.4,30.6,213.0,8.6,69.0,4.8
2026-03-27 11:00:00,2026,3,27,11,Hải Phòng,Xã Kiến Hải,20.7150982,106.7277399,61,Moderate,1,25.9,83,0.2,15.1,131,1010.6,44,20.0,29.0,210.0,8.1,74.0,4.8
2026-03-27 12:00:00,2026,3,27,12,Hải Phòng,Xã Kiến Hải,20.7150982,106.7277399,61,Moderate,1,26.4,80,0.1,15.7,135,1009.6,30,19.4,28.2,209.0,7.7,80.0,4.8
2026-03-27 13:00:00,2026,3,27,13,Hải Phòng,Xã Kiến Hải,20.7150982,106.7277399,61,Moderate,1,25.9,79,0.1,13.2,140,1008.7,61,19.0,27.5,207.0,7.5,84.0,4.8
2026-03-27 14:00:00,2026,3,27,14,Hải Phòng,Xã Kiến Hải,20.7150982,106.7277399,61,Moderate,1,26.0,80,0.0,14.1,140,1007.9,55,18.4,26.5,202.0,7.7,86.0,4.8
2026-03-27 15:00:00,2026,3,27,15,Hải Phòng,Xã Kiến Hải,20.7150982,106.7277399,61,Moderate,1,25.7,82,0.0,13.9,143,1007.2,79,17.7,25.3,197.0,8.1,86.0,4.7
2026-03-27 16:00:00,2026,3,27,16,Hải Phòng,Xã Kiến Hải,20.7150982,106.7277399,62,Moderate,1,25.4,84,0.1,15.0,142,1006.5,61,16.6,23.7,196.0,8.8,86.0,4.9
2026-03-27 17:00:00,2026,3,27,17,Hải Phòng,Xã Kiến Hải,20.7150982,106.7277399,62,Moderate,1,25.0,87,0.0,13.9,147,1006.4,22,16.3,23.1,204.0,10.0,84.0,5.5
2026-03-27 18:00:00,2026,3,27,18,Hải Phòng,Xã Kiến Hải,20.7150982,106.7277399,62,Moderate,1,24.4,90,0.0,11.9,139,1006.3,22,16.8,23.0,217.0,11.4,82.0,6.4
2026-03-27 19:00:00,2026,3,27,19,Hải Phòng,Xã Kiến Hải,20.7150982,106.7277399,62,Moderate,1,24.1,94,0.0,15.3,103,1006.8,13,17.3,21.5,226.0,13.5,86.0,7.4
2026-03-27 20:00:00,2026,3,27,20,Hải Phòng,Xã Kiến Hải,20.7150982,106.7277399,62,Moderate,1,24.1,92,0.0,13.0,101,1007.7,13,19.1,23.7,229.0,13.7,83.0,7.4
2026-03-27 21:00:00,2026,3,27,21,Hải Phòng,Xã Kiến Hải,20.7150982,106.7277399,62,Moderate,1,24.1,91,0.0,12.5,96,1008.4,2,20.4,24.9,229.0,14.0,80.0,7.5
2026-03-27 22:00:00,2026,3,27,22,Hải Phòng,Xã Kiến Hải,20.7150982,106.7277399,63,Moderate,1,23.9,93,0.0,10.3,87,1009.1,2,22.6,26.6,228.0,14.4,75.0,7.4
2026-03-27 23:00:00,2026,3,27,23,Hải Phòng,Xã Kiến Hải,20.7150982,106.7277399,63,Moderate,1,23.8,94,0.0,9.9,88,1008.9,4,24.9,28.6,227.0,14.9,69.0,7.1
2026-03-28 00:00:00,2026,3,28,0,Hải Phòng,Xã Kiến Hải,20.7150982,106.7277399,64,Moderate,1,23.6,94,0.0,9.9,90,1008.7,7,26.7,30.5,225.0,15.5,63.0,6.8
2026-03-28 01:00:00,2026,3,28,1,Hải Phòng,Xã Kiến Hải,20.7150982,106.7277399,64,Moderate,1,23.9,95,0.0,11.0,96,1008.6,37,28.3,32.1,218.0,15.7,58.0,6.4
2026-03-28 02:00:00,2026,3,28,2,Hải Phòng,Xã Kiến Hải,20.7150982,106.7277399,65,Moderate,1,24.0,94,0.0,13.0,107,1007.9,27,28.3,32.1,200.0,15.3,55.0,6.1
2026-03-28 03:00:00,2026,3,28,3,Hải Phòng,Xã Kiến Hải,20.7150982,106.7277399,67,Moderate,1,23.9,94,0.0,13.7,115,1007.6,29,26.6,30.9,176.0,14.6,54.0,5.7
2026-03-28 04:00:00,2026,3,28,4,Hải Phòng,Xã Kiến Hải,20.7150982,106.7277399,67,Moderate,1,23.9,94,0.0,13.2,118,1007.6,61,25.3,29.6,163.0,14.0,53.0,5.6
2026-03-28 05:00:00,2026,3,28,5,Hải Phòng,Xã Kiến Hải,20.7150982,106.7277399,68,Moderate,1,23.9,94,0.0,11.9,120,1008.1,100,25.7,29.6,170.0,14.0,51.0,5.9
2026-03-28 06:00:00,2026,3,28,6,Hải Phòng,Xã Kiến Hải,20.7150982,106.7277399,69,Moderate,1,24.0,94,0.0,11.7,126,1008.9,100,28.2,31.1,188.0,14.1,48.0,6.3
2026-03-28 07:00:00,2026,3,28,7,Hải Phòng,Xã Kiến Hải,20.7150982,106.7277399,70,Moderate,1,24.5,91,0.1,13.4,139,1010.1,100,34.2,40.3,198.0,14.6,51.0,7.4
2026-03-28 08:00:00,2026,3,28,8,Hải Phòng,Xã Kiến Hải,20.7150982,106.7277399,72,Moderate,1,25.1,87,0.1,14.5,146,1010.8,78,25.1,32.0,193.0,12.8,58.0,7.0
2026-03-28 09:00:00,2026,3,28,9,Hải Phòng,Xã Kiến Hải,20.7150982,106.7277399,72,Moderate,1,25.7,85,0.6,15.1,145,1011.2,66,21.7,28.5,181.0,10.2,68.0,6.4
2026-03-28 10:00:00,2026,3,28,10,Hải Phòng,Xã Kiến Hải,20.7150982,106.7277399,72,Moderate,1,26.0,84,0.5,15.5,142,1011.0,34,19.6,26.1,171.0,8.0,77.0,5.9
2026-03-28 11:00:00,2026,3,28,11,Hải Phòng,Xã Kiến Hải,20.7150982,106.7277399,72,Moderate,1,26.5,81,0.4,17.2,143,1010.7,33,19.8,26.4,168.0,6.5,85.0,5.5
2026-03-28 12:00:00,2026,3,28,12,Hải Phòng,Xã Kiến Hải,20.7150982,106.7277399,72,Moderate,1,26.5,81,0.3,18.3,144,1009.8,28,19.4,25.4,167.0,5.4,91.0,5.2
2026-03-28 13:00:00,2026,3,28,13,Hải Phòng,Xã Kiến Hải,20.7150982,106.7277399,72,Moderate,1,26.3,79,0.2,17.8,160,1009.1,38,18.5,23.7,167.0,4.9,95.0,5.0
2026-03-28 14:00:00,2026,3,28,14,Hải Phòng,Xã Kiến Hải,20.7150982,106.7277399,72,Moderate,1,26.4,79,0.1,16.7,156,1008.2,35,18.2,22.9,164.0,5.1,94.0,4.8
2026-03-28 15:00:00,2026,3,28,15,Hải Phòng,Xã Kiến Hải,20.7150982,106.7277399,72,Moderate,1,26.1,80,0.1,17.3,155,1007.4,49,18.0,22.8,161.0,5.8,90.0,4.7
2026-03-28 16:00:00,2026,3,28,16,Hải Phòng,Xã Kiến Hải,20.7150982,106.7277399,72,Moderate,1,25.6,84,0.0,15.7,148,1006.9,41,18.1,23.1,163.0,7.2,86.0,4.9
2026-03-28 17:00:00,2026,3,28,17,Hải Phòng,Xã Kiến Hải,20.7150982,106.7277399,72,Moderate,1,25.3,85,0.1,14.7,138,1006.9,67,19.1,24.1,176.0,9.6,82.0,5.7
2026-03-28 18:00:00,2026,3,28,18,Hải Phòng,Xã Kiến Hải,20.7150982,106.7277399,73,Moderate,1,24.8,91,0.0,12.7,129,1007.3,67,21.2,25.3,195.0,12.6,77.0,6.8
2026-03-28 19:00:00,2026,3,28,19,Hải Phòng,Xã Kiến Hải,20.7150982,106.7277399,73,Moderate,1,25.0,94,0.0,16.3,139,1007.3,100,23.9,28.2,208.0,13.3,83.0,7.3
2026-03-28 20:00:00,2026,3,28,20,Hải Phòng,Xã Kiến Hải,20.7150982,106.7277399,73,Moderate,1,25.0,93,0.1,18.5,136,1008.1,100,25.0,29.1,212.0,13.1,81.0,7.1
2026-03-28 21:00:00,2026,3,28,21,Hải Phòng,Xã Kiến Hải,20.7150982,106.7277399,74,Moderate,1,24.9,92,0.1,15.2,126,1008.8,100,24.7,28.5,211.0,12.8,78.0,6.8
2026-03-28 22:00:00,2026,3,28,22,Hải Phòng,Xã Kiến Hải,20.7150982,106.7277399,74,Moderate,1,24.8,92,0.1,13.2,118,1009.3,100,24.9,28.5,206.0,12.5,75.0,6.5
2026-03-28 23:00:00,2026,3,28,23,Hải Phòng,Xã Kiến Hải,20.7150982,106.7277399,75,Moderate,1,24.6,93,0.0,15.0,114,1008.8,100,24.9,28.3,197.0,12.3,72.0,6.1
2026-03-29 00:00:00,2026,3,29,0,Hải Phòng,Xã Kiến Hải,20.7150982,106.7277399,75,Moderate,1,24.5,94,0.0,14.5,117,1008.3,100,25.0,28.2,184.0,12.1,68.0,5.6
2026-03-29 01:00:00,2026,3,29,1,Hải Phòng,Xã Kiến Hải,20.7150982,106.7277399,74,Moderate,1,24.4,95,0.0,14.0,106,1007.5,100,25.2,28.3,173.0,12.0,65.0,5.2
2026-03-29 02:00:00,2026,3,29,2,Hải Phòng,Xã Kiến Hải,20.7150982,106.7277399,74,Moderate,1,24.5,94,0.1,13.8,111,1007.3,100,25.4,28.5,163.0,11.9,63.0,5.1
2026-03-29 03:00:00,2026,3,29,3,Hải Phòng,Xã Kiến Hải,20.7150982,106.7277399,74,Moderate,1,24.5,94,0.1,14.2,117,1006.9,100,25.3,28.5,155.0,11.8,62.0,5.1
2026-03-29 04:00:00,2026,3,29,4,Hải Phòng,Xã Kiến Hải,20.7150982,106.7277399,74,Moderate,1,24.5,94,0.1,14.6,124,1007.1,100,23.9,27.1,155.0,11.8,60.0,5.2
2026-03-29 05:00:00,2026,3,29,5,Hải Phòng,Xã Kiến Hải,20.7150982,106.7277399,74,Moderate,1,24.5,95,0.1,16.1,138,1007.3,100,23.6,26.8,170.0,12.1,57.0,5.5
2026-03-29 06:00:00,2026,3,29,6,Hải Phòng,Xã Kiến Hải,20.7150982,106.7277399,73,Moderate,1,24.5,94,0.0,16.7,142,1008.1,80,24.2,27.3,192.0,12.5,54.0,6.0
2026-03-29 07:00:00,2026,3,29,7,Hải Phòng,Xã Kiến Hải,20.7150982,106.7277399,73,Moderate,1,24.8,94,0.1,17.9,122,1009.3,76,21.2,25.1,206.0,11.3,62.0,6.0
2026-03-29 08:00:00,2026,3,29,8,Hải Phòng,Xã Kiến Hải,20.7150982,106.7277399,72,Moderate,1,25.4,90,0.2,15.6,119,1010.3,89,19.7,22.9,203.0,9.8,69.0,5.8
2026-03-29 09:00:00,2026,3,29,9,Hải Phòng,Xã Kiến Hải,20.7150982,106.7277399,71,Moderate,1,25.7,87,0.2,11.1,97,1011.3,96,19.8,24.1,191.0,7.7,79.0,5.4
2026-03-29 10:00:00,2026,3,29,10,Hải Phòng,Xã Kiến Hải,20.7150982,106.7277399,71,Moderate,1,26.0,83,0.0,15.3,137,1011.1,42,18.4,22.5,182.0,6.3,87.0,5.3
2026-03-29 11:00:00,2026,3,29,11,Hải Phòng,Xã Kiến Hải,20.7150982,106.7277399,71,Moderate,1,26.6,81,0.6,9.8,121,1011.6,78,20.5,24.7,179.0,6.1,93.0,5.6
2026-03-29 12:00:00,2026,3,29,12,Hải Phòng,Xã Kiến Hải,20.7150982,106.7277399,71,Moderate,1,26.1,82,0.0,19.0,121,1009.8,28,19.9,23.7,177.0,6.5,98.0,6.1
2026-03-29 13:00:00,2026,3,29,13,Hải Phòng,Xã Kiến Hải,20.7150982,106.7277399,71,Moderate,1,26.2,82,0.0,19.1,149,1008.7,40,20.0,23.7,176.0,6.8,100.0,6.3
2026-03-29 14:00:00,2026,3,29,14,Hải Phòng,Xã Kiến Hải,20.7150982,106.7277399,71,Moderate,1,26.2,82,0.0,20.4,151,1007.4,28,18.6,21.8,173.0,6.4,99.0,5.7
2026-03-29 15:00:00,2026,3,29,15,Hải Phòng,Xã Kiến Hải,20.7150982,106.7277399,71,Moderate,1,26.1,81,0.0,19.2,156,1006.9,37,16.8,19.9,169.0,5.8,96.0,4.7
2026-03-29 16:00:00,2026,3,29,16,Hải Phòng,Xã Kiến Hải,20.7150982,106.7277399,71,Moderate,1,25.8,83,0.1,18.2,154,1006.3,59,15.6,19.2,168.0,5.7,91.0,4.0
2026-03-29 17:00:00,2026,3,29,17,Hải Phòng,Xã Kiến Hải,20.7150982,106.7277399,71,Moderate,1,25.1,87,0.1,18.2,152,1006.0,55,13.9,17.8,171.0,6.4,83.0,3.9
2026-03-29 18:00:00,2026,3,29,18,Hải Phòng,Xã Kiến Hải,20.7150982,106.7277399,71,Moderate,1,24.6,92,0.0,16.7,143,1005.8,26,12.7,16.0,176.0,7.6,74.0,4.1
2026-03-29 19:00:00,2026,3,29,19,Hải Phòng,Xã Kiến Hải,20.7150982,106.7277399,70,Moderate,1,25.0,96,0.0,13.1,143,1006.0,80,11.5,14.7,180.0,8.5,65.0,4.4
2026-03-29 20:00:00,2026,3,29,20,Hải Phòng,Xã Kiến Hải,20.7150982,106.7277399,69,Moderate,1,24.9,96,0.2,13.4,160,1006.6,20,13.0,16.6,182.0,8.7,64.0,4.5
2026-03-29 21:00:00,2026,3,29,21,Hải Phòng,Xã Kiến Hải,20.7150982,106.7277399,68,Moderate,1,24.8,95,0.0,11.0,179,1007.4,30,14.5,18.3,184.0,8.9,63.0,4.8
2026-03-29 22:00:00,2026,3,29,22,Hải Phòng,Xã Kiến Hải,20.7150982,106.7277399,67,Moderate,1,24.8,94,0.0,7.4,181,1007.5,7,16.1,20.1,183.0,9.2,61.0,4.9
2026-03-29 23:00:00,2026,3,29,23,Hải Phòng,Xã Kiến Hải,20.7150982,106.7277399,66,Moderate,1,24.5,94,0.0,7.7,180,1007.5,22,17.1,21.2,180.0,9.7,59.0,4.9
2026-03-30 00:00:00,2026,3,30,0,Hải Phòng,Xã Kiến Hải,20.7150982,106.7277399,65,Moderate,1,24.5,94,0.0,14.3,173,1007.0,10,17.8,21.9,174.0,10.4,56.0,4.9
2026-03-30 01:00:00,2026,3,30,1,Hải Phòng,Xã Kiến Hải,20.7150982,106.7277399,65,Moderate,1,24.9,95,0.0,19.4,186,1006.0,25,18.7,22.9,169.0,10.7,55.0,4.9
2026-03-30 02:00:00,2026,3,30,2,Hải Phòng,Xã Kiến Hải,20.7150982,106.7277399,64,Moderate,1,24.5,96,0.0,12.7,201,1005.8,65,18.9,23.1,162.0,10.5,56.0,5.0
2026-03-30 03:00:00,2026,3,30,3,Hải Phòng,Xã Kiến Hải,20.7150982,106.7277399,64,Moderate,1,24.1,98,0.0,5.8,256,1005.9,100,18.6,22.7,155.0,10.1,59.0,5.2
2026-03-30 04:00:00,2026,3,30,4,Hải Phòng,Xã Kiến Hải,20.7150982,106.7277399,63,Moderate,1,24.4,96,0.0,5.8,219,1005.9,84,18.1,22.3,155.0,9.7,61.0,5.4
2026-03-30 05:00:00,2026,3,30,5,Hải Phòng,Xã Kiến Hải,20.7150982,106.7277399,63,Moderate,1,24.3,96,0.2,7.2,22,1007.1,99,17.6,21.8,169.0,9.6,61.0,5.8
2026-03-30 06:00:00,2026,3,30,6,Hải Phòng,Xã Kiến Hải,20.7150982,106.7277399,62,Moderate,1,24.0,97,0.5,7.4,83,1008.3,100,17.2,21.2,190.0,9.5,60.0,6.2
2026-03-30 07:00:00,2026,3,30,7,Hải Phòng,Xã Kiến Hải,20.7150982,106.7277399,61,Moderate,1,24.0,91,0.0,9.5,328,1009.0,100,29.4,33.1,203.0,14.0,73.0,9.5
2026-03-30 08:00:00,2026,3,30,8,Hải Phòng,Xã Kiến Hải,20.7150982,106.7277399,62,Moderate,1,24.2,92,0.6,16.5,160,1008.8,55,27.2,30.3,199.0,11.9,81.0,8.9
2026-03-30 09:00:00,2026,3,30,9,Hải Phòng,Xã Kiến Hải,20.7150982,106.7277399,63,Moderate,1,26.1,86,0.0,22.2,163,1009.0,11,26.1,29.7,187.0,9.0,93.0,8.0
2026-03-30 10:00:00,2026,3,30,10,Hải Phòng,Xã Kiến Hải,20.7150982,106.7277399,63,Moderate,1,27.0,82,0.0,23.9,173,1009.0,7,25.8,30.0,178.0,6.6,103.0,7.1
2026-03-30 11:00:00,2026,3,30,11,Hải Phòng,Xã Kiến Hải,20.7150982,106.7277399,64,Moderate,1,27.5,81,0.0,23.3,175,1008.5,0,24.9,29.2,177.0,5.2,111.0,6.2
2026-03-30 12:00:00,2026,3,30,12,Hải Phòng,Xã Kiến Hải,20.7150982,106.7277399,64,Moderate,1,27.8,80,0.0,22.3,174,1007.3,0,25.0,29.2,180.0,4.3,118.0,5.4
2026-03-30 13:00:00,2026,3,30,13,Hải Phòng,Xã Kiến Hải,20.7150982,106.7277399,65,Moderate,1,26.9,81,0.0,18.1,167,1006.6,8,26.0,29.7,183.0,4.0,123.0,4.9
2026-03-30 14:00:00,2026,3,30,14,Hải Phòng,Xã Kiến Hải,20.7150982,106.7277399,65,Moderate,1,27.0,81,0.0,16.2,165,1005.6,11,27.5,31.1,187.0,4.4,125.0,5.0
2026-03-30 15:00:00,2026,3,30,15,Hải Phòng,Xã Kiến Hải,20.7150982,106.7277399,66,Moderate,1,26.8,83,0.0,16.1,164,1004.8,7,28.7,32.2,192.0,5.4,125.0,5.3
2026-03-30 16:00:00,2026,3,30,16,Hải Phòng,Xã Kiến Hải,20.7150982,106.7277399,67,Moderate,1,26.5,84,0.0,16.0,166,1004.3,8,28.4,32.0,195.0,6.6,122.0,5.7
2026-03-30 17:00:00,2026,3,30,17,Hải Phòng,Xã Kiến Hải,20.7150982,106.7277399,68,Moderate,1,25.9,86,0.0,14.8,164,1003.9,11,26.7,30.3,195.0,8.1,114.0,6.0
2026-03-30 18:00:00,2026,3,30,18,Hải Phòng,Xã Kiến Hải,20.7150982,106.7277399,69,Moderate,1,25.3,88,0.0,11.9,166,1004.2,5,24.6,27.8,193.0,9.7,103.0,6.2
2026-03-30 19:00:00,2026,3,30,19,Hải Phòng,Xã Kiến Hải,20.7150982,106.7277399,71,Moderate,1,25.9,85,0.0,16.6,171,1004.3,5,11.7,14.9,190.0,12.2,83.0,6.7
2026-03-30 20:00:00,2026,3,30,20,Hải Phòng,Xã Kiến Hải,20.7150982,106.7277399,71,Moderate,1,26.0,83,0.0,22.4,169,1004.6,8,12.7,16.1,187.0,11.7,82.0,6.5
2026-03-30 21:00:00,2026,3,30,21,Hải Phòng,Xã Kiến Hải,20.7150982,106.7277399,71,Moderate,1,26.0,83,0.0,24.8,175,1005.5,13,13.1,16.5,184.0,11.0,80.0,6.1
2026-03-30 22:00:00,2026,3,30,22,Hải Phòng,Xã Kiến Hải,20.7150982,106.7277399,70,Moderate,1,25.7,84,0.0,21.5,185,1006.3,18,13.2,16.7,179.0,10.2,79.0,5.7
2026-03-30 23:00:00,2026,3,30,23,Hải Phòng,Xã Kiến Hải,20.7150982,106.7277399,70,Moderate,1,25.5,85,0.0,21.6,193,1006.7,9,12.9,16.5,171.0,9.2,78.0,5.1
2026-03-31 00:00:00,2026,3,31,0,Hải Phòng,Xã Kiến Hải,20.7150982,106.7277399,70,Moderate,1,25.4,86,0.0,22.4,188,1006.4,1,12.5,16.2,161.0,8.1,76.0,4.5
2026-03-31 01:00:00,2026,3,31,1,Hải Phòng,Xã Kiến Hải,20.7150982,106.7277399,69,Moderate,1,25.6,87,0.0,19.7,184,1005.6,25,12.4,16.1,154.0,7.4,75.0,4.0
2026-03-31 02:00:00,2026,3,31,2,Hải Phòng,Xã Kiến Hải,20.7150982,106.7277399,69,Moderate,1,25.5,87,0.0,21.3,189,1005.1,1,12.4,16.0,150.0,7.1,74.0,3.9
2026-03-31 03:00:00,2026,3,31,3,Hải Phòng,Xã Kiến Hải,20.7150982,106.7277399,68,Moderate,1,25.2,87,0.0,21.7,191,1004.9,0,12.5,16.0,149.0,7.2,72.0,4.0
2026-03-31 04:00:00,2026,3,31,4,Hải Phòng,Xã Kiến Hải,20.7150982,106.7277399,68,Moderate,1,25.2,86,0.0,21.9,192,1004.9,0,12.8,16.4,156.0,7.5,71.0,4.2
2026-03-31 05:00:00,2026,3,31,5,Hải Phòng,Xã Kiến Hải,20.7150982,106.7277399,67,Moderate,1,25.1,87,0.0,21.2,192,1005.3,0,13.3,16.8,176.0,8.2,68.0,4.6
2026-03-31 06:00:00,2026,3,31,6,Hải Phòng,Xã Kiến Hải,20.7150982,106.7277399,67,Moderate,1,25.1,87,0.0,21.1,191,1005.8,0,14.3,17.7,204.0,9.1,66.0,5.1
2026-03-31 07:00:00,2026,3,31,7,Hải Phòng,Xã Kiến Hải,20.7150982,106.7277399,66,Moderate,1,25.9,86,0.0,21.5,189,1006.7,0,22.4,27.0,229.0,10.5,60.0,6.1
2026-03-31 08:00:00,2026,3,31,8,Hải Phòng,Xã Kiến Hải,20.7150982,106.7277399,66,Moderate,1,26.8,82,0.0,20.6,192,1007.3,0,25.4,31.0,246.0,10.5,75.0,7.4
2026-03-31 09:00:00,2026,3,31,9,Hải Phòng,Xã Kiến Hải,20.7150982,106.7277399,66,Moderate,1,27.9,78,0.0,21.0,195,1007.8,0,28.9,34.8,260.0,10.4,98.0,9.3
2026-03-31 10:00:00,2026,3,31,10,Hải Phòng,Xã Kiến Hải,20.7150982,106.7277399,66,Moderate,1,29.0,73,0.0,20.6,196,1007.8,0,33.4,39.6,270.0,9.9,124.0,10.8
2026-03-31 11:00:00,2026,3,31,11,Hải Phòng,Xã Kiến Hải,20.7150982,106.7277399,67,Moderate,1,29.9,70,0.0,19.6,194,1007.2,0,37.4,43.2,276.0,8.6,159.0,11.6
2026-03-31 12:00:00,2026,3,31,12,Hải Phòng,Xã Kiến Hải,20.7150982,106.7277399,68,Moderate,1,30.4,67,0.0,20.4,189,1006.2,0,38.9,41.9,278.0,6.9,198.0,12.0
2026-03-31 13:00:00,2026,3,31,13,Hải Phòng,Xã Kiến Hải,20.7150982,106.7277399,69,Moderate,1,30.8,66,0.0,19.0,185,1005.0,2,41.1,43.0,279.0,6.0,222.0,12.3
2026-03-31 14:00:00,2026,3,31,14,Hải Phòng,Xã Kiến Hải,20.7150982,106.7277399,80,Moderate,1,30.6,66,0.0,18.1,185,1004.2,15,42.1,43.7,275.0,6.6,222.0,12.4
2026-03-31 15:00:00,2026,3,31,15,Hải Phòng,Xã Kiến Hải,20.7150982,106.7277399,113,Unhealthy for Sensitive Groups,2,30.2,67,0.0,16.2,181,1003.6,5,43.4,44.8,270.0,8.0,208.0,12.4
2026-03-31 16:00:00,2026,3,31,16,Hải Phòng,Xã Kiến Hải,20.7150982,106.7277399,144,Unhealthy for Sensitive Groups,2,29.5,70,0.0,14.0,179,1003.3,22,41.3,43.7,271.0,9.7,190.0,12.1
2026-03-31 17:00:00,2026,3,31,17,Hải Phòng,Xã Kiến Hải,20.7150982,106.7277399,164,Unhealthy,3,28.1,74,0.0,9.5,155,1003.7,18,39.1,41.8,287.0,12.2,167.0,11.6
2026-03-31 18:00:00,2026,3,31,18,Hải Phòng,Xã Kiến Hải,20.7150982,106.7277399,175,Unhealthy,3,26.6,78,0.0,7.2,102,1004.6,11,37.5,39.6,310.0,14.9,141.0,10.8
2026-03-31 19:00:00,2026,3,31,19,Hải Phòng,Xã Kiến Hải,20.7150982,106.7277399,178,Unhealthy,3,26.1,83,0.0,20.1,47,1006.2,40,59.8,61.9,322.0,16.2,128.0,9.8
2026-03-31 20:00:00,2026,3,31,20,Hải Phòng,Xã Kiến Hải,20.7150982,106.7277399,173,Unhealthy,3,26.1,76,0.0,18.0,106,1006.4,23,51.0,53.3,312.0,13.8,125.0,8.7
2026-03-31 21:00:00,2026,3,31,21,Hải Phòng,Xã Kiến Hải,20.7150982,106.7277399,161,Unhealthy,3,25.3,84,0.0,31.8,71,1007.7,30,46.0,48.9,291.0,10.5,120.0,7.2
2026-03-31 22:00:00,2026,3,31,22,Hải Phòng,Xã Kiến Hải,20.7150982,106.7277399,143,Unhealthy for Sensitive Groups,2,25.1,84,0.0,26.1,71,1009.3,5,42.3,44.6,282.0,8.1,115.0,6.1
2026-03-31 23:00:00,2026,3,31,23,Hải Phòng,Xã Kiến Hải,20.7150982,106.7277399,120,Unhealthy for Sensitive Groups,2,24.9,74,0.0,27.5,73,1009.4,13,37.1,38.9,294.0,7.3,111.0,5.7
2026-04-01 00:00:00,2026,4,1,0,Hải Phòng,Xã Kiến Hải,20.7150982,106.7277399,100,Moderate,1,24.6,73,0.0,22.4,64,1009.3,52,33.8,35.7,318.0,7.4,107.0,5.7
2026-04-01 01:00:00,2026,4,1,1,Hải Phòng,Xã Kiến Hải,20.7150982,106.7277399,93,Moderate,1,24.2,82,0.0,22.2,87,1009.8,97,31.9,34.0,341.0,7.8,102.0,5.9
2026-04-01 02:00:00,2026,4,1,2,Hải Phòng,Xã Kiến Hải,20.7150982,106.7277399,95,Moderate,1,23.9,78,0.2,24.0,70,1008.5,69,32.6,34.8,357.0,8.3,97.0,6.2
2026-04-01 03:00:00,2026,4,1,3,Hải Phòng,Xã Kiến Hải,20.7150982,106.7277399,97,Moderate,1,24.1,74,0.0,20.7,60,1008.9,74,33.2,35.3,373.0,9.1,92.0,6.7
2026-04-01 04:00:00,2026,4,1,4,Hải Phòng,Xã Kiến Hải,20.7150982,106.7277399,99,Moderate,1,24.0,72,0.0,13.3,60,1009.7,38,32.8,34.7,402.0,10.3,85.0,7.6
2026-04-01 05:00:00,2026,4,1,5,Hải Phòng,Xã Kiến Hải,20.7150982,106.7277399,101,Unhealthy for Sensitive Groups,2,23.5,75,0.0,10.9,56,1010.9,98,33.5,35.3,467.0,12.6,74.0,9.0
2026-04-01 06:00:00,2026,4,1,6,Hải Phòng,Xã Kiến Hải,20.7150982,106.7277399,103,Unhealthy for Sensitive Groups,2,23.8,74,0.0,12.8,55,1011.6,100,35.3,36.8,544.0,15.3,62.0,10.8
2026-04-01 07:00:00,2026,4,1,7,Hải Phòng,Xã Kiến Hải,20.7150982,106.7277399,105,Unhealthy for Sensitive Groups,2,23.9,79,0.0,6.9,39,1012.1,77,32.2,33.8,582.0,14.6,73.0,10.2
2026-04-01 08:00:00,2026,4,1,8,Hải Phòng,Xã Kiến Hải,20.7150982,106.7277399,106,Unhealthy for Sensitive Groups,2,24.5,74,0.0,9.6,56,1013.1,24,28.9,30.4,543.0,14.0,76.0,10.2
2026-04-01 09:00:00,2026,4,1,9,Hải Phòng,Xã Kiến Hải,20.7150982,106.7277399,106,Unhealthy for Sensitive Groups,2,25.2,70,0.0,7.9,60,1013.7,91,26.6,27.8,463.0,13.2,81.0,10.1
2026-04-01 10:00:00,2026,4,1,10,Hải Phòng,Xã Kiến Hải,20.7150982,106.7277399,106,Unhealthy for Sensitive Groups,2,25.8,65,0.0,9.7,78,1013.9,77,26.8,28.1,400.0,12.2,89.0,9.9
2026-04-01 11:00:00,2026,4,1,11,Hải Phòng,Xã Kiến Hải,20.7150982,106.7277399,105,Unhealthy for Sensitive Groups,2,25.9,62,0.0,13.5,85,1013.4,23,28.4,30.3,376.0,11.0,101.0,9.4
2026-04-01 12:00:00,2026,4,1,12,Hải Phòng,Xã Kiến Hải,20.7150982,106.7277399,105,Unhealthy for Sensitive Groups,2,26.1,60,0.0,14.8,87,1012.4,4,30.6,33.2,368.0,9.6,117.0,8.7
2026-04-01 13:00:00,2026,4,1,13,Hải Phòng,Xã Kiến Hải,20.7150982,106.7277399,104,Unhealthy for Sensitive Groups,2,26.0,62,0.0,13.0,95,1011.9,60,32.7,35.9,363.0,8.7,129.0,8.1
2026-04-01 14:00:00,2026,4,1,14,Hải Phòng,Xã Kiến Hải,20.7150982,106.7277399,103,Unhealthy for Sensitive Groups,2,25.8,63,0.0,14.2,103,1010.9,100,34.3,38.0,358.0,8.4,137.0,7.5
2026-04-01 15:00:00,2026,4,1,15,Hải Phòng,Xã Kiến Hải,20.7150982,106.7277399,102,Unhealthy for Sensitive Groups,2,25.5,66,0.0,15.0,108,1009.8,98,35.3,38.9,357.0,8.6,143.0,6.9
2026-04-01 16:00:00,2026,4,1,16,Hải Phòng,Xã Kiến Hải,20.7150982,106.7277399,101,Unhealthy for Sensitive Groups,2,25.0,69,0.0,15.8,111,1009.3,6,35.3,38.6,357.0,9.0,145.0,6.6
2026-04-01 17:00:00,2026,4,1,17,Hải Phòng,Xã Kiến Hải,20.7150982,106.7277399,101,Unhealthy for Sensitive Groups,2,24.1,74,0.0,16.5,110,1008.5,2,35.4,38.2,359.0,9.9,142.0,6.9
2026-04-01 18:00:00,2026,4,1,18,Hải Phòng,Xã Kiến Hải,20.7150982,106.7277399,100,Moderate,1,23.5,79,0.0,15.3,109,1008.8,3,36.3,38.2,363.0,11.1,134.0,7.5
2026-04-01 19:00:00,2026,4,1,19,Hải Phòng,Xã Kiến Hải,20.7150982,106.7277399,100,Moderate,1,23.4,83,0.0,14.1,106,1010.1,9,48.5,52.4,364.0,12.4,119.0,8.3
2026-04-01 20:00:00,2026,4,1,20,Hải Phòng,Xã Kiến Hải,20.7150982,106.7277399,99,Moderate,1,23.4,84,0.0,13.2,105,1010.9,5,46.1,49.4,359.0,12.2,117.0,8.4
2026-04-01 21:00:00,2026,4,1,21,Hải Phòng,Xã Kiến Hải,20.7150982,106.7277399,99,Moderate,1,23.3,86,0.0,12.9,108,1011.5,2,45.4,48.3,351.0,12.0,113.0,8.5
2026-04-01 22:00:00,2026,4,1,22,Hải Phòng,Xã Kiến Hải,20.7150982,106.7277399,99,Moderate,1,23.3,87,0.0,11.4,111,1011.8,5,45.9,48.5,344.0,11.9,109.0,8.4
2026-04-01 23:00:00,2026,4,1,23,Hải Phòng,Xã Kiến Hải,20.7150982,106.7277399,99,Moderate,1,23.2,89,0.0,10.5,114,1011.8,3,46.3,48.8,340.0,12.0,105.0,8.0
2026-04-02 00:00:00,2026,4,2,0,Hải Phòng,Xã Kiến Hải,20.7150982,106.7277399,100,Moderate,1,23.1,90,0.0,9.1,115,1011.4,3,46.9,49.2,338.0,12.1,99.0,7.4
2026-04-02 01:00:00,2026,4,2,1,Hải Phòng,Xã Kiến Hải,20.7150982,106.7277399,101,Unhealthy for Sensitive Groups,2,23.0,92,0.0,7.4,112,1011.0,37,48.4,50.8,336.0,12.5,94.0,6.9
2026-04-02 02:00:00,2026,4,2,2,Hải Phòng,Xã Kiến Hải,20.7150982,106.7277399,103,Unhealthy for Sensitive Groups,2,23.2,91,0.0,8.3,120,1010.8,69,50.4,52.9,334.0,13.2,87.0,6.6
2026-04-02 03:00:00,2026,4,2,3,Hải Phòng,Xã Kiến Hải,20.7150982,106.7277399,105,Unhealthy for Sensitive Groups,2,23.2,91,0.0,8.0,132,1010.5,100,53.2,55.8,332.0,14.1,80.0,6.4
2026-04-02 04:00:00,2026,4,2,4,Hải Phòng,Xã Kiến Hải,20.7150982,106.7277399,107,Unhealthy for Sensitive Groups,2,23.5,90,0.0,8.1,133,1010.5,100,56.2,58.8,334.0,14.8,75.0,6.4
2026-04-02 05:00:00,2026,4,2,5,Hải Phòng,Xã Kiến Hải,20.7150982,106.7277399,109,Unhealthy for Sensitive Groups,2,23.6,90,0.0,8.9,138,1010.5,97,56.3,58.9,346.0,15.1,72.0,6.5
2026-04-02 06:00:00,2026,4,2,6,Hải Phòng,Xã Kiến Hải,20.7150982,106.7277399,111,Unhealthy for Sensitive Groups,2,23.8,89,0.0,9.5,144,1010.8,100,54.8,57.5,362.0,15.1,70.0,6.7
2026-04-02 07:00:00,2026,4,2,7,Hải Phòng,Xã Kiến Hải,20.7150982,106.7277399,113,Unhealthy for Sensitive Groups,2,23.8,89,0.0,6.2,147,1011.4,98,48.1,50.3,368.0,15.9,67.0,7.8
2026-04-02 08:00:00,2026,4,2,8,Hải Phòng,Xã Kiến Hải,20.7150982,106.7277399,115,Unhealthy for Sensitive Groups,2,24.6,85,0.0,8.3,146,1012.0,95,42.0,45.6,354.0,15.1,77.0,7.9
2026-04-02 09:00:00,2026,4,2,9,Hải Phòng,Xã Kiến Hải,20.7150982,106.7277399,116,Unhealthy for Sensitive Groups,2,25.5,83,0.0,9.3,155,1011.9,98,38.5,42.6,330.0,14.0,91.0,8.0
2026-04-02 10:00:00,2026,4,2,10,Hải Phòng,Xã Kiến Hải,20.7150982,106.7277399,118,Unhealthy for Sensitive Groups,2,26.0,81,0.0,11.1,160,1011.9,79,41.4,46.2,307.0,12.7,104.0,7.9
2026-04-02 11:00:00,2026,4,2,11,Hải Phòng,Xã Kiến Hải,20.7150982,106.7277399,119,Unhealthy for Sensitive Groups,2,26.0,82,0.0,13.6,160,1011.2,69,42.7,47.4,288.0,11.3,113.0,7.5
2026-04-02 12:00:00,2026,4,2,12,Hải Phòng,Xã Kiến Hải,20.7150982,106.7277399,121,Unhealthy for Sensitive Groups,2,26.5,82,0.0,12.6,147,1010.2,68,43.7,48.2,270.0,9.8,121.0,6.8
2026-04-02 13:00:00,2026,4,2,13,Hải Phòng,Xã Kiến Hải,20.7150982,106.7277399,122,Unhealthy for Sensitive Groups,2,26.0,82,0.0,14.0,148,1009.2,60,40.3,44.4,257.0,8.6,125.0,6.2
2026-04-02 14:00:00,2026,4,2,14,Hải Phòng,Xã Kiến Hải,20.7150982,106.7277399,123,Unhealthy for Sensitive Groups,2,26.2,81,0.0,15.3,150,1008.1,49,35.5,39.3,253.0,7.6,124.0,5.5
2026-04-02 15:00:00,2026,4,2,15,Hải Phòng,Xã Kiến Hải,20.7150982,106.7277399,123,Unhealthy for Sensitive Groups,2,26.1,80,0.0,16.7,155,1007.3,52,29.8,33.3,255.0,6.9,118.0,4.7
2026-04-02 16:00:00,2026,4,2,16,Hải Phòng,Xã Kiến Hải,20.7150982,106.7277399,122,Unhealthy for Sensitive Groups,2,26.0,82,0.0,15.5,152,1006.6,41,23.6,26.8,255.0,6.7,113.0,4.3
2026-04-02 17:00:00,2026,4,2,17,Hải Phòng,Xã Kiến Hải,20.7150982,106.7277399,121,Unhealthy for Sensitive Groups,2,25.6,85,0.0,16.9,151,1006.4,28,19.6,23.3,251.0,7.5,108.0,4.5
2026-04-02 18:00:00,2026,4,2,18,Hải Phòng,Xã Kiến Hải,20.7150982,106.7277399,120,Unhealthy for Sensitive Groups,2,25.1,90,0.0,15.2,146,1006.5,10,17.5,21.1,245.0,8.7,102.0,5.0
2026-04-02 19:00:00,2026,4,2,19,Hải Phòng,Xã Kiến Hải,20.7150982,106.7277399,118,Unhealthy for Sensitive Groups,2,24.9,91,0.0,16.7,144,1007.0,10,33.9,40.2,241.0,11.4,100.0,6.2
2026-04-02 20:00:00,2026,4,2,20,Hải Phòng,Xã Kiến Hải,20.7150982,106.7277399,116,Unhealthy for Sensitive Groups,2,24.9,91,0.0,15.6,151,1007.7,16,29.5,35.2,239.0,10.7,100.0,5.8
2026-04-02 21:00:00,2026,4,2,21,Hải Phòng,Xã Kiến Hải,20.7150982,106.7277399,114,Unhealthy for Sensitive Groups,2,24.9,91,0.0,13.4,160,1008.2,0,27.0,32.6,238.0,9.8,100.0,5.4
2026-04-02 22:00:00,2026,4,2,22,Hải Phòng,Xã Kiến Hải,20.7150982,106.7277399,112,Unhealthy for Sensitive Groups,2,25.0,90,0.0,13.3,170,1008.5,2,26.0,31.7,237.0,9.1,98.0,5.0
2026-04-02 23:00:00,2026,4,2,23,Hải Phòng,Xã Kiến Hải,20.7150982,106.7277399,110,Unhealthy for Sensitive Groups,2,25.0,89,0.0,11.9,182,1008.3,1,25.1,31.0,234.0,9.1,94.0,4.9
2026-04-03 00:00:00,2026,4,3,0,Hải Phòng,Xã Kiến Hải,20.7150982,106.7277399,108,Unhealthy for Sensitive Groups,2,24.9,89,0.0,10.6,182,1007.8,0,24.1,30.0,231.0,9.4,88.0,5.0
2026-04-03 01:00:00,2026,4,3,1,Hải Phòng,Xã Kiến Hải,20.7150982,106.7277399,106,Unhealthy for Sensitive Groups,2,25.0,90,0.0,12.2,181,1007.4,0,23.3,28.9,228.0,9.5,83.0,5.0
2026-04-03 02:00:00,2026,4,3,2,Hải Phòng,Xã Kiến Hải,20.7150982,106.7277399,103,Unhealthy for Sensitive Groups,2,25.0,90,0.0,16.2,182,1006.8,2,22.1,27.2,223.0,9.0,78.0,4.7
2026-04-03 03:00:00,2026,4,3,3,Hải Phòng,Xã Kiến Hải,20.7150982,106.7277399,100,Moderate,1,25.0,91,0.0,18.2,182,1005.9,7,20.2,24.8,219.0,8.2,74.0,4.4
2026-04-03 04:00:00,2026,4,3,4,Hải Phòng,Xã Kiến Hải,20.7150982,106.7277399,97,Moderate,1,24.9,92,0.0,18.8,187,1005.7,13,18.0,22.2,221.0,7.7,71.0,4.2
2026-04-03 05:00:00,2026,4,3,5,Hải Phòng,Xã Kiến Hải,20.7150982,106.7277399,94,Moderate,1,24.9,92,0.0,19.9,190,1005.8,13,16.7,20.7,235.0,7.8,69.0,4.4
2026-04-03 06:00:00,2026,4,3,6,Hải Phòng,Xã Kiến Hải,20.7150982,106.7277399,90,Moderate,1,24.9,92,0.0,17.0,196,1006.1,9,16.6,20.5,254.0,8.3,67.0,4.8
2026-04-03 07:00:00,2026,4,3,7,Hải Phòng,Xã Kiến Hải,20.7150982,106.7277399,87,Moderate,1,26.0,90,0.0,13.3,188,1006.5,18,18.6,22.6,270.0,11.2,61.0,6.8
2026-04-03 08:00:00,2026,4,3,8,Hải Phòng,Xã Kiến Hải,20.7150982,106.7277399,84,Moderate,1,26.9,87,0.0,15.4,187,1007.1,23,20.1,25.1,277.0,10.8,71.0,6.5
2026-04-03 09:00:00,2026,4,3,9,Hải Phòng,Xã Kiến Hải,20.7150982,106.7277399,82,Moderate,1,27.8,83,0.0,18.2,187,1007.3,47,22.4,27.0,280.0,10.1,86.0,6.0
2026-04-03 10:00:00,2026,4,3,10,Hải Phòng,Xã Kiến Hải,20.7150982,106.7277399,81,Moderate,1,28.4,81,0.0,18.2,184,1007.3,26,26.6,31.1,282.0,9.3,104.0,5.9
2026-04-03 11:00:00,2026,4,3,11,Hải Phòng,Xã Kiến Hải,20.7150982,106.7277399,80,Moderate,1,29.2,77,0.0,18.7,179,1006.6,25,31.0,34.5,285.0,8.1,130.0,6.3
2026-04-03 12:00:00,2026,4,3,12,Hải Phòng,Xã Kiến Hải,20.7150982,106.7277399,79,Moderate,1,29.3,77,0.0,17.8,173,1005.4,5,36.9,40.3,288.0,6.8,159.0,7.0
2026-04-03 13:00:00,2026,4,3,13,Hải Phòng,Xã Kiến Hải,20.7150982,106.7277399,78,Moderate,1,28.5,79,0.0,17.1,168,1004.1,27,41.1,44.5,288.0,6.1,177.0,7.5
2026-04-03 14:00:00,2026,4,3,14,Hải Phòng,Xã Kiến Hải,20.7150982,106.7277399,78,Moderate,1,28.3,80,0.0,14.9,157,1003.2,13,40.6,43.9,284.0,6.2,178.0,7.6
2026-04-03 15:00:00,2026,4,3,15,Hải Phòng,Xã Kiến Hải,20.7150982,106.7277399,79,Moderate,1,27.6,82,0.0,15.9,149,1002.3,2,35.2,38.3,278.0,7.0,168.0,7.6
2026-04-03 16:00:00,2026,4,3,16,Hải Phòng,Xã Kiến Hải,20.7150982,106.7277399,95,Moderate,1,27.2,83,0.0,14.8,149,1002.0,5,30.4,34.9,276.0,8.0,154.0,7.5
2026-04-03 17:00:00,2026,4,3,17,Hải Phòng,Xã Kiến Hải,20.7150982,106.7277399,112,Unhealthy for Sensitive Groups,2,26.5,85,0.0,14.5,149,1002.0,2,26.2,31.0,282.0,9.4,137.0,7.5
2026-04-03 18:00:00,2026,4,3,18,Hải Phòng,Xã Kiến Hải,20.7150982,106.7277399,123,Unhealthy for Sensitive Groups,2,25.8,87,0.0,11.6,134,1002.5,1,24.5,28.8,292.0,11.2,116.0,7.5
2026-04-03 19:00:00,2026,4,3,19,Hải Phòng,Xã Kiến Hải,20.7150982,106.7277399,126,Unhealthy for Sensitive Groups,2,25.6,88,0.0,8.3,85,1003.4,3,32.0,37.0,296.0,12.8,114.0,7.4
2026-04-03 20:00:00,2026,4,3,20,Hải Phòng,Xã Kiến Hải,20.7150982,106.7277399,122,Unhealthy for Sensitive Groups,2,25.7,87,0.0,10.4,101,1004.2,3,27.9,32.8,286.0,13.2,106.0,7.5
2026-04-03 21:00:00,2026,4,3,21,Hải Phòng,Xã Kiến Hải,20.7150982,106.7277399,111,Unhealthy for Sensitive Groups,2,25.8,86,0.0,12.1,93,1004.8,8,27.0,31.8,269.0,13.8,94.0,7.5
2026-04-03 22:00:00,2026,4,3,22,Hải Phòng,Xã Kiến Hải,20.7150982,106.7277399,93,Moderate,1,25.6,86,0.0,14.1,87,1005.2,70,27.1,31.8,260.0,13.9,86.0,7.3
2026-04-03 23:00:00,2026,4,3,23,Hải Phòng,Xã Kiến Hải,20.7150982,106.7277399,81,Moderate,1,25.5,87,0.0,15.5,88,1005.2,80,26.7,31.7,266.0,13.3,84.0,6.7
2026-04-04 00:00:00,2026,4,4,0,Hải Phòng,Xã Kiến Hải,20.7150982,106.7277399,81,Moderate,1,25.5,87,0.0,15.9,84,1004.7,55,25.2,29.7,280.0,12.2,86.0,5.8
2026-04-04 01:00:00,2026,4,4,1,Hải Phòng,Xã Kiến Hải,20.7150982,106.7277399,81,Moderate,1,25.6,88,0.0,15.3,88,1004.0,26,25.7,29.9,292.0,11.1,89.0,5.1
2026-04-04 02:00:00,2026,4,4,2,Hải Phòng,Xã Kiến Hải,20.7150982,106.7277399,81,Moderate,1,25.6,88,0.0,15.1,98,1003.2,2,26.1,30.0,298.0,9.9,92.0,4.6
2026-04-04 03:00:00,2026,4,4,3,Hải Phòng,Xã Kiến Hải,20.7150982,106.7277399,81,Moderate,1,25.3,90,0.0,13.8,72,1003.2,18,25.3,28.8,302.0,8.6,97.0,4.2
2026-04-04 04:00:00,2026,4,4,4,Hải Phòng,Xã Kiến Hải,20.7150982,106.7277399,82,Moderate,1,25.2,89,0.0,19.8,52,1004.2,100,26.8,30.0,309.0,7.8,101.0,4.1
2026-04-04 05:00:00,2026,4,4,5,Hải Phòng,Xã Kiến Hải,20.7150982,106.7277399,83,Moderate,1,24.9,85,0.0,22.2,55,1004.7,100,29.7,32.8,321.0,8.0,104.0,4.6
2026-04-04 06:00:00,2026,4,4,6,Hải Phòng,Xã Kiến Hải,20.7150982,106.7277399,84,Moderate,1,24.9,85,0.0,19.9,61,1005.2,100,32.2,35.4,336.0,8.8,107.0,5.3
2026-04-04 07:00:00,2026,4,4,7,Hải Phòng,Xã Kiến Hải,20.7150982,106.7277399,85,Moderate,1,25.0,87,0.0,14.5,47,1006.6,100,46.0,49.2,347.0,16.8,71.0,12.0
2026-04-04 08:00:00,2026,4,4,8,Hải Phòng,Xã Kiến Hải,20.7150982,106.7277399,88,Moderate,1,25.2,84,0.1,15.4,30,1007.8,100,38.1,40.5,352.0,14.2,88.0,10.7
2026-04-04 09:00:00,2026,4,4,9,Hải Phòng,Xã Kiến Hải,20.7150982,106.7277399,89,Moderate,1,25.5,79,0.0,12.8,39,1008.3,100,33.4,35.7,353.0,10.7,111.0,9.0
2026-04-04 10:00:00,2026,4,4,10,Hải Phòng,Xã Kiến Hải,20.7150982,106.7277399,90,Moderate,1,26.2,77,0.0,11.5,60,1008.3,100,33.2,36.0,354.0,7.9,132.0,7.6
2026-04-04 11:00:00,2026,4,4,11,Hải Phòng,Xã Kiến Hải,20.7150982,106.7277399,91,Moderate,1,27.0,74,0.0,10.7,81,1007.8,97,38.0,42.4,357.0,6.7,147.0,6.8
2026-04-04 12:00:00,2026,4,4,12,Hải Phòng,Xã Kiến Hải,20.7150982,106.7277399,91,Moderate,1,27.0,75,0.0,9.9,109,1006.9,98,42.0,47.3,361.0,6.3,159.0,6.4
2026-04-04 13:00:00,2026,4,4,13,Hải Phòng,Xã Kiến Hải,20.7150982,106.7277399,92,Moderate,1,27.2,74,0.0,12.7,122,1005.6,55,41.1,45.9,362.0,6.2,166.0,6.2
2026-04-04 14:00:00,2026,4,4,14,Hải Phòng,Xã Kiến Hải,20.7150982,106.7277399,92,Moderate,1,26.6,74,0.0,13.0,128,1004.9,32,38.1,41.9,359.0,6.2,165.0,6.4
2026-04-04 15:00:00,2026,4,4,15,Hải Phòng,Xã Kiến Hải,20.7150982,106.7277399,92,Moderate,1,26.8,73,0.0,13.0,135,1004.1,13,35.3,38.2,353.0,6.6,158.0,6.8
2026-04-04 16:00:00,2026,4,4,16,Hải Phòng,Xã Kiến Hải,20.7150982,106.7277399,106,Unhealthy for Sensitive Groups,2,26.0,77,0.0,13.8,132,1003.9,12,33.1,35.2,351.0,7.6,150.0,7.3
2026-04-04 17:00:00,2026,4,4,17,Hải Phòng,Xã Kiến Hải,20.7150982,106.7277399,119,Unhealthy for Sensitive Groups,2,25.1,82,0.0,12.0,129,1003.7,5,32.8,34.6,355.0,9.6,140.0,7.8
2026-04-04 18:00:00,2026,4,4,18,Hải Phòng,Xã Kiến Hải,20.7150982,106.7277399,125,Unhealthy for Sensitive Groups,2,24.5,85,0.0,10.6,118,1003.5,2,34.2,36.0,361.0,12.1,129.0,8.4
2026-04-04 19:00:00,2026,4,4,19,Hải Phòng,Xã Kiến Hải,20.7150982,106.7277399,125,Unhealthy for Sensitive Groups,2,24.3,87,0.0,10.4,120,1004.1,9,31.1,33.1,366.0,12.4,125.0,7.8
2026-04-04 20:00:00,2026,4,4,20,Hải Phòng,Xã Kiến Hải,20.7150982,106.7277399,120,Unhealthy for Sensitive Groups,2,24.2,88,0.0,6.5,129,1004.9,6,32.6,34.9,369.0,12.8,121.0,7.8
2026-04-04 21:00:00,2026,4,4,21,Hải Phòng,Xã Kiến Hải,20.7150982,106.7277399,112,Unhealthy for Sensitive Groups,2,24.1,90,0.0,7.1,131,1005.5,2,34.0,36.4,370.0,13.4,115.0,7.7
2026-04-04 22:00:00,2026,4,4,22,Hải Phòng,Xã Kiến Hải,20.7150982,106.7277399,101,Unhealthy for Sensitive Groups,2,24.0,89,0.0,7.3,121,1005.5,9,35.4,38.0,367.0,13.8,110.0,7.5
2026-04-04 23:00:00,2026,4,4,23,Hải Phòng,Xã Kiến Hải,20.7150982,106.7277399,95,Moderate,1,24.0,90,0.0,8.7,132,1005.3,25,36.2,39.0,356.0,13.9,106.0,7.0
2026-04-05 00:00:00,2026,4,5,0,Hải Phòng,Xã Kiến Hải,20.7150982,106.7277399,96,Moderate,1,23.9,92,0.0,8.3,123,1004.7,45,36.3,39.2,341.0,13.9,101.0,6.4
2026-04-05 01:00:00,2026,4,5,1,Hải Phòng,Xã Kiến Hải,20.7150982,106.7277399,97,Moderate,1,23.8,94,0.0,7.4,137,1004.4,94,38.1,41.1,326.0,13.9,98.0,6.0
2026-04-05 02:00:00,2026,4,5,2,Hải Phòng,Xã Kiến Hải,20.7150982,106.7277399,98,Moderate,1,24.0,93,0.0,7.1,131,1003.9,90,40.2,43.3,310.0,13.8,95.0,5.8
2026-04-05 03:00:00,2026,4,5,3,Hải Phòng,Xã Kiến Hải,20.7150982,106.7277399,99,Moderate,1,24.0,94,0.0,7.8,122,1003.5,98,42.1,45.5,295.0,13.7,93.0,5.7
2026-04-05 04:00:00,2026,4,5,4,Hải Phòng,Xã Kiến Hải,20.7150982,106.7277399,101,Unhealthy for Sensitive Groups,2,24.0,94,0.0,10.0,124,1003.4,98,44.1,47.5,290.0,13.7,92.0,5.8
2026-04-05 05:00:00,2026,4,5,5,Hải Phòng,Xã Kiến Hải,20.7150982,106.7277399,103,Unhealthy for Sensitive Groups,2,24.0,94,0.0,10.0,123,1003.8,97,45.8,49.2,304.0,14.1,89.0,6.1
2026-04-05 06:00:00,2026,4,5,6,Hải Phòng,Xã Kiến Hải,20.7150982,106.7277399,104,Unhealthy for Sensitive Groups,2,24.1,95,0.0,9.7,117,1004.2,95,47.8,51.3,328.0,14.6,87.0,6.6
2026-04-05 07:00:00,2026,4,5,7,Hải Phòng,Xã Kiến Hải,20.7150982,106.7277399,106,Unhealthy for Sensitive Groups,2,25.0,90,0.0,12.2,110,1005.0,59,42.6,44.7,345.0,16.5,83.0,7.8
2026-04-05 08:00:00,2026,4,5,8,Hải Phòng,Xã Kiến Hải,20.7150982,106.7277399,106,Unhealthy for Sensitive Groups,2,26.0,87,0.0,12.8,122,1005.4,42,40.0,44.5,347.0,14.5,98.0,7.7
2026-04-05 09:00:00,2026,4,5,9,Hải Phòng,Xã Kiến Hải,20.7150982,106.7277399,106,Unhealthy for Sensitive Groups,2,26.6,86,0.0,12.1,137,1005.5,38,45.2,50.9,342.0,11.7,119.0,7.5
2026-04-05 10:00:00,2026,4,5,10,Hải Phòng,Xã Kiến Hải,20.7150982,106.7277399,107,Unhealthy for Sensitive Groups,2,27.3,83,0.0,11.9,157,1005.4,81,49.4,55.2,341.0,9.3,138.0,7.4
2026-04-05 11:00:00,2026,4,5,11,Hải Phòng,Xã Kiến Hải,20.7150982,106.7277399,109,Unhealthy for Sensitive Groups,2,27.6,83,0.0,11.7,149,1004.9,30,53.7,59.6,349.0,7.5,152.0,7.4
2026-04-05 12:00:00,2026,4,5,12,Hải Phòng,Xã Kiến Hải,20.7150982,106.7277399,110,Unhealthy for Sensitive Groups,2,27.5,87,0.0,13.6,130,1003.7,13,55.2,60.8,362.0,6.0,164.0,7.4
2026-04-05 13:00:00,2026,4,5,13,Hải Phòng,Xã Kiến Hải,20.7150982,106.7277399,112,Unhealthy for Sensitive Groups,2,27.1,84,0.0,12.1,125,1003.0,4,53.3,58.7,375.0,5.3,169.0,7.4
2026-04-05 14:00:00,2026,4,5,14,Hải Phòng,Xã Kiến Hải,20.7150982,106.7277399,113,Unhealthy for Sensitive Groups,2,27.2,84,0.0,14.1,134,1002.0,4,51.0,55.9,390.0,5.7,165.0,7.3
2026-04-05 15:00:00,2026,4,5,15,Hải Phòng,Xã Kiến Hải,20.7150982,106.7277399,114,Unhealthy for Sensitive Groups,2,27.0,84,0.0,14.8,139,1001.4,27,48.9,53.6,404.0,6.8,154.0,7.1
2026-04-05 16:00:00,2026,4,5,16,Hải Phòng,Xã Kiến Hải,20.7150982,106.7277399,116,Unhealthy for Sensitive Groups,2,26.8,85,0.0,15.3,141,1000.5,7,47.8,52.2,410.0,8.1,144.0,7.0
2026-04-05 17:00:00,2026,4,5,17,Hải Phòng,Xã Kiến Hải,20.7150982,106.7277399,123,Unhealthy for Sensitive Groups,2,26.3,88,0.0,13.4,136,1000.4,20,47.1,51.0,399.0,9.7,136.0,7.0
2026-04-05 18:00:00,2026,4,5,18,Hải Phòng,Xã Kiến Hải,20.7150982,106.7277399,126,Unhealthy for Sensitive Groups,2,25.9,90,0.0,10.7,131,1000.5,14,46.1,49.2,379.0,11.5,128.0,7.1
2026-04-05 19:00:00,2026,4,5,19,Hải Phòng,Xã Kiến Hải,20.7150982,106.7277399,124,Unhealthy for Sensitive Groups,2,25.5,92,0.0,12.5,129,1001.0,2,58.4,63.3,364.0,13.6,118.0,7.3
2026-04-05 20:00:00,2026,4,5,20,Hải Phòng,Xã Kiến Hải,20.7150982,106.7277399,123,Unhealthy for Sensitive Groups,2,25.8,90,0.0,14.5,144,1001.3,12,59.5,63.8,361.0,13.2,118.0,7.1
2026-04-05 21:00:00,2026,4,5,21,Hải Phòng,Xã Kiến Hải,20.7150982,106.7277399,126,Unhealthy for Sensitive Groups,2,26.2,87,0.0,14.3,157,1002.0,16,59.3,63.3,362.0,12.6,118.0,6.9
2026-04-05 22:00:00,2026,4,5,22,Hải Phòng,Xã Kiến Hải,20.7150982,106.7277399,128,Unhealthy for Sensitive Groups,2,26.5,85,0.0,13.4,166,1002.6,45,58.0,61.7,362.0,12.1,117.0,6.6
2026-04-05 23:00:00,2026,4,5,23,Hải Phòng,Xã Kiến Hải,20.7150982,106.7277399,131,Unhealthy for Sensitive Groups,2,26.7,83,0.0,14.1,182,1002.8,97,55.2,58.8,357.0,11.8,116.0,6.3
2026-04-06 00:00:00,2026,4,6,0,Hải Phòng,Xã Kiến Hải,20.7150982,106.7277399,133,Unhealthy for Sensitive Groups,2,26.6,83,0.0,15.0,183,1002.4,38,51.9,55.4,350.0,11.5,115.0,5.9
2026-04-06 01:00:00,2026,4,6,1,Hải Phòng,Xã Kiến Hải,20.7150982,106.7277399,134,Unhealthy for Sensitive Groups,2,26.0,88,0.0,10.6,162,1002.6,0,50.2,54.4,345.0,11.2,114.0,5.6
2026-04-06 02:00:00,2026,4,6,2,Hải Phòng,Xã Kiến Hải,20.7150982,106.7277399,135,Unhealthy for Sensitive Groups,2,25.7,90,0.0,8.8,171,1002.2,0,47.8,52.4,340.0,10.7,113.0,5.4
2026-04-06 03:00:00,2026,4,6,3,Hải Phòng,Xã Kiến Hải,20.7150982,106.7277399,136,Unhealthy for Sensitive Groups,2,25.6,90,0.0,8.9,174,1002.1,37,44.5,49.2,337.0,10.1,111.0,5.2
2026-04-06 04:00:00,2026,4,6,4,Hải Phòng,Xã Kiến Hải,20.7150982,106.7277399,137,Unhealthy for Sensitive Groups,2,25.5,90,0.0,8.1,174,1002.4,91,40.7,45.5,343.0,9.8,110.0,5.2
2026-04-06 05:00:00,2026,4,6,5,Hải Phòng,Xã Kiến Hải,20.7150982,106.7277399,136,Unhealthy for Sensitive Groups,2,25.4,90,0.0,8.4,169,1002.9,38,37.6,42.4,370.0,10.2,108.0,5.5
2026-04-06 06:00:00,2026,4,6,6,Hải Phòng,Xã Kiến Hải,20.7150982,106.7277399,135,Unhealthy for Sensitive Groups,2,25.4,90,0.0,7.6,175,1003.2,45,35.9,40.6,406.0,11.0,105.0,5.9
2026-04-06 07:00:00,2026,4,6,7,Hải Phòng,Xã Kiến Hải,20.7150982,106.7277399,134,Unhealthy for Sensitive Groups,2,26.6,88,0.0,7.2,155,1003.8,30,52.3,56.9,427.0,13.4,93.0,6.8
2026-04-06 08:00:00,2026,4,6,8,Hải Phòng,Xã Kiến Hải,20.7150982,106.7277399,135,Unhealthy for Sensitive Groups,2,27.8,84,0.0,8.1,162,1004.5,9,52.4,58.0,420.0,12.0,110.0,7.7
2026-04-06 09:00:00,2026,4,6,9,Hải Phòng,Xã Kiến Hải,20.7150982,106.7277399,136,Unhealthy for Sensitive Groups,2,29.0,79,0.0,13.0,176,1004.7,84,53.3,59.5,398.0,9.9,134.0,9.0
2026-04-06 10:00:00,2026,4,6,10,Hải Phòng,Xã Kiến Hải,20.7150982,106.7277399,137,Unhealthy for Sensitive Groups,2,30.1,73,0.0,18.3,186,1004.3,84,55.1,61.2,379.0,8.3,158.0,10.3
2026-04-06 11:00:00,2026,4,6,11,Hải Phòng,Xã Kiến Hải,20.7150982,106.7277399,138,Unhealthy for Sensitive Groups,2,31.0,70,0.0,21.0,192,1004.0,6,57.0,62.2,369.0,7.3,184.0,11.6
2026-04-06 12:00:00,2026,4,6,12,Hải Phòng,Xã Kiến Hải,20.7150982,106.7277399,138,Unhealthy for Sensitive Groups,2,31.4,68,0.0,21.5,189,1003.3,0,60.1,64.7,363.0,6.6,211.0,12.8
2026-04-06 13:00:00,2026,4,6,13,Hải Phòng,Xã Kiến Hải,20.7150982,106.7277399,139,Unhealthy for Sensitive Groups,2,31.5,69,0.0,20.0,183,1002.3,0,62.9,67.5,360.0,6.5,228.0,13.6
2026-04-06 14:00:00,2026,4,6,14,Hải Phòng,Xã Kiến Hải,20.7150982,106.7277399,140,Unhealthy for Sensitive Groups,2,31.4,69,0.0,20.2,184,1001.7,20,65.0,69.6,364.0,7.0,229.0,13.7
2026-04-06 15:00:00,2026,4,6,15,Hải Phòng,Xã Kiến Hải,20.7150982,106.7277399,152,Unhealthy,3,31.0,68,0.0,21.1,185,1000.7,7,64.3,68.0,371.0,8.0,221.0,13.4
2026-04-06 16:00:00,2026,4,6,16,Hải Phòng,Xã Kiến Hải,20.7150982,106.7277399,173,Unhealthy,3,30.6,70,0.0,21.6,187,1000.3,10,59.8,62.9,374.0,9.2,209.0,12.8
2026-04-06 17:00:00,2026,4,6,17,Hải Phòng,Xã Kiến Hải,20.7150982,106.7277399,188,Unhealthy,3,30.0,70,0.0,23.7,191,1000.1,5,54.0,56.7,367.0,10.8,194.0,11.6
2026-04-06 18:00:00,2026,4,6,18,Hải Phòng,Xã Kiến Hải,20.7150982,106.7277399,198,Unhealthy,3,29.1,68,0.0,23.1,193,1000.4,2,50.5,53.6,357.0,12.6,175.0,10.1
2026-04-06 19:00:00,2026,4,6,19,Hải Phòng,Xã Kiến Hải,20.7150982,106.7277399,200,Unhealthy,3,28.3,72,0.0,20.8,185,1000.7,2,65.2,70.8,352.0,15.8,157.0,10.6
2026-04-06 20:00:00,2026,4,6,20,Hải Phòng,Xã Kiến Hải,20.7150982,106.7277399,196,Unhealthy,3,28.5,71,0.0,23.1,193,1001.1,2,61.9,66.6,356.0,14.7,151.0,10.1
2026-04-06 21:00:00,2026,4,6,21,Hải Phòng,Xã Kiến Hải,20.7150982,106.7277399,187,Unhealthy,3,28.9,68,0.0,22.8,200,1002.2,2,56.3,60.8,366.0,13.2,144.0,9.3
2026-04-06 22:00:00,2026,4,6,22,Hải Phòng,Xã Kiến Hải,20.7150982,106.7277399,173,Unhealthy,3,29.0,66,0.0,23.4,202,1002.6,0,50.5,54.6,385.0,12.0,135.0,8.6
2026-04-06 23:00:00,2026,4,6,23,Hải Phòng,Xã Kiến Hải,20.7150982,106.7277399,158,Unhealthy,3,28.5,69,0.0,22.8,199,1002.7,1,46.0,49.8,422.0,11.5,125.0,8.0
2026-04-07 00:00:00,2026,4,7,0,Hải Phòng,Xã Kiến Hải,20.7150982,106.7277399,144,Unhealthy for Sensitive Groups,2,28.0,71,0.0,23.2,196,1002.4,0,42.3,45.9,467.0,11.3,115.0,7.5
2026-04-07 01:00:00,2026,4,7,1,Hải Phòng,Xã Kiến Hải,20.7150982,106.7277399,143,Unhealthy for Sensitive Groups,2,27.8,74,0.0,21.7,194,1002.0,10,38.9,42.5,492.0,11.1,108.0,7.0
2026-04-07 02:00:00,2026,4,7,2,Hải Phòng,Xã Kiến Hải,20.7150982,106.7277399,142,Unhealthy for Sensitive Groups,2,27.2,77,0.0,22.9,191,1001.6,48,36.8,40.7,475.0,10.7,109.0,6.4
2026-04-07 03:00:00,2026,4,7,3,Hải Phòng,Xã Kiến Hải,20.7150982,106.7277399,141,Unhealthy for Sensitive Groups,2,26.8,79,0.0,23.0,192,1001.5,66,34.7,38.8,436.0,10.2,114.0,5.9
2026-04-07 04:00:00,2026,4,7,4,Hải Phòng,Xã Kiến Hải,20.7150982,106.7277399,140,Unhealthy for Sensitive Groups,2,26.6,80,0.0,22.1,194,1002.0,8,33.3,37.4,412.0,10.1,116.0,5.6
2026-04-07 05:00:00,2026,4,7,5,Hải Phòng,Xã Kiến Hải,20.7150982,106.7277399,139,Unhealthy for Sensitive Groups,2,26.6,80,0.0,20.6,197,1002.6,35,32.5,36.7,419.0,10.8,109.0,5.7
2026-04-07 06:00:00,2026,4,7,6,Hải Phòng,Xã Kiến Hải,20.7150982,106.7277399,138,Unhealthy for Sensitive Groups,2,26.5,79,0.0,17.4,200,1003.2,3,32.2,36.4,439.0,11.9,99.0,6.0
2026-04-07 07:00:00,2026,4,7,7,Hải Phòng,Xã Kiến Hải,20.7150982,106.7277399,138,Unhealthy for Sensitive Groups,2,27.3,80,0.0,13.2,200,1004.2,2,46.2,51.1,457.0,13.6,95.0,7.3
2026-04-07 08:00:00,2026,4,7,8,Hải Phòng,Xã Kiến Hải,20.7150982,106.7277399,137,Unhealthy for Sensitive Groups,2,28.5,77,0.0,11.3,200,1004.9,7,48.4,54.0,466.0,12.7,111.0,8.8
2026-04-07 09:00:00,2026,4,7,9,Hải Phòng,Xã Kiến Hải,20.7150982,106.7277399,137,Unhealthy for Sensitive Groups,2,30.1,72,0.0,11.0,205,1005.1,2,51.9,58.9,472.0,11.4,134.0,10.9
2026-04-07 10:00:00,2026,4,7,10,Hải Phòng,Xã Kiến Hải,20.7150982,106.7277399,137,Unhealthy for Sensitive Groups,2,31.6,69,0.0,9.5,199,1005.2,0,56.8,64.7,474.0,10.2,161.0,12.8
2026-04-07 11:00:00,2026,4,7,11,Hải Phòng,Xã Kiến Hải,20.7150982,106.7277399,137,Unhealthy for Sensitive Groups,2,32.7,69,0.0,9.6,184,1004.9,0,62.6,70.5,471.0,9.1,195.0,14.4
2026-04-07 12:00:00,2026,4,7,12,Hải Phòng,Xã Kiến Hải,20.7150982,106.7277399,138,Unhealthy for Sensitive Groups,2,33.3,69,0.0,11.9,183,1004.3,0,69.4,77.8,465.0,8.1,232.0,15.8
2026-04-07 13:00:00,2026,4,7,13,Hải Phòng,Xã Kiến Hải,20.7150982,106.7277399,139,Unhealthy for Sensitive Groups,2,32.9,71,0.0,10.7,171,1003.3,1,72.9,80.8,455.0,7.6,255.0,16.3
2026-04-07 14:00:00,2026,4,7,14,Hải Phòng,Xã Kiến Hải,20.7150982,106.7277399,140,Unhealthy for Sensitive Groups,2,32.8,73,0.0,12.0,171,1002.6,5,72.2,78.7,442.0,7.8,254.0,15.5
2026-04-07 15:00:00,2026,4,7,15,Hải Phòng,Xã Kiến Hải,20.7150982,106.7277399,167,Unhealthy,3,32.3,72,0.0,13.2,168,1001.9,9,68.0,73.1,426.0,8.5,238.0,13.9
2026-04-07 16:00:00,2026,4,7,16,Hải Phòng,Xã Kiến Hải,20.7150982,106.7277399,189,Unhealthy,3,30.9,71,0.0,14.9,160,1001.6,13,61.9,65.4,408.0,9.8,218.0,12.4
2026-04-07 17:00:00,2026,4,7,17,Hải Phòng,Xã Kiến Hải,20.7150982,106.7277399,203,Very Unhealthy,4,29.2,73,0.0,13.3,164,1002.0,5,56.6,59.3,388.0,12.3,195.0,11.3
2026-04-07 18:00:00,2026,4,7,18,Hải Phòng,Xã Kiến Hải,20.7150982,106.7277399,207,Very Unhealthy,4,28.2,72,0.0,11.8,161,1002.5,13,54.0,56.7,367.0,15.4,168.0,10.2
2026-04-07 19:00:00,2026,4,7,19,Hải Phòng,Xã Kiến Hải,20.7150982,106.7277399,207,Very Unhealthy,4,27.5,77,0.0,8.8,121,1002.9,85,43.4,46.2,348.0,16.9,143.0,8.0
2026-04-07 20:00:00,2026,4,7,20,Hải Phòng,Xã Kiến Hải,20.7150982,106.7277399,204,Very Unhealthy,4,27.2,79,0.0,7.2,53,1003.6,91,44.8,47.7,332.0,16.6,136.0,8.0
2026-04-07 21:00:00,2026,4,7,21,Hải Phòng,Xã Kiến Hải,20.7150982,106.7277399,194,Unhealthy,3,26.8,81,0.0,7.5,30,1004.8,19,45.2,48.2,318.0,16.1,126.0,7.9
2026-04-07 22:00:00,2026,4,7,22,Hải Phòng,Xã Kiến Hải,20.7150982,106.7277399,173,Unhealthy,3,26.8,79,0.0,11.3,104,1005.1,2,44.6,47.7,308.0,15.7,116.0,7.7
2026-04-07 23:00:00,2026,4,7,23,Hải Phòng,Xã Kiến Hải,20.7150982,106.7277399,151,Unhealthy,3,26.5,82,0.0,9.6,95,1005.2,0,43.1,46.2,302.0,15.3,107.0,7.2
2026-04-08 00:00:00,2026,4,8,0,Hải Phòng,Xã Kiến Hải,20.7150982,106.7277399,135,Unhealthy for Sensitive Groups,2,26.8,81,0.0,11.7,108,1005.0,0,41.4,44.5,299.0,14.9,98.0,6.5
2026-04-08 01:00:00,2026,4,8,1,Hải Phòng,Xã Kiến Hải,20.7150982,106.7277399,135,Unhealthy for Sensitive Groups,2,27.2,81,0.0,14.8,128,1004.0,2,41.0,43.9,298.0,14.5,91.0,6.0
2026-04-08 02:00:00,2026,4,8,2,Hải Phòng,Xã Kiến Hải,20.7150982,106.7277399,136,Unhealthy for Sensitive Groups,2,27.0,82,0.0,17.1,141,1003.8,13,41.4,44.8,295.0,14.0,85.0,5.7
2026-04-08 03:00:00,2026,4,8,3,Hải Phòng,Xã Kiến Hải,20.7150982,106.7277399,136,Unhealthy for Sensitive Groups,2,26.5,86,0.0,14.7,161,1003.6,0,41.0,44.8,294.0,13.4,82.0,5.4
2026-04-08 04:00:00,2026,4,8,4,Hải Phòng,Xã Kiến Hải,20.7150982,106.7277399,137,Unhealthy for Sensitive Groups,2,26.1,89,0.0,11.0,174,1004.1,0,38.9,43.1,300.0,12.8,82.0,5.3
2026-04-08 05:00:00,2026,4,8,5,Hải Phòng,Xã Kiến Hải,20.7150982,106.7277399,137,Unhealthy for Sensitive Groups,2,26.0,88,0.0,10.4,171,1004.8,0,36.0,40.7,324.0,12.4,88.0,5.3
2026-04-08 06:00:00,2026,4,8,6,Hải Phòng,Xã Kiến Hải,20.7150982,106.7277399,138,Unhealthy for Sensitive Groups,2,26.0,88,0.0,7.6,158,1005.3,1,32.7,37.5,355.0,11.9,99.0,5.5
2026-04-08 07:00:00,2026,4,8,7,Hải Phòng,Xã Kiến Hải,20.7150982,106.7277399,138,Unhealthy for Sensitive Groups,2,27.0,86,0.0,11.3,129,1006.4,5,30.5,34.7,374.0,10.9,118.0,5.6
2026-04-08 08:00:00,2026,4,8,8,Hải Phòng,Xã Kiến Hải,20.7150982,106.7277399,136,Unhealthy for Sensitive Groups,2,27.7,83,0.0,12.1,136,1007.2,1,30.7,36.1,368.0,9.5,128.0,5.8
2026-04-08 09:00:00,2026,4,8,9,Hải Phòng,Xã Kiến Hải,20.7150982,106.7277399,134,Unhealthy for Sensitive Groups,2,28.5,80,0.0,10.8,134,1007.8,0,31.0,36.9,350.0,7.6,141.0,6.1
2026-04-08 10:00:00,2026,4,8,10,Hải Phòng,Xã Kiến Hải,20.7150982,106.7277399,132,Unhealthy for Sensitive Groups,2,29.2,77,0.0,11.2,136,1007.9,0,32.5,38.6,335.0,6.0,152.0,6.3
2026-04-08 11:00:00,2026,4,8,11,Hải Phòng,Xã Kiến Hải,20.7150982,106.7277399,130,Unhealthy for Sensitive Groups,2,29.8,74,0.0,14.1,140,1007.6,0,33.6,39.9,332.0,5.1,159.0,6.2
2026-04-08 12:00:00,2026,4,8,12,Hải Phòng,Xã Kiến Hải,20.7150982,106.7277399,127,Unhealthy for Sensitive Groups,2,30.0,73,0.0,17.2,150,1006.6,0,33.9,39.8,333.0,4.5,163.0,5.9
2026-04-08 13:00:00,2026,4,8,13,Hải Phòng,Xã Kiến Hải,20.7150982,106.7277399,123,Unhealthy for Sensitive Groups,2,29.5,76,0.0,16.7,151,1005.7,63,33.4,38.8,328.0,4.3,164.0,5.7
2026-04-08 14:00:00,2026,4,8,14,Hải Phòng,Xã Kiến Hải,20.7150982,106.7277399,119,Unhealthy for Sensitive Groups,2,29.2,76,0.0,17.2,150,1004.8,1,32.7,37.5,311.0,4.7,160.0,5.8
2026-04-08 15:00:00,2026,4,8,15,Hải Phòng,Xã Kiến Hải,20.7150982,106.7277399,119,Unhealthy for Sensitive Groups,2,28.8,77,0.0,16.9,151,1004.1,6,32.1,36.6,287.0,5.6,153.0,6.1
2026-04-08 16:00:00,2026,4,8,16,Hải Phòng,Xã Kiến Hải,20.7150982,106.7277399,126,Unhealthy for Sensitive Groups,2,28.1,79,0.0,15.6,154,1003.8,11,31.5,35.7,268.0,6.5,146.0,6.2
2026-04-08 17:00:00,2026,4,8,17,Hải Phòng,Xã Kiến Hải,20.7150982,106.7277399,130,Unhealthy for Sensitive Groups,2,27.5,82,0.0,14.2,154,1003.8,2,31.2,34.9,258.0,7.6,141.0,6.2
2026-04-08 18:00:00,2026,4,8,18,Hải Phòng,Xã Kiến Hải,20.7150982,106.7277399,130,Unhealthy for Sensitive Groups,2,26.9,83,0.0,16.1,156,1004.0,8,30.4,34.1,253.0,8.7,136.0,6.0
2026-04-08 19:00:00,2026,4,8,19,Hải Phòng,Xã Kiến Hải,20.7150982,106.7277399,126,Unhealthy for Sensitive Groups,2,26.8,86,0.0,16.7,132,1004.0,2,29.9,34.3,246.0,11.6,128.0,6.6
2026-04-08 20:00:00,2026,4,8,20,Hải Phòng,Xã Kiến Hải,20.7150982,106.7277399,120,Unhealthy for Sensitive Groups,2,26.9,85,0.0,17.1,145,1004.2,1,27.9,32.1,236.0,10.7,126.0,6.1
2026-04-08 21:00:00,2026,4,8,21,Hải Phòng,Xã Kiến Hải,20.7150982,106.7277399,112,Unhealthy for Sensitive Groups,2,27.0,84,0.0,20.0,159,1005.0,5,26.3,30.4,225.0,9.5,122.0,5.4
2026-04-08 22:00:00,2026,4,8,22,Hải Phòng,Xã Kiến Hải,20.7150982,106.7277399,103,Unhealthy for Sensitive Groups,2,27.0,83,0.0,22.2,169,1005.6,0,24.4,28.3,215.0,8.5,117.0,4.8
2026-04-08 23:00:00,2026,4,8,23,Hải Phòng,Xã Kiến Hải,20.7150982,106.7277399,96,Moderate,1,26.9,84,0.0,23.3,176,1005.9,0,21.8,25.7,207.0,7.8,108.0,4.3
2026-04-09 00:00:00,2026,4,9,0,Hải Phòng,Xã Kiến Hải,20.7150982,106.7277399,94,Moderate,1,26.5,86,0.0,24.0,175,1005.7,1,18.9,22.8,199.0,7.3,98.0,3.7
2026-04-09 01:00:00,2026,4,9,1,Hải Phòng,Xã Kiến Hải,20.7150982,106.7277399,92,Moderate,1,26.5,89,0.0,23.4,173,1005.2,18,17.1,21.0,194.0,6.9,90.0,3.4
2026-04-09 02:00:00,2026,4,9,2,Hải Phòng,Xã Kiến Hải,20.7150982,106.7277399,90,Moderate,1,26.3,90,0.0,23.6,177,1005.0,6,16.7,20.5,190.0,6.5,87.0,3.3
2026-04-09 03:00:00,2026,4,9,3,Hải Phòng,Xã Kiến Hải,20.7150982,106.7277399,88,Moderate,1,26.1,91,0.0,20.6,184,1004.9,0,17.6,21.3,187.0,6.3,85.0,3.3
2026-04-09 04:00:00,2026,4,9,4,Hải Phòng,Xã Kiến Hải,20.7150982,106.7277399,86,Moderate,1,26.0,91,0.0,17.6,188,1005.0,0,18.7,22.2,191.0,6.2,84.0,3.4
2026-04-09 05:00:00,2026,4,9,5,Hải Phòng,Xã Kiến Hải,20.7150982,106.7277399,84,Moderate,1,25.9,91,0.0,15.6,186,1005.7,0,19.0,22.5,207.0,6.5,80.0,3.7
2026-04-09 06:00:00,2026,4,9,6,Hải Phòng,Xã Kiến Hải,20.7150982,106.7277399,82,Moderate,1,25.8,90,0.0,15.0,185,1006.1,0,18.9,22.4,229.0,7.0,76.0,4.1
2026-04-09 07:00:00,2026,4,9,7,Hải Phòng,Xã Kiến Hải,20.7150982,106.7277399,81,Moderate,1,26.9,88,0.0,13.8,162,1006.8,2,27.1,32.6,245.0,9.8,72.0,6.0
2026-04-09 08:00:00,2026,4,9,8,Hải Phòng,Xã Kiến Hải,20.7150982,106.7277399,81,Moderate,1,27.6,84,0.0,13.8,174,1007.5,0,27.0,32.7,248.0,9.0,78.0,6.2
2026-04-09 09:00:00,2026,4,9,9,Hải Phòng,Xã Kiến Hải,20.7150982,106.7277399,81,Moderate,1,28.5,81,0.0,10.3,207,1008.4,1,27.9,34.1,245.0,7.8,86.0,6.5
2026-04-09 10:00:00,2026,4,9,10,Hải Phòng,Xã Kiến Hải,20.7150982,106.7277399,80,Moderate,1,29.4,77,0.0,14.0,181,1008.1,0,29.5,36.1,242.0,6.7,96.0,6.6
2026-04-09 11:00:00,2026,4,9,11,Hải Phòng,Xã Kiến Hải,20.7150982,106.7277399,80,Moderate,1,29.9,76,0.0,14.4,183,1007.7,1,31.3,38.3,240.0,5.6,110.0,6.3
2026-04-09 12:00:00,2026,4,9,12,Hải Phòng,Xã Kiến Hải,20.7150982,106.7277399,80,Moderate,1,30.1,76,0.0,15.1,177,1007.0,1,32.7,39.6,239.0,4.5,126.0,5.9
2026-04-09 13:00:00,2026,4,9,13,Hải Phòng,Xã Kiến Hải,20.7150982,106.7277399,80,Moderate,1,29.8,79,0.0,16.2,159,1006.0,2,33.4,39.6,237.0,4.0,138.0,5.6
2026-04-09 14:00:00,2026,4,9,14,Hải Phòng,Xã Kiến Hải,20.7150982,106.7277399,80,Moderate,1,29.5,80,0.0,17.8,162,1005.2,9,33.5,39.0,236.0,4.4,142.0,5.7
2026-04-09 15:00:00,2026,4,9,15,Hải Phòng,Xã Kiến Hải,20.7150982,106.7277399,80,Moderate,1,28.8,81,0.0,17.0,163,1004.6,8,33.9,39.0,235.0,5.4,142.0,6.0
2026-04-09 16:00:00,2026,4,9,16,Hải Phòng,Xã Kiến Hải,20.7150982,106.7277399,80,Moderate,1,28.0,83,0.0,16.4,165,1004.0,6,34.3,39.1,235.0,6.7,139.0,6.3
2026-04-09 17:00:00,2026,4,9,17,Hải Phòng,Xã Kiến Hải,20.7150982,106.7277399,80,Moderate,1,27.3,85,0.0,14.9,161,1003.5,2,34.8,39.2,239.0,8.7,133.0,6.7
2026-04-09 18:00:00,2026,4,9,18,Hải Phòng,Xã Kiến Hải,20.7150982,106.7277399,85,Moderate,1,26.6,87,0.0,10.9,158,1003.7,1,35.7,39.7,245.0,11.0,124.0,7.1
2026-04-09 19:00:00,2026,4,9,19,Hải Phòng,Xã Kiến Hải,20.7150982,106.7277399,91,Moderate,1,26.6,87,0.0,12.4,144,1004.0,9,31.4,36.2,246.0,11.2,109.0,6.3
2026-04-09 20:00:00,2026,4,9,20,Hải Phòng,Xã Kiến Hải,20.7150982,106.7277399,91,Moderate,1,26.4,87,0.0,6.5,129,1004.7,1,30.6,35.3,238.0,10.6,107.0,6.1
2026-04-09 21:00:00,2026,4,9,21,Hải Phòng,Xã Kiến Hải,20.7150982,106.7277399,86,Moderate,1,25.9,88,0.0,4.4,145,1005.8,4,28.8,33.2,226.0,9.7,104.0,5.7
2026-04-09 22:00:00,2026,4,9,22,Hải Phòng,Xã Kiến Hải,20.7150982,106.7277399,82,Moderate,1,26.7,84,0.0,12.3,175,1006.2,1,26.5,30.7,219.0,8.8,102.0,5.3
2026-04-09 23:00:00,2026,4,9,23,Hải Phòng,Xã Kiến Hải,20.7150982,106.7277399,82,Moderate,1,26.9,82,0.0,22.4,184,1006.0,0,24.7,28.8,221.0,8.0,102.0,4.8
2026-04-10 00:00:00,2026,4,10,0,Hải Phòng,Xã Kiến Hải,20.7150982,106.7277399,82,Moderate,1,26.9,82,0.0,26.1,186,1005.4,0,23.6,27.5,228.0,7.2,103.0,4.3
2026-04-10 01:00:00,2026,4,10,1,Hải Phòng,Xã Kiến Hải,20.7150982,106.7277399,83,Moderate,1,26.7,85,0.0,21.7,186,1004.9,0,23.0,26.7,232.0,6.9,103.0,4.0
2026-04-10 02:00:00,2026,4,10,2,Hải Phòng,Xã Kiến Hải,20.7150982,106.7277399,83,Moderate,1,26.4,86,0.0,16.7,197,1004.4,0,22.8,26.3,226.0,7.3,102.0,4.1
2026-04-10 03:00:00,2026,4,10,3,Hải Phòng,Xã Kiến Hải,20.7150982,106.7277399,84,Moderate,1,26.2,86,0.0,17.9,199,1004.0,0,22.8,26.4,217.0,8.1,100.0,4.5
2026-04-10 04:00:00,2026,4,10,4,Hải Phòng,Xã Kiến Hải,20.7150982,106.7277399,84,Moderate,1,26.2,86,0.0,19.9,198,1004.1,0,23.2,26.8,218.0,9.0,97.0,5.0
2026-04-10 05:00:00,2026,4,10,5,Hải Phòng,Xã Kiến Hải,20.7150982,106.7277399,84,Moderate,1,26.2,85,0.0,20.6,196,1004.5,0,24.0,27.8,237.0,10.2,90.0,5.5
2026-04-10 06:00:00,2026,4,10,6,Hải Phòng,Xã Kiến Hải,20.7150982,106.7277399,85,Moderate,1,26.2,85,0.0,20.1,195,1005.3,0,25.1,29.1,266.0,11.4,83.0,6.1
2026-04-10 07:00:00,2026,4,10,7,Hải Phòng,Xã Kiến Hải,20.7150982,106.7277399,85,Moderate,1,26.9,88,0.0,10.9,171,1006.1,0,37.7,41.9,288.0,13.3,83.0,7.3
2026-04-10 08:00:00,2026,4,10,8,Hải Phòng,Xã Kiến Hải,20.7150982,106.7277399,86,Moderate,1,27.8,84,0.0,12.3,174,1006.7,0,40.2,45.2,295.0,11.9,102.0,8.1
2026-04-10 09:00:00,2026,4,10,9,Hải Phòng,Xã Kiến Hải,20.7150982,106.7277399,88,Moderate,1,28.7,80,0.0,12.7,173,1007.1,0,42.7,48.1,295.0,10.0,130.0,9.2
2026-04-10 10:00:00,2026,4,10,10,Hải Phòng,Xã Kiến Hải,20.7150982,106.7277399,89,Moderate,1,29.5,78,0.0,14.7,172,1007.2,0,45.6,51.2,295.0,8.3,155.0,9.9
2026-04-10 11:00:00,2026,4,10,11,Hải Phòng,Xã Kiến Hải,20.7150982,106.7277399,90,Moderate,1,30.0,76,0.0,16.5,174,1006.7,0,47.6,52.5,296.0,7.0,178.0,9.7
2026-04-10 12:00:00,2026,4,10,12,Hải Phòng,Xã Kiến Hải,20.7150982,106.7277399,92,Moderate,1,30.2,76,0.0,18.5,173,1005.7,0,48.0,51.5,296.0,5.9,200.0,9.1
2026-04-10 13:00:00,2026,4,10,13,Hải Phòng,Xã Kiến Hải,20.7150982,106.7277399,93,Moderate,1,29.7,77,0.0,17.0,163,1004.9,0,47.6,50.4,296.0,5.3,210.0,8.4
2026-04-10 14:00:00,2026,4,10,14,Hải Phòng,Xã Kiến Hải,20.7150982,106.7277399,109,Unhealthy for Sensitive Groups,2,29.5,77,0.0,17.1,163,1003.8,0,45.9,48.3,295.0,5.3,201.0,7.7
2026-04-10 15:00:00,2026,4,10,15,Hải Phòng,Xã Kiến Hải,20.7150982,106.7277399,134,Unhealthy for Sensitive Groups,2,29.4,74,0.0,15.0,167,1003.0,2,42.7,45.3,294.0,5.9,181.0,6.9
2026-04-10 16:00:00,2026,4,10,16,Hải Phòng,Xã Kiến Hải,20.7150982,106.7277399,154,Unhealthy,3,28.6,76,0.0,14.3,162,1002.4,3,40.7,44.1,292.0,6.6,163.0,6.3
2026-04-10 17:00:00,2026,4,10,17,Hải Phòng,Xã Kiến Hải,20.7150982,106.7277399,164,Unhealthy,3,27.9,79,0.0,13.8,156,1001.9,4,38.9,41.8,290.0,7.8,151.0,6.1
2026-04-10 18:00:00,2026,4,10,18,Hải Phòng,Xã Kiến Hải,20.7150982,106.7277399,167,Unhealthy,3,27.3,79,0.0,12.0,158,1002.2,4,38.2,41.1,287.0,9.2,141.0,6.0
2026-04-10 19:00:00,2026,4,10,19,Hải Phòng,Xã Kiến Hải,20.7150982,106.7277399,165,Unhealthy,3,27.5,80,0.0,11.4,141,1002.5,2,38.8,42.0,285.0,11.2,146.0,5.6
2026-04-10 20:00:00,2026,4,10,20,Hải Phòng,Xã Kiến Hải,20.7150982,106.7277399,160,Unhealthy,3,27.8,77,0.0,14.4,165,1003.0,3,37.8,41.3,283.0,10.7,145.0,5.5
2026-04-10 21:00:00,2026,4,10,21,Hải Phòng,Xã Kiến Hải,20.7150982,106.7277399,151,Unhealthy,3,28.1,75,0.0,19.2,186,1003.5,2,36.4,40.2,281.0,10.0,143.0,5.4
2026-04-10 22:00:00,2026,4,10,22,Hải Phòng,Xã Kiến Hải,20.7150982,106.7277399,137,Unhealthy for Sensitive Groups,2,27.8,79,0.0,23.5,185,1004.0,0,34.0,38.0,279.0,9.3,141.0,5.2
2026-04-10 23:00:00,2026,4,10,23,Hải Phòng,Xã Kiến Hải,20.7150982,106.7277399,124,Unhealthy for Sensitive Groups,2,27.5,80,0.0,24.1,186,1003.9,2,31.1,35.0,276.0,8.4,140.0,4.8
2026-04-11 00:00:00,2026,4,11,0,Hải Phòng,Xã Kiến Hải,20.7150982,106.7277399,115,Unhealthy for Sensitive Groups,2,27.5,80,0.0,26.2,185,1003.2,0,28.6,32.4,273.0,7.5,138.0,4.4
2026-04-11 01:00:00,2026,4,11,1,Hải Phòng,Xã Kiến Hải,20.7150982,106.7277399,110,Unhealthy for Sensitive Groups,2,27.4,83,0.0,25.9,189,1003.0,0,27.8,31.3,271.0,7.0,137.0,4.2
2026-04-11 02:00:00,2026,4,11,2,Hải Phòng,Xã Kiến Hải,20.7150982,106.7277399,107,Unhealthy for Sensitive Groups,2,27.0,85,0.0,26.2,194,1002.5,0,28.2,31.5,266.0,7.3,136.0,4.4
2026-04-11 03:00:00,2026,4,11,3,Hải Phòng,Xã Kiến Hải,20.7150982,106.7277399,106,Unhealthy for Sensitive Groups,2,26.8,85,0.0,26.1,195,1002.2,0,29.0,32.2,261.0,8.2,134.0,4.9
2026-04-11 04:00:00,2026,4,11,4,Hải Phòng,Xã Kiến Hải,20.7150982,106.7277399,103,Unhealthy for Sensitive Groups,2,26.7,85,0.0,23.4,195,1002.7,0,30.2,33.4,268.0,9.1,131.0,5.5
2026-04-11 05:00:00,2026,4,11,5,Hải Phòng,Xã Kiến Hải,20.7150982,106.7277399,104,Unhealthy for Sensitive Groups,2,26.5,86,0.0,16.8,205,1003.5,0,31.3,34.8,298.0,10.4,121.0,6.1
2026-04-11 06:00:00,2026,4,11,6,Hải Phòng,Xã Kiến Hải,20.7150982,106.7277399,104,Unhealthy for Sensitive Groups,2,26.3,87,0.0,10.9,209,1004.1,0,31.9,35.4,340.0,11.8,109.0,6.7
2026-04-11 07:00:00,2026,4,11,7,Hải Phòng,Xã Kiến Hải,20.7150982,106.7277399,105,Unhealthy for Sensitive Groups,2,27.5,85,0.0,12.6,180,1004.6,0,40.9,43.9,368.0,14.2,92.0,8.3
2026-04-11 08:00:00,2026,4,11,8,Hải Phòng,Xã Kiến Hải,20.7150982,106.7277399,105,Unhealthy for Sensitive Groups,2,28.7,79,0.0,13.4,185,1005.2,0,41.6,44.9,369.0,12.6,111.0,9.1
2026-04-11 09:00:00,2026,4,11,9,Hải Phòng,Xã Kiến Hải,20.7150982,106.7277399,106,Unhealthy for Sensitive Groups,2,29.9,73,0.0,16.2,190,1005.2,0,41.4,45.2,356.0,10.3,137.0,10.1
2026-04-11 10:00:00,2026,4,11,10,Hải Phòng,Xã Kiến Hải,20.7150982,106.7277399,105,Unhealthy for Sensitive Groups,2,30.7,70,0.0,19.2,190,1005.1,0,42.0,45.6,343.0,8.4,161.0,10.9
2026-04-11 11:00:00,2026,4,11,11,Hải Phòng,Xã Kiến Hải,20.7150982,106.7277399,105,Unhealthy for Sensitive Groups,2,31.1,68,0.0,21.8,187,1004.5,0,42.7,44.8,333.0,7.0,181.0,11.1
2026-04-11 12:00:00,2026,4,11,12,Hải Phòng,Xã Kiến Hải,20.7150982,106.7277399,105,Unhealthy for Sensitive Groups,2,31.2,67,0.0,24.6,185,1003.6,0,45.3,46.9,322.0,5.9,200.0,11.0
2026-04-11 13:00:00,2026,4,11,13,Hải Phòng,Xã Kiến Hải,20.7150982,106.7277399,104,Unhealthy for Sensitive Groups,2,32.1,63,0.0,23.1,188,1002.1,1,47.0,48.7,314.0,5.4,210.0,10.7
2026-04-11 14:00:00,2026,4,11,14,Hải Phòng,Xã Kiến Hải,20.7150982,106.7277399,122,Unhealthy for Sensitive Groups,2,31.5,63,0.0,22.2,183,1001.1,2,47.5,48.9,313.0,5.9,209.0,10.3
2026-04-11 15:00:00,2026,4,11,15,Hải Phòng,Xã Kiến Hải,20.7150982,106.7277399,143,Unhealthy for Sensitive Groups,2,30.9,65,0.0,21.6,180,1000.3,5,46.8,48.1,315.0,7.1,201.0,9.7
2026-04-11 16:00:00,2026,4,11,16,Hải Phòng,Xã Kiến Hải,20.7150982,106.7277399,162,Unhealthy,3,30.3,67,0.0,20.4,177,999.7,9,45.1,46.3,315.0,8.1,190.0,8.9
2026-04-11 17:00:00,2026,4,11,17,Hải Phòng,Xã Kiến Hải,20.7150982,106.7277399,175,Unhealthy,3,29.8,66,0.0,18.6,174,999.5,2,42.7,44.0,310.0,8.8,176.0,7.8
2026-04-11 18:00:00,2026,4,11,18,Hải Phòng,Xã Kiến Hải,20.7150982,106.7277399,181,Unhealthy,3,29.1,64,0.0,18.8,175,999.6,2,40.7,43.2,304.0,9.4,159.0,6.5
2026-04-11 19:00:00,2026,4,11,19,Hải Phòng,Xã Kiến Hải,20.7150982,106.7277399,181,Unhealthy,3,28.6,72,0.0,22.4,171,1000.3,0,72.4,76.6,300.0,9.5,145.0,5.2
2026-04-11 20:00:00,2026,4,11,20,Hải Phòng,Xã Kiến Hải,20.7150982,106.7277399,175,Unhealthy,3,28.5,74,0.0,28.6,181,1001.0,2,63.3,66.6,304.0,9.0,146.0,5.3
2026-04-11 21:00:00,2026,4,11,21,Hải Phòng,Xã Kiến Hải,20.7150982,106.7277399,166,Unhealthy,3,28.4,74,0.0,26.9,185,1002.1,0,54.6,57.7,311.0,8.3,148.0,5.3
2026-04-11 22:00:00,2026,4,11,22,Hải Phòng,Xã Kiến Hải,20.7150982,106.7277399,157,Unhealthy,3,28.0,76,0.0,25.0,187,1002.7,0,48.8,51.8,313.0,7.9,149.0,5.4
2026-04-11 23:00:00,2026,4,11,23,Hải Phòng,Xã Kiến Hải,20.7150982,106.7277399,146,Unhealthy for Sensitive Groups,2,28.0,77,0.0,27.6,184,1002.5,8,45.5,48.4,306.0,8.0,148.0,5.4
2026-04-12 00:00:00,2026,4,12,0,Hải Phòng,Xã Kiến Hải,20.7150982,106.7277399,135,Unhealthy for Sensitive Groups,2,27.6,80,0.0,27.5,185,1002.1,5,43.3,46.1,294.0,8.5,146.0,5.5
2026-04-12 01:00:00,2026,4,12,1,Hải Phòng,Xã Kiến Hải,20.7150982,106.7277399,125,Unhealthy for Sensitive Groups,2,27.5,82,0.0,25.5,189,1001.8,0,41.6,44.5,284.0,8.9,143.0,5.5
2026-04-12 02:00:00,2026,4,12,2,Hải Phòng,Xã Kiến Hải,20.7150982,106.7277399,120,Unhealthy for Sensitive Groups,2,27.0,85,0.0,23.7,189,1001.4,0,39.9,43.0,277.0,9.2,139.0,5.5
2026-04-12 03:00:00,2026,4,12,3,Hải Phòng,Xã Kiến Hải,20.7150982,106.7277399,121,Unhealthy for Sensitive Groups,2,26.8,86,0.0,22.5,190,1001.3,0,38.4,41.7,273.0,9.5,134.0,5.5
2026-04-12 04:00:00,2026,4,12,4,Hải Phòng,Xã Kiến Hải,20.7150982,106.7277399,122,Unhealthy for Sensitive Groups,2,26.8,85,0.0,24.1,190,1001.5,0,37.3,40.6,278.0,9.9,129.0,5.5
2026-04-12 05:00:00,2026,4,12,5,Hải Phòng,Xã Kiến Hải,20.7150982,106.7277399,123,Unhealthy for Sensitive Groups,2,26.8,85,0.0,23.5,189,1001.9,0,36.3,39.9,303.0,10.6,120.0,5.6
2026-04-12 06:00:00,2026,4,12,6,Hải Phòng,Xã Kiến Hải,20.7150982,106.7277399,123,Unhealthy for Sensitive Groups,2,26.7,86,0.0,22.7,191,1002.4,0,35.5,39.1,337.0,11.3,110.0,5.8
2026-04-12 07:00:00,2026,4,12,7,Hải Phòng,Xã Kiến Hải,20.7150982,106.7277399,124,Unhealthy for Sensitive Groups,2,27.8,85,0.0,13.0,194,1003.3,0,43.7,46.6,358.0,11.7,106.0,6.9
2026-04-12 08:00:00,2026,4,12,8,Hải Phòng,Xã Kiến Hải,20.7150982,106.7277399,124,Unhealthy for Sensitive Groups,2,28.8,80,0.0,12.9,192,1003.7,2,44.1,47.7,354.0,10.3,121.0,7.2
2026-04-12 09:00:00,2026,4,12,9,Hải Phòng,Xã Kiến Hải,20.7150982,106.7277399,124,Unhealthy for Sensitive Groups,2,29.7,75,0.0,17.8,188,1004.0,0,44.0,48.4,337.0,8.4,141.0,7.7
2026-04-12 10:00:00,2026,4,12,10,Hải Phòng,Xã Kiến Hải,20.7150982,106.7277399,125,Unhealthy for Sensitive Groups,2,30.7,69,0.0,20.6,185,1004.1,0,44.8,49.7,322.0,6.9,161.0,8.2
2026-04-12 11:00:00,2026,4,12,11,Hải Phòng,Xã Kiến Hải,20.7150982,106.7277399,125,Unhealthy for Sensitive Groups,2,31.1,68,0.0,20.2,183,1003.8,0,46.4,51.3,314.0,6.0,180.0,8.7
2026-04-12 12:00:00,2026,4,12,12,Hải Phòng,Xã Kiến Hải,20.7150982,106.7277399,125,Unhealthy for Sensitive Groups,2,31.0,67,0.0,20.3,180,1003.3,0,48.1,52.2,308.0,5.5,198.0,9.1
2026-04-12 13:00:00,2026,4,12,13,Hải Phòng,Xã Kiến Hải,20.7150982,106.7277399,126,Unhealthy for Sensitive Groups,2,31.3,67,0.0,18.0,176,1002.1,0,49.6,53.0,303.0,5.5,207.0,9.3
2026-04-12 14:00:00,2026,4,12,14,Hải Phòng,Xã Kiến Hải,20.7150982,106.7277399,127,Unhealthy for Sensitive Groups,2,31.0,68,0.0,18.0,173,1001.2,2,50.4,53.4,299.0,6.1,202.0,9.0
2026-04-12 15:00:00,2026,4,12,15,Hải Phòng,Xã Kiến Hải,20.7150982,106.7277399,146,Unhealthy for Sensitive Groups,2,30.5,67,0.0,19.3,176,1000.8,6,49.5,53.0,296.0,7.2,187.0,8.4
2026-04-12 16:00:00,2026,4,12,16,Hải Phòng,Xã Kiến Hải,20.7150982,106.7277399,160,Unhealthy,3,29.6,69,0.0,21.2,175,1000.5,5,46.3,49.9,295.0,8.3,171.0,7.8
2026-04-12 17:00:00,2026,4,12,17,Hải Phòng,Xã Kiến Hải,20.7150982,106.7277399,168,Unhealthy,3,28.5,74,0.0,20.0,169,1000.6,1,42.7,46.2,299.0,9.5,154.0,7.1
2026-04-12 18:00:00,2026,4,12,18,Hải Phòng,Xã Kiến Hải,20.7150982,106.7277399,170,Unhealthy,3,28.1,73,0.0,21.9,170,1000.8,3,38.6,42.8,305.0,10.8,135.0,6.3
2026-04-12 19:00:00,2026,4,12,19,Hải Phòng,Xã Kiến Hải,20.7150982,106.7277399,166,Unhealthy,3,27.9,79,0.0,17.7,163,1001.7,0,42.7,48.7,304.0,9.9,137.0,5.1
2026-04-12 20:00:00,2026,4,12,20,Hải Phòng,Xã Kiến Hải,20.7150982,106.7277399,159,Unhealthy,3,27.8,80,0.0,17.1,165,1002.6,0,36.0,41.4,291.0,9.7,137.0,5.2
2026-04-12 21:00:00,2026,4,12,21,Hải Phòng,Xã Kiến Hải,20.7150982,106.7277399,149,Unhealthy for Sensitive Groups,2,27.7,81,0.0,17.3,165,1003.4,0,31.1,36.2,272.0,9.3,136.0,5.3
2026-04-12 22:00:00,2026,4,12,22,Hải Phòng,Xã Kiến Hải,20.7150982,106.7277399,134,Unhealthy for Sensitive Groups,2,27.7,81,0.0,22.1,173,1003.8,0,28.8,33.4,257.0,8.9,134.0,5.2
2026-04-12 23:00:00,2026,4,12,23,Hải Phòng,Xã Kiến Hải,20.7150982,106.7277399,120,Unhealthy for Sensitive Groups,2,27.5,82,0.0,25.0,178,1003.9,0,27.5,31.7,249.0,8.2,128.0,4.8
2026-04-13 00:00:00,2026,4,13,0,Hải Phòng,Xã Kiến Hải,20.7150982,106.7277399,114,Unhealthy for Sensitive Groups,2,27.3,83,0.0,24.7,179,1003.4,0,26.5,30.4,244.0,7.4,121.0,4.4
2026-04-13 01:00:00,2026,4,13,1,Hải Phòng,Xã Kiến Hải,20.7150982,106.7277399,112,Unhealthy for Sensitive Groups,2,27.4,84,0.0,22.3,180,1003.2,0,25.9,29.6,243.0,6.9,114.0,4.0
2026-04-13 02:00:00,2026,4,13,2,Hải Phòng,Xã Kiến Hải,20.7150982,106.7277399,111,Unhealthy for Sensitive Groups,2,27.1,86,0.0,21.3,183,1003.0,0,25.6,29.2,245.0,6.8,110.0,3.9
2026-04-13 03:00:00,2026,4,13,3,Hải Phòng,Xã Kiến Hải,20.7150982,106.7277399,109,Unhealthy for Sensitive Groups,2,26.9,86,0.0,17.4,188,1003.0,0,25.8,29.3,252.0,6.9,107.0,3.9
2026-04-13 04:00:00,2026,4,13,4,Hải Phòng,Xã Kiến Hải,20.7150982,106.7277399,108,Unhealthy for Sensitive Groups,2,26.5,88,0.0,10.5,188,1003.5,0,26.3,29.8,265.0,7.3,104.0,4.1
2026-04-13 05:00:00,2026,4,13,5,Hải Phòng,Xã Kiến Hải,20.7150982,106.7277399,107,Unhealthy for Sensitive Groups,2,26.0,91,0.0,6.0,164,1004.5,0,26.8,30.5,294.0,8.2,98.0,4.4
2026-04-13 06:00:00,2026,4,13,6,Hải Phòng,Xã Kiến Hải,20.7150982,106.7277399,106,Unhealthy for Sensitive Groups,2,26.1,91,0.0,5.8,144,1005.4,0,27.2,31.0,329.0,9.3,92.0,4.8
2026-04-13 07:00:00,2026,4,13,7,Hải Phòng,Xã Kiến Hải,20.7150982,106.7277399,105,Unhealthy for Sensitive Groups,2,27.8,86,0.0,10.8,118,1006.5,0,28.8,32.4,347.0,11.8,82.0,5.9
2026-04-13 08:00:00,2026,4,13,8,Hải Phòng,Xã Kiến Hải,20.7150982,106.7277399,103,Unhealthy for Sensitive Groups,2,28.5,83,0.0,10.7,120,1007.1,0,27.5,32.5,333.0,10.6,92.0,6.2
2026-04-13 09:00:00,2026,4,13,9,Hải Phòng,Xã Kiến Hải,20.7150982,106.7277399,102,Unhealthy for Sensitive Groups,2,29.1,80,0.0,11.2,135,1007.5,0,26.6,32.1,302.0,8.9,106.0,6.6
2026-04-13 10:00:00,2026,4,13,10,Hải Phòng,Xã Kiến Hải,20.7150982,106.7277399,100,Moderate,1,29.6,78,0.0,13.7,145,1007.6,0,26.5,32.5,275.0,7.4,119.0,6.8
2026-04-13 11:00:00,2026,4,13,11,Hải Phòng,Xã Kiến Hải,20.7150982,106.7277399,98,Moderate,1,30.0,77,0.0,14.6,153,1007.3,0,26.4,32.7,258.0,6.1,131.0,6.5
2026-04-13 12:00:00,2026,4,13,12,Hải Phòng,Xã Kiến Hải,20.7150982,106.7277399,96,Moderate,1,30.3,77,0.0,15.7,158,1006.7,0,25.7,32.1,245.0,4.9,141.0,5.9
2026-04-13 13:00:00,2026,4,13,13,Hải Phòng,Xã Kiến Hải,20.7150982,106.7277399,94,Moderate,1,30.0,76,0.0,16.5,158,1005.8,0,24.4,30.7,236.0,4.3,147.0,5.6
2026-04-13 14:00:00,2026,4,13,14,Hải Phòng,Xã Kiến Hải,20.7150982,106.7277399,92,Moderate,1,29.6,78,0.0,15.9,154,1004.9,3,23.0,29.0,231.0,4.6,145.0,5.7
2026-04-13 15:00:00,2026,4,13,15,Hải Phòng,Xã Kiến Hải,20.7150982,106.7277399,90,Moderate,1,29.0,79,0.0,14.6,151,1004.4,2,22.3,28.1,229.0,5.5,138.0,5.9
2026-04-13 16:00:00,2026,4,13,16,Hải Phòng,Xã Kiến Hải,20.7150982,106.7277399,87,Moderate,1,28.6,80,0.0,14.1,146,1003.9,3,22.2,27.9,228.0,6.8,131.0,6.2
2026-04-13 17:00:00,2026,4,13,17,Hải Phòng,Xã Kiến Hải,20.7150982,106.7277399,92,Moderate,1,28.0,83,0.0,14.5,141,1003.7,3,22.8,28.1,229.0,8.9,123.0,6.5
2026-04-13 18:00:00,2026,4,13,18,Hải Phòng,Xã Kiến Hải,20.7150982,106.7277399,95,Moderate,1,27.2,86,0.0,12.8,138,1004.0,2,24.0,28.9,231.0,11.5,115.0,6.9
2026-04-13 19:00:00,2026,4,13,19,Hải Phòng,Xã Kiến Hải,20.7150982,106.7277399,94,Moderate,1,26.9,90,0.0,13.0,121,1004.6,2,27.9,33.2,230.0,12.8,112.0,6.6
2026-04-13 20:00:00,2026,4,13,20,Hải Phòng,Xã Kiến Hải,20.7150982,106.7277399,90,Moderate,1,27.0,89,0.0,13.4,123,1005.0,1,28.0,33.1,225.0,12.4,109.0,6.3
2026-04-13 21:00:00,2026,4,13,21,Hải Phòng,Xã Kiến Hải,20.7150982,106.7277399,84,Moderate,1,26.9,88,0.0,9.9,122,1006.0,2,28.3,33.2,218.0,11.9,104.0,5.8
2026-04-13 22:00:00,2026,4,13,22,Hải Phòng,Xã Kiến Hải,20.7150982,106.7277399,80,Moderate,1,26.6,89,0.0,6.1,92,1006.8,0,28.8,33.4,211.0,11.5,99.0,5.4
2026-04-13 23:00:00,2026,4,13,23,Hải Phòng,Xã Kiến Hải,20.7150982,106.7277399,80,Moderate,1,26.6,89,0.0,7.1,105,1006.9,0,28.7,33.2,204.0,11.3,94.0,5.0
2026-04-14 00:00:00,2026,4,14,0,Hải Phòng,Xã Kiến Hải,20.7150982,106.7277399,80,Moderate,1,26.8,87,0.0,9.2,149,1006.7,0,28.0,32.5,197.0,11.2,88.0,4.6
2026-04-14 01:00:00,2026,4,14,1,Hải Phòng,Xã Kiến Hải,20.7150982,106.7277399,80,Moderate,1,27.0,90,0.0,10.9,146,1006.0,0,27.6,32.0,192.0,11.0,84.0,4.3
2026-04-14 02:00:00,2026,4,14,2,Hải Phòng,Xã Kiến Hải,20.7150982,106.7277399,80,Moderate,1,26.8,90,0.0,9.7,138,1005.7,13,27.5,31.9,190.0,10.7,83.0,4.2
2026-04-14 03:00:00,2026,4,14,3,Hải Phòng,Xã Kiến Hải,20.7150982,106.7277399,80,Moderate,1,26.6,90,0.0,8.9,126,1005.5,99,27.2,31.5,190.0,10.5,83.0,4.2
2026-04-14 04:00:00,2026,4,14,4,Hải Phòng,Xã Kiến Hải,20.7150982,106.7277399,81,Moderate,1,26.8,89,0.0,10.1,130,1005.5,81,26.8,31.1,191.0,10.3,84.0,4.3
2026-04-14 05:00:00,2026,4,14,5,Hải Phòng,Xã Kiến Hải,20.7150982,106.7277399,81,Moderate,1,26.6,89,0.0,10.4,132,1006.2,2,26.5,30.9,195.0,10.4,84.0,4.6
2026-04-14 06:00:00,2026,4,14,6,Hải Phòng,Xã Kiến Hải,20.7150982,106.7277399,81,Moderate,1,26.6,90,0.0,9.7,129,1006.6,0,26.7,31.0,201.0,10.7,85.0,5.1
2026-04-14 07:00:00,2026,4,14,7,Hải Phòng,Xã Kiến Hải,20.7150982,106.7277399,81,Moderate,1,27.5,88,0.0,11.9,110,1007.3,0,43.4,49.2,204.0,12.6,80.0,6.2
2026-04-14 08:00:00,2026,4,14,8,Hải Phòng,Xã Kiến Hải,20.7150982,106.7277399,82,Moderate,1,28.1,85,0.0,14.0,120,1008.0,0,41.9,48.4,200.0,11.2,88.0,6.2
2026-04-14 09:00:00,2026,4,14,9,Hải Phòng,Xã Kiến Hải,20.7150982,106.7277399,83,Moderate,1,28.6,83,0.0,14.6,125,1008.5,0,40.9,48.2,193.0,9.2,99.0,6.2
2026-04-14 10:00:00,2026,4,14,10,Hải Phòng,Xã Kiến Hải,20.7150982,106.7277399,84,Moderate,1,29.1,81,0.0,14.6,130,1008.7,0,40.7,48.7,188.0,7.4,109.0,6.1
2026-04-14 11:00:00,2026,4,14,11,Hải Phòng,Xã Kiến Hải,20.7150982,106.7277399,86,Moderate,1,29.4,80,0.0,15.4,137,1008.3,0,41.0,49.5,186.0,6.1,118.0,5.9
2026-04-14 12:00:00,2026,4,14,12,Hải Phòng,Xã Kiến Hải,20.7150982,106.7277399,87,Moderate,1,29.5,80,0.0,14.3,144,1007.5,0,40.5,49.2,186.0,5.0,127.0,5.7
2026-04-14 13:00:00,2026,4,14,13,Hải Phòng,Xã Kiến Hải,20.7150982,106.7277399,88,Moderate,1,29.2,81,0.0,13.2,142,1006.7,2,39.1,47.5,186.0,4.5,132.0,5.5
2026-04-14 14:00:00,2026,4,14,14,Hải Phòng,Xã Kiến Hải,20.7150982,106.7277399,90,Moderate,1,29.0,82,0.0,14.5,133,1005.5,2,37.1,45.3,184.0,4.7,130.0,5.5
2026-04-14 15:00:00,2026,4,14,15,Hải Phòng,Xã Kiến Hải,20.7150982,106.7277399,91,Moderate,1,28.7,83,0.0,14.7,127,1004.7,4,34.7,42.3,182.0,5.5,125.0,5.6
2026-04-14 16:00:00,2026,4,14,16,Hải Phòng,Xã Kiến Hải,20.7150982,106.7277399,92,Moderate,1,28.4,83,0.0,14.7,123,1004.1,2,32.2,39.5,181.0,6.7,118.0,5.8
2026-04-14 17:00:00,2026,4,14,17,Hải Phòng,Xã Kiến Hải,20.7150982,106.7277399,93,Moderate,1,27.9,85,0.0,15.1,121,1003.8,4,30.5,37.1,182.0,8.7,111.0,6.1
2026-04-14 18:00:00,2026,4,14,18,Hải Phòng,Xã Kiến Hải,20.7150982,106.7277399,93,Moderate,1,27.1,89,0.0,14.0,118,1004.2,4,29.9,35.9,185.0,11.1,102.0,6.5
2026-04-14 19:00:00,2026,4,14,19,Hải Phòng,Xã Kiến Hải,20.7150982,106.7277399,94,Moderate,1,26.9,90,0.0,13.2,118,1004.6,2,30.6,36.3,186.0,12.7,96.0,6.7
2026-04-14 20:00:00,2026,4,14,20,Hải Phòng,Xã Kiến Hải,20.7150982,106.7277399,94,Moderate,1,26.9,89,0.0,13.5,115,1005.1,2,30.9,36.2,185.0,12.9,93.0,6.6
