timestamp,year,month,day,hour,province,location,lat,lon,aqi,pollution_level,pollution_class,temp,humidity,rain,wind_speed,wind_dir,pressure,cloud,pm2_5,pm10,co,no2,o3,so2
2026-04-14 00:00:00,2026,4,14,0,Tuyên Quang,Xã Pờ Ly Ngài,22.7046941,104.6251855,121.0,Unhealthy for Sensitive Groups,2,22.0,89,0.0,3.3,103,918.5,0,60.3,80.8,332.0,12.4,140.0,10.5
2026-04-14 01:00:00,2026,4,14,1,Tuyên Quang,Xã Pờ Ly Ngài,22.7046941,104.6251855,115.0,Unhealthy for Sensitive Groups,2,21.0,93,0.0,3.5,66,918.0,19,62.9,83.6,342.0,12.5,138.0,10.6
2026-04-14 02:00:00,2026,4,14,2,Tuyên Quang,Xã Pờ Ly Ngài,22.7046941,104.6251855,109.0,Unhealthy for Sensitive Groups,2,20.1,97,0.0,3.8,49,917.3,48,64.5,85.0,351.0,13.1,130.0,10.4
2026-04-14 03:00:00,2026,4,14,3,Tuyên Quang,Xã Pờ Ly Ngài,22.7046941,104.6251855,104.0,Unhealthy for Sensitive Groups,2,19.7,98,0.0,4.2,20,917.0,62,65.2,85.4,360.0,13.8,120.0,10.0
2026-04-14 04:00:00,2026,4,14,4,Tuyên Quang,Xã Pờ Ly Ngài,22.7046941,104.6251855,109.0,Unhealthy for Sensitive Groups,2,19.9,97,0.0,4.3,355,917.3,81,65.7,85.7,375.0,14.4,111.0,9.7
2026-04-14 05:00:00,2026,4,14,5,Tuyên Quang,Xã Pờ Ly Ngài,22.7046941,104.6251855,113.0,Unhealthy for Sensitive Groups,2,20.4,97,0.0,3.7,29,918.1,77,65.9,85.4,401.0,15.2,101.0,9.4
2026-04-14 06:00:00,2026,4,14,6,Tuyên Quang,Xã Pờ Ly Ngài,22.7046941,104.6251855,118.0,Unhealthy for Sensitive Groups,2,20.1,99,0.0,2.7,23,918.4,88,66.8,85.9,432.0,16.0,94.0,9.2
2026-04-14 07:00:00,2026,4,14,7,Tuyên Quang,Xã Pờ Ly Ngài,22.7046941,104.6251855,122.0,Unhealthy for Sensitive Groups,2,21.6,97,0.0,2.3,51,919.2,82,68.0,85.2,456.0,15.1,102.0,9.9
2026-04-14 08:00:00,2026,4,14,8,Tuyên Quang,Xã Pờ Ly Ngài,22.7046941,104.6251855,126.0,Unhealthy for Sensitive Groups,2,24.3,87,0.0,1.6,207,920.5,65,72.9,86.4,470.0,11.2,142.0,12.8
2026-04-14 09:00:00,2026,4,14,9,Tuyên Quang,Xã Pờ Ly Ngài,22.7046941,104.6251855,131.0,Unhealthy for Sensitive Groups,2,26.5,72,0.0,2.9,180,920.8,50,73.3,85.9,477.0,5.7,198.0,16.6
2026-04-14 09:00:00,2026,4,14,9,Tuyên Quang,Xã Pờ Ly Ngài,22.7046941,104.6251855,153.0,Unhealthy,3,26.4,72,0.0,3.9,202,921.2,56,99.2,116.2,477.0,5.9,212.0,17.1
2026-04-14 10:00:00,2026,4,14,10,Tuyên Quang,Xã Pờ Ly Ngài,22.7046941,104.6251855,135.0,Unhealthy for Sensitive Groups,2,28.8,60,0.0,6.8,212,921.2,66,73.6,86.6,468.0,1.6,235.0,18.3
2026-04-14 10:00:00,2026,4,14,10,Tuyên Quang,Xã Pờ Ly Ngài,22.7046941,104.6251855,154.0,Unhealthy,3,28.4,62,0.1,6.6,202,921.3,39,97.3,115.3,468.0,1.7,250.0,18.6
2026-04-14 11:00:00,2026,4,14,11,Tuyên Quang,Xã Pờ Ly Ngài,22.7046941,104.6251855,156.0,Unhealthy,3,30.2,53,0.0,10.1,207,921.0,62,90.3,108.3,430.0,0.5,246.0,16.1
2026-04-14 11:00:00,2026,4,14,11,Tuyên Quang,Xã Pờ Ly Ngài,22.7046941,104.6251855,140.0,Unhealthy for Sensitive Groups,2,30.7,53,0.0,8.2,203,921.0,48,66.6,78.9,430.0,0.5,232.0,15.8
2026-04-14 12:00:00,2026,4,14,12,Tuyên Quang,Xã Pờ Ly Ngài,22.7046941,104.6251855,157.0,Unhealthy,3,31.7,47,0.0,10.5,207,920.5,66,81.5,98.5,376.0,0.9,220.0,11.4
2026-04-14 12:00:00,2026,4,14,12,Tuyên Quang,Xã Pờ Ly Ngài,22.7046941,104.6251855,144.0,Unhealthy for Sensitive Groups,2,32.1,46,0.0,11.1,209,920.4,48,56.9,68.0,376.0,0.8,210.0,11.2
2026-04-14 13:00:00,2026,4,14,13,Tuyên Quang,Xã Pờ Ly Ngài,22.7046941,104.6251855,162.0,Unhealthy,3,32.7,40,0.0,16.3,223,919.2,12,73.3,89.4,339.0,1.3,201.0,7.8
2026-04-14 13:00:00,2026,4,14,13,Tuyên Quang,Xã Pờ Ly Ngài,22.7046941,104.6251855,147.0,Unhealthy for Sensitive Groups,2,32.7,40,0.0,17.9,230,919.1,83,49.5,59.8,339.0,1.2,192.0,7.5
2026-04-14 14:00:00,2026,4,14,14,Tuyên Quang,Xã Pờ Ly Ngài,22.7046941,104.6251855,162.0,Unhealthy,3,32.7,40,0.0,19.3,233,917.9,73,45.2,55.1,337.0,1.0,189.0,5.8
2026-04-14 14:00:00,2026,4,14,14,Tuyên Quang,Xã Pờ Ly Ngài,22.7046941,104.6251855,176.0,Unhealthy,3,32.8,37,0.0,18.8,227,918.0,2,68.7,85.2,337.0,1.1,199.0,6.3
2026-04-14 15:00:00,2026,4,14,15,Tuyên Quang,Xã Pờ Ly Ngài,22.7046941,104.6251855,177.0,Unhealthy,3,32.7,41,0.0,17.3,225,916.9,33,43.5,53.4,353.0,0.9,191.0,5.1
2026-04-14 15:00:00,2026,4,14,15,Tuyên Quang,Xã Pờ Ly Ngài,22.7046941,104.6251855,192.0,Unhealthy,3,32.9,35,0.0,19.1,227,917.2,1,67.8,84.5,353.0,1.0,203.0,5.8
2026-04-14 16:00:00,2026,4,14,16,Tuyên Quang,Xã Pờ Ly Ngài,22.7046941,104.6251855,203.0,Very Unhealthy,4,32.3,39,0.0,19.4,223,916.5,49,68.7,85.7,366.0,1.8,203.0,5.8
2026-04-14 16:00:00,2026,4,14,16,Tuyên Quang,Xã Pờ Ly Ngài,22.7046941,104.6251855,191.0,Unhealthy,3,32.4,41,0.0,19.1,223,916.3,28,42.5,52.0,366.0,1.7,190.0,5.0
2026-04-14 17:00:00,2026,4,14,17,Tuyên Quang,Xã Pờ Ly Ngài,22.7046941,104.6251855,206.0,Very Unhealthy,4,31.4,42,0.0,11.8,211,916.6,0,71.2,86.6,369.0,4.2,192.0,6.4
2026-04-14 17:00:00,2026,4,14,17,Tuyên Quang,Xã Pờ Ly Ngài,22.7046941,104.6251855,199.0,Unhealthy,3,31.4,45,0.0,11.6,206,916.3,0,43.8,52.4,369.0,4.1,181.0,5.6
2026-04-14 18:00:00,2026,4,14,18,Tuyên Quang,Xã Pờ Ly Ngài,22.7046941,104.6251855,205.0,Very Unhealthy,4,29.4,53,0.0,8.7,185,916.7,0,75.9,90.3,369.0,7.5,177.0,7.6
2026-04-14 18:00:00,2026,4,14,18,Tuyên Quang,Xã Pờ Ly Ngài,22.7046941,104.6251855,196.0,Unhealthy,3,29.5,56,0.0,8.4,173,916.4,0,48.4,56.5,369.0,7.3,168.0,6.9
2026-04-14 19:00:00,2026,4,14,19,Tuyên Quang,Xã Pờ Ly Ngài,22.7046941,104.6251855,185.0,Unhealthy,3,26.9,71,0.0,7.4,157,916.6,38,53.6,61.7,372.0,9.8,158.0,8.1
2026-04-14 19:00:00,2026,4,14,19,Tuyên Quang,Xã Pờ Ly Ngài,22.7046941,104.6251855,199.0,Unhealthy,3,26.8,69,0.0,7.2,162,917.0,0,80.3,95.0,372.0,10.0,165.0,8.7
2026-04-14 20:00:00,2026,4,14,20,Tuyên Quang,Xã Pờ Ly Ngài,22.7046941,104.6251855,186.0,Unhealthy,3,25.0,80,0.0,5.5,157,917.4,0,84.1,98.7,380.0,11.1,159.0,9.7
2026-04-14 20:00:00,2026,4,14,20,Tuyên Quang,Xã Pờ Ly Ngài,22.7046941,104.6251855,173.0,Unhealthy,3,25.4,78,0.0,6.1,152,917.1,29,58.0,66.1,380.0,11.0,153.0,9.2
2026-04-14 21:00:00,2026,4,14,21,Tuyên Quang,Xã Pờ Ly Ngài,22.7046941,104.6251855,164.0,Unhealthy,3,24.4,80,0.0,4.6,141,917.8,0,61.7,69.8,391.0,11.5,150.0,10.3
2026-04-14 21:00:00,2026,4,14,21,Tuyên Quang,Xã Pờ Ly Ngài,22.7046941,104.6251855,176.0,Unhealthy,3,23.9,85,0.0,4.2,149,917.9,0,87.3,101.7,391.0,11.3,157.0,10.7
2026-04-14 22:00:00,2026,4,14,22,Tuyên Quang,Xã Pờ Ly Ngài,22.7046941,104.6251855,169.0,Unhealthy,3,23.1,88,0.0,3.4,122,918.1,0,90.8,105.0,400.0,11.4,156.0,11.6
2026-04-14 22:00:00,2026,4,14,22,Tuyên Quang,Xã Pờ Ly Ngài,22.7046941,104.6251855,158.0,Unhealthy,3,23.6,83,0.0,4.1,128,917.8,16,65.0,73.3,400.0,11.7,149.0,11.3
2026-04-14 23:00:00,2026,4,14,23,Tuyên Quang,Xã Pờ Ly Ngài,22.7046941,104.6251855,152.0,Unhealthy,3,23.0,88,0.0,3.5,114,917.6,36,68.7,77.1,406.0,11.5,152.0,12.2
2026-04-14 23:00:00,2026,4,14,23,Tuyên Quang,Xã Pờ Ly Ngài,22.7046941,104.6251855,165.0,Unhealthy,3,22.5,90,0.0,3.0,104,917.9,21,95.2,109.2,406.0,11.2,158.0,12.3
2026-04-15 00:00:00,2026,4,15,0,Tuyên Quang,Xã Pờ Ly Ngài,22.7046941,104.6251855,152.0,Unhealthy,3,22.5,93,0.0,2.5,90,917.3,54,73.3,82.0,410.0,10.9,158.0,13.1
2026-04-15 00:00:00,2026,4,15,0,Tuyên Quang,Xã Pờ Ly Ngài,22.7046941,104.6251855,165.0,Unhealthy,3,21.7,93,0.0,2.5,82,917.7,38,99.0,112.5,410.0,10.8,161.0,12.9
2026-04-15 01:00:00,2026,4,15,1,Tuyên Quang,Xã Pờ Ly Ngài,22.7046941,104.6251855,153.0,Unhealthy,3,22.2,96,0.0,2.3,72,917.0,65,77.3,85.7,415.0,10.7,160.0,13.7
2026-04-15 01:00:00,2026,4,15,1,Tuyên Quang,Xã Pờ Ly Ngài,22.7046941,104.6251855,166.0,Unhealthy,3,21.0,96,0.0,3.1,54,917.3,56,101.7,115.0,415.0,10.6,161.0,13.3
2026-04-15 02:00:00,2026,4,15,2,Tuyên Quang,Xã Pờ Ly Ngài,22.7046941,104.6251855,153.0,Unhealthy,3,21.9,97,0.0,1.1,18,916.5,71,80.1,88.2,421.0,11.1,156.0,13.9
2026-04-15 02:00:00,2026,4,15,2,Tuyên Quang,Xã Pờ Ly Ngài,22.7046941,104.6251855,166.0,Unhealthy,3,20.6,98,0.0,2.3,18,916.6,70,103.8,116.6,421.0,11.0,155.0,13.3
2026-04-15 03:00:00,2026,4,15,3,Tuyên Quang,Xã Pờ Ly Ngài,22.7046941,104.6251855,153.0,Unhealthy,3,21.9,98,0.0,1.8,53,916.0,72,81.3,89.4,428.0,11.7,148.0,13.8
2026-04-15 03:00:00,2026,4,15,3,Tuyên Quang,Xã Pờ Ly Ngài,22.7046941,104.6251855,166.0,Unhealthy,3,20.6,99,0.0,1.9,22,916.1,77,105.2,117.8,428.0,11.6,146.0,13.1
2026-04-15 04:00:00,2026,4,15,4,Tuyên Quang,Xã Pờ Ly Ngài,22.7046941,104.6251855,167.0,Unhealthy,3,20.5,100,0.0,2.9,7,916.1,79,105.9,118.3,437.0,12.2,137.0,12.8
2026-04-15 04:00:00,2026,4,15,4,Tuyên Quang,Xã Pờ Ly Ngài,22.7046941,104.6251855,154.0,Unhealthy,3,21.8,99,0.0,1.8,11,916.0,72,82.2,90.1,437.0,12.3,140.0,13.7
2026-04-15 05:00:00,2026,4,15,5,Tuyên Quang,Xã Pờ Ly Ngài,22.7046941,104.6251855,154.0,Unhealthy,3,21.9,99,0.0,1.6,27,916.3,75,82.9,90.6,452.0,13.2,129.0,13.7
2026-04-15 05:00:00,2026,4,15,5,Tuyên Quang,Xã Pờ Ly Ngài,22.7046941,104.6251855,167.0,Unhealthy,3,20.7,100,0.0,2.5,360,916.5,81,105.9,118.0,452.0,12.9,123.0,12.6
2026-04-15 06:00:00,2026,4,15,6,Tuyên Quang,Xã Pờ Ly Ngài,22.7046941,104.6251855,168.0,Unhealthy,3,20.7,100,0.0,2.7,23,917.1,81,106.2,117.8,470.0,13.6,110.0,12.3
2026-04-15 06:00:00,2026,4,15,6,Tuyên Quang,Xã Pờ Ly Ngài,22.7046941,104.6251855,154.0,Unhealthy,3,21.8,99,0.0,2.2,81,917.0,78,85.9,93.8,470.0,14.1,118.0,13.6
2026-04-15 07:00:00,2026,4,15,7,Tuyên Quang,Xã Pờ Ly Ngài,22.7046941,104.6251855,168.0,Unhealthy,3,22.1,97,0.0,2.1,59,918.1,79,104.3,114.1,483.0,12.9,112.0,11.9
2026-04-15 07:00:00,2026,4,15,7,Tuyên Quang,Xã Pờ Ly Ngài,22.7046941,104.6251855,155.0,Unhealthy,3,22.7,98,0.0,2.4,117,918.0,76,89.2,96.2,483.0,13.5,121.0,13.2
2026-04-15 08:00:00,2026,4,15,8,Tuyên Quang,Xã Pờ Ly Ngài,22.7046941,104.6251855,168.0,Unhealthy,3,24.6,86,0.0,3.2,153,919.2,62,101.7,110.1,490.0,9.7,147.0,11.4
2026-04-15 08:00:00,2026,4,15,8,Tuyên Quang,Xã Pờ Ly Ngài,22.7046941,104.6251855,155.0,Unhealthy,3,24.9,85,0.0,4.0,170,919.2,55,96.9,102.7,490.0,10.1,152.0,12.3
2026-04-15 09:00:00,2026,4,15,9,Tuyên Quang,Xã Pờ Ly Ngài,22.7046941,104.6251855,168.0,Unhealthy,3,26.9,71,0.0,5.1,188,919.9,56,95.9,103.6,492.0,5.2,198.0,10.8
2026-04-15 09:00:00,2026,4,15,9,Tuyên Quang,Xã Pờ Ly Ngài,22.7046941,104.6251855,156.0,Unhealthy,3,26.8,72,0.0,5.4,200,919.8,56,91.0,96.6,492.0,5.3,197.0,11.0
2026-04-15 10:00:00,2026,4,15,10,Tuyên Quang,Xã Pờ Ly Ngài,22.7046941,104.6251855,168.0,Unhealthy,3,28.7,61,0.1,7.8,193,920.1,50,90.6,98.0,480.0,1.8,232.0,10.0
2026-04-15 10:00:00,2026,4,15,10,Tuyên Quang,Xã Pờ Ly Ngài,22.7046941,104.6251855,156.0,Unhealthy,3,28.3,64,0.1,7.1,195,920.0,44,83.1,88.7,480.0,1.7,227.0,9.8
2026-04-15 11:00:00,2026,4,15,11,Tuyên Quang,Xã Pờ Ly Ngài,22.7046941,104.6251855,156.0,Unhealthy,3,29.8,56,0.1,8.3,178,919.4,38,75.9,81.7,443.0,0.7,226.0,8.6
2026-04-15 11:00:00,2026,4,15,11,Tuyên Quang,Xã Pờ Ly Ngài,22.7046941,104.6251855,168.0,Unhealthy,3,30.3,55,0.0,9.5,189,919.6,42,80.6,87.8,443.0,0.8,230.0,8.7
2026-04-15 12:00:00,2026,4,15,12,Tuyên Quang,Xã Pờ Ly Ngài,22.7046941,104.6251855,157.0,Unhealthy,3,31.3,51,0.0,10.5,186,918.5,44,65.4,72.4,392.0,1.0,210.0,7.3
2026-04-15 12:00:00,2026,4,15,12,Tuyên Quang,Xã Pờ Ly Ngài,22.7046941,104.6251855,168.0,Unhealthy,3,31.6,49,0.0,10.5,188,918.9,44,68.7,77.1,392.0,1.0,210.0,7.0
2026-04-15 13:00:00,2026,4,15,13,Tuyên Quang,Xã Pờ Ly Ngài,22.7046941,104.6251855,158.0,Unhealthy,3,32.3,46,0.0,13.1,196,917.6,37,57.0,65.7,351.0,1.4,196.0,6.3
2026-04-15 13:00:00,2026,4,15,13,Tuyên Quang,Xã Pờ Ly Ngài,22.7046941,104.6251855,168.0,Unhealthy,3,31.8,47,0.1,14.2,196,917.8,62,57.9,67.5,351.0,1.3,194.0,5.8
2026-04-15 14:00:00,2026,4,15,14,Tuyên Quang,Xã Pờ Ly Ngài,22.7046941,104.6251855,168.0,Unhealthy,3,32.5,44,0.0,13.7,198,916.2,39,50.6,60.8,330.0,1.2,193.0,5.5
2026-04-15 14:00:00,2026,4,15,14,Tuyên Quang,Xã Pờ Ly Ngài,22.7046941,104.6251855,167.0,Unhealthy,3,32.2,46,0.0,13.1,189,916.3,23,51.7,61.9,330.0,1.2,191.0,5.1
2026-04-15 15:00:00,2026,4,15,15,Tuyên Quang,Xã Pờ Ly Ngài,22.7046941,104.6251855,180.0,Unhealthy,3,31.8,46,0.0,12.8,191,915.1,60,46.2,56.7,321.0,1.2,192.0,4.8
2026-04-15 15:00:00,2026,4,15,15,Tuyên Quang,Xã Pờ Ly Ngài,22.7046941,104.6251855,179.0,Unhealthy,3,31.7,48,0.0,13.2,191,915.4,29,48.4,58.4,321.0,1.1,192.0,4.7
2026-04-15 16:00:00,2026,4,15,16,Tuyên Quang,Xã Pờ Ly Ngài,22.7046941,104.6251855,191.0,Unhealthy,3,31.1,50,0.0,11.5,184,914.7,14,45.1,55.1,317.0,1.8,188.0,4.7
2026-04-15 16:00:00,2026,4,15,16,Tuyên Quang,Xã Pờ Ly Ngài,22.7046941,104.6251855,192.0,Unhealthy,3,30.5,53,0.2,10.8,178,915.0,24,47.8,57.4,317.0,1.8,190.0,4.8
2026-04-15 17:00:00,2026,4,15,17,Tuyên Quang,Xã Pờ Ly Ngài,22.7046941,104.6251855,197.0,Unhealthy,3,29.7,57,0.0,9.2,159,915.0,24,46.8,55.8,321.0,3.8,178.0,5.4
2026-04-15 17:00:00,2026,4,15,17,Tuyên Quang,Xã Pờ Ly Ngài,22.7046941,104.6251855,199.0,Unhealthy,3,29.9,56,0.0,9.2,159,915.2,21,50.5,59.1,321.0,3.8,181.0,5.5
2026-04-15 18:00:00,2026,4,15,18,Tuyên Quang,Xã Pờ Ly Ngài,22.7046941,104.6251855,196.0,Unhealthy,3,28.3,62,0.0,8.9,153,915.6,46,54.9,61.9,332.0,6.5,168.0,6.7
2026-04-15 18:00:00,2026,4,15,18,Tuyên Quang,Xã Pờ Ly Ngài,22.7046941,104.6251855,194.0,Unhealthy,3,28.3,64,0.0,8.7,156,915.5,47,50.2,57.7,332.0,6.6,164.0,6.6
2026-04-15 19:00:00,2026,4,15,19,Tuyên Quang,Xã Pờ Ly Ngài,22.7046941,104.6251855,186.0,Unhealthy,3,26.7,70,0.0,7.6,161,916.1,72,59.0,65.7,341.0,8.6,159.0,7.9
2026-04-15 19:00:00,2026,4,15,19,Tuyên Quang,Xã Pờ Ly Ngài,22.7046941,104.6251855,184.0,Unhealthy,3,26.8,70,0.0,6.8,162,915.8,50,53.7,60.8,341.0,8.8,154.0,7.7
2026-04-15 20:00:00,2026,4,15,20,Tuyên Quang,Xã Pờ Ly Ngài,22.7046941,104.6251855,174.0,Unhealthy,3,25.6,77,0.0,5.6,165,916.7,63,62.6,68.9,346.0,9.6,155.0,8.9
2026-04-15 20:00:00,2026,4,15,20,Tuyên Quang,Xã Pờ Ly Ngài,22.7046941,104.6251855,173.0,Unhealthy,3,25.8,76,0.0,6.5,146,916.4,50,56.5,62.9,346.0,9.9,148.0,8.6
2026-04-15 21:00:00,2026,4,15,21,Tuyên Quang,Xã Pờ Ly Ngài,22.7046941,104.6251855,163.0,Unhealthy,3,24.8,81,0.0,7.4,137,917.4,62,58.8,64.7,349.0,10.3,145.0,9.4
2026-04-15 21:00:00,2026,4,15,21,Tuyên Quang,Xã Pờ Ly Ngài,22.7046941,104.6251855,165.0,Unhealthy,3,24.8,82,0.0,7.6,135,917.8,100,65.7,71.5,349.0,9.9,154.0,10.0
2026-04-15 22:00:00,2026,4,15,22,Tuyên Quang,Xã Pờ Ly Ngài,22.7046941,104.6251855,164.0,Unhealthy,3,24.2,85,0.0,6.3,149,918.1,100,69.8,75.4,355.0,10.0,155.0,11.1
2026-04-15 22:00:00,2026,4,15,22,Tuyên Quang,Xã Pờ Ly Ngài,22.7046941,104.6251855,157.0,Unhealthy,3,24.2,85,0.0,7.0,159,917.7,100,62.4,67.8,355.0,10.3,146.0,10.4
2026-04-15 23:00:00,2026,4,15,23,Tuyên Quang,Xã Pờ Ly Ngài,22.7046941,104.6251855,163.0,Unhealthy,3,23.4,90,2.3,5.2,102,917.8,66,74.5,79.6,367.0,9.8,161.0,12.5
2026-04-15 23:00:00,2026,4,15,23,Tuyên Quang,Xã Pờ Ly Ngài,22.7046941,104.6251855,157.0,Unhealthy,3,23.2,90,3.4,4.9,126,917.7,78,66.4,71.5,367.0,9.6,155.0,11.8
2026-04-16 00:00:00,2026,4,16,0,Tuyên Quang,Xã Pờ Ly Ngài,22.7046941,104.6251855,163.0,Unhealthy,3,22.8,92,0.0,4.4,125,917.6,100,77.3,82.2,381.0,9.3,168.0,13.9
2026-04-16 00:00:00,2026,4,16,0,Tuyên Quang,Xã Pờ Ly Ngài,22.7046941,104.6251855,157.0,Unhealthy,3,22.9,93,0.0,2.1,149,917.5,64,70.1,74.7,381.0,8.3,168.0,13.3
2026-04-16 01:00:00,2026,4,16,1,Tuyên Quang,Xã Pờ Ly Ngài,22.7046941,104.6251855,162.0,Unhealthy,3,22.2,93,1.5,2.5,82,917.7,100,80.3,85.0,393.0,9.0,173.0,14.6
2026-04-16 01:00:00,2026,4,16,1,Tuyên Quang,Xã Pờ Ly Ngài,22.7046941,104.6251855,157.0,Unhealthy,3,22.5,95,0.0,2.9,210,917.5,100,71.5,75.9,393.0,7.7,176.0,14.4
2026-04-16 02:00:00,2026,4,16,2,Tuyên Quang,Xã Pờ Ly Ngài,22.7046941,104.6251855,162.0,Unhealthy,3,21.7,95,0.0,1.1,342,917.4,100,82.4,86.8,401.0,9.1,170.0,14.3
2026-04-16 02:00:00,2026,4,16,2,Tuyên Quang,Xã Pờ Ly Ngài,22.7046941,104.6251855,157.0,Unhealthy,3,22.0,96,0.0,2.0,135,917.0,80,73.3,77.8,401.0,8.4,172.0,15.2
2026-04-16 03:00:00,2026,4,16,3,Tuyên Quang,Xã Pờ Ly Ngài,22.7046941,104.6251855,157.0,Unhealthy,3,21.8,97,0.0,0.5,135,916.8,67,74.7,78.9,407.0,9.7,163.0,15.7
2026-04-16 03:00:00,2026,4,16,3,Tuyên Quang,Xã Pờ Ly Ngài,22.7046941,104.6251855,161.0,Unhealthy,3,21.4,97,0.0,1.8,217,917.3,100,83.8,88.0,407.0,9.4,164.0,13.4
2026-04-16 04:00:00,2026,4,16,4,Tuyên Quang,Xã Pờ Ly Ngài,22.7046941,104.6251855,157.0,Unhealthy,3,21.6,97,0.0,0.4,90,917.0,81,76.4,80.6,411.0,10.1,157.0,15.1
2026-04-16 04:00:00,2026,4,16,4,Tuyên Quang,Xã Pờ Ly Ngài,22.7046941,104.6251855,161.0,Unhealthy,3,21.3,97,0.0,1.8,37,917.3,71,91.0,95.0,411.0,9.1,160.0,12.0
2026-04-16 05:00:00,2026,4,16,5,Tuyên Quang,Xã Pờ Ly Ngài,22.7046941,104.6251855,157.0,Unhealthy,3,21.5,98,0.0,1.3,34,917.5,72,79.9,84.1,414.0,8.8,156.0,12.5
2026-04-16 05:00:00,2026,4,16,5,Tuyên Quang,Xã Pờ Ly Ngài,22.7046941,104.6251855,161.0,Unhealthy,3,21.1,98,0.0,2.1,59,917.6,74,102.2,106.2,414.0,7.7,160.0,9.9
2026-04-16 06:00:00,2026,4,16,6,Tuyên Quang,Xã Pờ Ly Ngài,22.7046941,104.6251855,160.0,Unhealthy,3,21.0,99,0.0,1.4,90,918.1,71,98.0,101.3,415.0,5.8,162.0,7.4
2026-04-16 06:00:00,2026,4,16,6,Tuyên Quang,Xã Pờ Ly Ngài,22.7046941,104.6251855,156.0,Unhealthy,3,21.5,98,0.0,1.1,108,918.2,85,85.2,88.9,415.0,6.5,157.0,8.7
2026-04-16 07:00:00,2026,4,16,7,Tuyên Quang,Xã Pờ Ly Ngài,22.7046941,104.6251855,156.0,Unhealthy,3,22.2,97,0.0,2.3,129,919.0,91,85.7,88.9,413.0,4.6,162.0,6.0
2026-04-16 07:00:00,2026,4,16,7,Tuyên Quang,Xã Pờ Ly Ngài,22.7046941,104.6251855,160.0,Unhealthy,3,21.7,97,0.0,1.5,194,919.2,85,84.8,87.8,413.0,4.2,167.0,5.7
2026-04-16 08:00:00,2026,4,16,8,Tuyên Quang,Xã Pờ Ly Ngài,22.7046941,104.6251855,156.0,Unhealthy,3,24.0,87,0.0,3.2,180,920.1,59,71.2,74.5,406.0,3.3,174.0,5.3
2026-04-16 08:00:00,2026,4,16,8,Tuyên Quang,Xã Pờ Ly Ngài,22.7046941,104.6251855,160.0,Unhealthy,3,23.7,87,0.0,3.4,198,920.5,63,76.8,79.6,406.0,3.1,180.0,5.6
2026-04-16 09:00:00,2026,4,16,9,Tuyên Quang,Xã Pờ Ly Ngài,22.7046941,104.6251855,156.0,Unhealthy,3,25.2,77,0.3,7.7,229,920.9,49,62.4,66.4,396.0,2.2,189.0,5.5
2026-04-16 09:00:00,2026,4,16,9,Tuyên Quang,Xã Pờ Ly Ngài,22.7046941,104.6251855,159.0,Unhealthy,3,25.5,78,0.0,5.3,242,921.3,52,68.9,72.9,396.0,2.3,196.0,6.2
2026-04-16 10:00:00,2026,4,16,10,Tuyên Quang,Xã Pờ Ly Ngài,22.7046941,104.6251855,159.0,Unhealthy,3,27.4,66,0.0,6.1,220,921.3,65,65.7,70.8,383.0,1.7,206.0,6.6
2026-04-16 10:00:00,2026,4,16,10,Tuyên Quang,Xã Pờ Ly Ngài,22.7046941,104.6251855,155.0,Unhealthy,3,27.0,68,0.0,5.1,225,921.1,47,61.5,67.3,383.0,1.5,199.0,5.7
2026-04-16 11:00:00,2026,4,16,11,Tuyên Quang,Xã Pờ Ly Ngài,22.7046941,104.6251855,160.0,Unhealthy,3,29.1,59,0.0,6.4,207,920.9,36,61.7,67.5,365.0,1.4,204.0,6.2
2026-04-16 11:00:00,2026,4,16,11,Tuyên Quang,Xã Pờ Ly Ngài,22.7046941,104.6251855,155.0,Unhealthy,3,29.2,58,0.0,7.4,203,920.6,38,58.2,65.0,365.0,1.2,198.0,5.3
2026-04-16 12:00:00,2026,4,16,12,Tuyên Quang,Xã Pờ Ly Ngài,22.7046941,104.6251855,166.0,Unhealthy,3,30.3,54,0.0,8.4,205,920.1,43,56.8,63.3,344.0,1.3,196.0,5.6
2026-04-16 12:00:00,2026,4,16,12,Tuyên Quang,Xã Pờ Ly Ngài,22.7046941,104.6251855,159.0,Unhealthy,3,30.4,53,0.0,8.9,201,919.8,47,53.9,61.5,344.0,1.1,191.0,4.9
2026-04-16 13:00:00,2026,4,16,13,Tuyên Quang,Xã Pờ Ly Ngài,22.7046941,104.6251855,172.0,Unhealthy,3,31.2,51,0.0,10.0,206,919.2,81,51.7,58.9,325.0,1.3,189.0,5.0
2026-04-16 13:00:00,2026,4,16,13,Tuyên Quang,Xã Pờ Ly Ngài,22.7046941,104.6251855,165.0,Unhealthy,3,31.3,49,0.0,10.6,208,918.8,43,49.7,57.9,325.0,1.2,184.0,4.5
2026-04-16 14:00:00,2026,4,16,14,Tuyên Quang,Xã Pờ Ly Ngài,22.7046941,104.6251855,169.0,Unhealthy,3,31.7,46,0.0,12.4,216,917.9,41,45.5,54.0,311.0,1.0,180.0,4.1
2026-04-16 14:00:00,2026,4,16,14,Tuyên Quang,Xã Pờ Ly Ngài,22.7046941,104.6251855,177.0,Unhealthy,3,31.3,47,0.1,12.1,210,918.4,18,48.3,55.6,311.0,1.1,186.0,4.6
2026-04-16 15:00:00,2026,4,16,15,Tuyên Quang,Xã Pờ Ly Ngài,22.7046941,104.6251855,180.0,Unhealthy,3,30.5,52,0.2,11.7,214,917.9,75,46.2,53.3,299.0,1.0,184.0,4.4
2026-04-16 15:00:00,2026,4,16,15,Tuyên Quang,Xã Pờ Ly Ngài,22.7046941,104.6251855,173.0,Unhealthy,3,30.9,52,0.1,12.0,221,917.2,35,43.1,51.5,299.0,0.9,176.0,3.8
2026-04-16 16:00:00,2026,4,16,16,Tuyên Quang,Xã Pờ Ly Ngài,22.7046941,104.6251855,183.0,Unhealthy,3,29.4,59,0.5,7.8,202,917.3,80,44.4,51.1,292.0,1.8,179.0,4.4
2026-04-16 16:00:00,2026,4,16,16,Tuyên Quang,Xã Pờ Ly Ngài,22.7046941,104.6251855,175.0,Unhealthy,3,29.1,61,0.9,11.7,214,917.1,100,42.1,49.4,292.0,1.8,170.0,3.9
2026-04-16 17:00:00,2026,4,16,17,Tuyên Quang,Xã Pờ Ly Ngài,22.7046941,104.6251855,183.0,Unhealthy,3,29.1,59,0.1,4.7,203,917.2,14,45.3,51.9,292.0,4.2,168.0,4.9
2026-04-16 17:00:00,2026,4,16,17,Tuyên Quang,Xã Pờ Ly Ngài,22.7046941,104.6251855,175.0,Unhealthy,3,28.9,62,0.0,5.9,191,916.8,9,43.9,50.8,292.0,4.5,160.0,4.5
2026-04-16 18:00:00,2026,4,16,18,Tuyên Quang,Xã Pờ Ly Ngài,22.7046941,104.6251855,170.0,Unhealthy,3,27.8,67,0.0,7.2,162,917.0,14,46.3,52.5,296.0,8.2,148.0,5.5
2026-04-16 18:00:00,2026,4,16,18,Tuyên Quang,Xã Pờ Ly Ngài,22.7046941,104.6251855,179.0,Unhealthy,3,28.2,63,0.0,8.6,178,917.6,30,47.6,53.4,296.0,7.4,155.0,5.6
2026-04-16 19:00:00,2026,4,16,19,Tuyên Quang,Xã Pờ Ly Ngài,22.7046941,104.6251855,162.0,Unhealthy,3,26.4,76,0.0,2.3,252,917.9,35,49.4,55.2,303.0,11.1,138.0,6.4
2026-04-16 19:00:00,2026,4,16,19,Tuyên Quang,Xã Pờ Ly Ngài,22.7046941,104.6251855,170.0,Unhealthy,3,26.3,73,0.0,5.8,176,918.0,23,50.1,55.8,303.0,9.9,144.0,6.4
2026-04-16 20:00:00,2026,4,16,20,Tuyên Quang,Xã Pờ Ly Ngài,22.7046941,104.6251855,153.0,Unhealthy,3,25.4,81,0.0,3.3,167,918.3,30,51.7,57.3,314.0,12.6,133.0,7.3
2026-04-16 20:00:00,2026,4,16,20,Tuyên Quang,Xã Pờ Ly Ngài,22.7046941,104.6251855,161.0,Unhealthy,3,25.1,81,0.0,4.7,157,918.6,22,52.3,57.9,314.0,11.3,138.0,7.2
2026-04-16 21:00:00,2026,4,16,21,Tuyên Quang,Xã Pờ Ly Ngài,22.7046941,104.6251855,156.0,Unhealthy,3,24.2,86,0.0,3.5,156,919.2,31,54.1,59.6,328.0,12.1,135.0,8.0
2026-04-16 21:00:00,2026,4,16,21,Tuyên Quang,Xã Pờ Ly Ngài,22.7046941,104.6251855,153.0,Unhealthy,3,24.6,85,0.0,2.9,150,919.1,41,53.7,59.1,328.0,13.2,131.0,8.2
2026-04-16 22:00:00,2026,4,16,22,Tuyên Quang,Xã Pờ Ly Ngài,22.7046941,104.6251855,153.0,Unhealthy,3,24.0,88,0.0,2.9,150,919.5,48,56.3,61.7,336.0,12.8,130.0,8.5
2026-04-16 22:00:00,2026,4,16,22,Tuyên Quang,Xã Pờ Ly Ngài,22.7046941,104.6251855,156.0,Unhealthy,3,23.6,89,0.0,3.1,144,919.5,41,55.9,61.2,336.0,12.1,133.0,8.4
2026-04-16 23:00:00,2026,4,16,23,Tuyên Quang,Xã Pờ Ly Ngài,22.7046941,104.6251855,156.0,Unhealthy,3,23.2,91,0.0,2.6,124,919.5,51,59.1,64.3,334.0,10.9,134.0,8.3
2026-04-16 23:00:00,2026,4,16,23,Tuyên Quang,Xã Pờ Ly Ngài,22.7046941,104.6251855,153.0,Unhealthy,3,23.5,90,0.0,1.6,117,919.4,59,59.1,64.5,334.0,10.9,132.0,7.7
2026-04-17 00:00:00,2026,4,17,0,Tuyên Quang,Xã Pờ Ly Ngài,22.7046941,104.6251855,156.0,Unhealthy,3,23.1,91,0.0,1.8,143,919.6,66,61.7,66.8,326.0,9.0,137.0,7.9
2026-04-17 00:00:00,2026,4,17,0,Tuyên Quang,Xã Pờ Ly Ngài,22.7046941,104.6251855,153.0,Unhealthy,3,23.2,91,0.0,1.8,53,919.2,80,53.0,59.8,326.0,8.0,136.0,6.3
2026-04-17 01:00:00,2026,4,17,1,Tuyên Quang,Xã Pờ Ly Ngài,22.7046941,104.6251855,153.0,Unhealthy,3,22.8,93,0.0,3.4,122,919.1,100,48.2,55.2,318.0,5.7,137.0,4.9
2026-04-17 01:00:00,2026,4,17,1,Tuyên Quang,Xã Pờ Ly Ngài,22.7046941,104.6251855,155.0,Unhealthy,3,22.7,93,0.0,2.7,113,919.3,75,61.5,66.1,318.0,7.3,137.0,7.1
2026-04-17 02:00:00,2026,4,17,2,Tuyên Quang,Xã Pờ Ly Ngài,22.7046941,104.6251855,155.0,Unhealthy,3,22.4,95,0.0,2.3,198,919.0,100,56.1,60.3,309.0,6.1,132.0,5.8
2026-04-17 02:00:00,2026,4,17,2,Tuyên Quang,Xã Pờ Ly Ngài,22.7046941,104.6251855,152.0,Unhealthy,3,22.4,95,0.0,1.0,135,918.8,100,30.7,34.2,309.0,4.6,134.0,3.7
2026-04-17 03:00:00,2026,4,17,3,Tuyên Quang,Xã Pờ Ly Ngài,22.7046941,104.6251855,154.0,Unhealthy,3,22.1,96,0.0,4.7,293,918.8,100,50.8,54.6,300.0,5.1,125.0,4.1
2026-04-17 03:00:00,2026,4,17,3,Tuyên Quang,Xã Pờ Ly Ngài,22.7046941,104.6251855,151.0,Unhealthy,3,22.0,96,0.0,2.3,288,918.3,100,26.4,29.6,300.0,4.2,128.0,2.7
2026-04-17 04:00:00,2026,4,17,4,Tuyên Quang,Xã Pờ Ly Ngài,22.7046941,104.6251855,153.0,Unhealthy,3,22.1,94,0.1,3.3,257,918.4,87,43.7,47.0,292.0,4.5,118.0,2.8
2026-04-17 04:00:00,2026,4,17,4,Tuyên Quang,Xã Pờ Ly Ngài,22.7046941,104.6251855,150.0,Unhealthy for Sensitive Groups,2,21.7,96,0.0,3.9,304,918.2,100,25.1,29.0,292.0,4.0,122.0,1.9
2026-04-17 05:00:00,2026,4,17,5,Tuyên Quang,Xã Pờ Ly Ngài,22.7046941,104.6251855,145.0,Unhealthy for Sensitive Groups,2,21.5,94,1.3,4.8,347,918.7,98,25.6,30.2,288.0,4.3,112.0,1.7
2026-04-17 05:00:00,2026,4,17,5,Tuyên Quang,Xã Pờ Ly Ngài,22.7046941,104.6251855,152.0,Unhealthy,3,21.8,96,0.0,3.8,343,918.9,70,38.4,42.1,288.0,4.7,110.0,2.3
2026-04-17 06:00:00,2026,4,17,6,Tuyên Quang,Xã Pờ Ly Ngài,22.7046941,104.6251855,139.0,Unhealthy for Sensitive Groups,2,21.4,90,1.3,7.8,22,919.7,96,25.0,29.9,286.0,4.9,102.0,1.8
2026-04-17 06:00:00,2026,4,17,6,Tuyên Quang,Xã Pờ Ly Ngài,22.7046941,104.6251855,151.0,Unhealthy,3,21.7,92,1.0,7.5,35,919.9,84,35.3,39.2,286.0,5.2,101.0,2.1
2026-04-17 07:00:00,2026,4,17,7,Tuyên Quang,Xã Pờ Ly Ngài,22.7046941,104.6251855,148.0,Unhealthy for Sensitive Groups,2,22.3,83,1.4,5.5,32,921.0,90,31.2,35.0,284.0,5.3,99.0,2.0
2026-04-17 07:00:00,2026,4,17,7,Tuyên Quang,Xã Pờ Ly Ngài,22.7046941,104.6251855,133.0,Unhealthy for Sensitive Groups,2,21.6,86,1.3,9.8,36,920.7,94,23.5,28.0,284.0,5.0,98.0,1.9
2026-04-17 08:00:00,2026,4,17,8,Tuyên Quang,Xã Pờ Ly Ngài,22.7046941,104.6251855,143.0,Unhealthy for Sensitive Groups,2,22.7,82,1.1,5.4,48,921.7,93,24.1,27.5,282.0,4.3,107.0,1.8
2026-04-17 08:00:00,2026,4,17,8,Tuyên Quang,Xã Pờ Ly Ngài,22.7046941,104.6251855,126.0,Unhealthy for Sensitive Groups,2,22.3,82,0.7,7.9,47,921.5,91,20.4,24.8,282.0,4.1,108.0,1.8
2026-04-17 09:00:00,2026,4,17,9,Tuyên Quang,Xã Pờ Ly Ngài,22.7046941,104.6251855,121.0,Unhealthy for Sensitive Groups,2,23.2,78,0.7,4.9,73,922.3,89,17.4,21.6,281.0,2.6,125.0,1.6
2026-04-17 09:00:00,2026,4,17,9,Tuyên Quang,Xã Pờ Ly Ngài,22.7046941,104.6251855,137.0,Unhealthy for Sensitive Groups,2,23.2,81,1.1,4.8,77,922.4,97,18.2,21.4,281.0,2.8,122.0,1.7
2026-04-17 10:00:00,2026,4,17,10,Tuyên Quang,Xã Pờ Ly Ngài,22.7046941,104.6251855,132.0,Unhealthy for Sensitive Groups,2,23.7,81,1.1,4.8,103,922.8,100,15.2,18.5,281.0,1.7,133.0,1.6
2026-04-17 10:00:00,2026,4,17,10,Tuyên Quang,Xã Pờ Ly Ngài,22.7046941,104.6251855,116.0,Unhealthy for Sensitive Groups,2,24.2,75,0.7,4.5,119,922.6,86,15.8,19.9,281.0,1.6,137.0,1.4
2026-04-17 11:00:00,2026,4,17,11,Tuyên Quang,Xã Pờ Ly Ngài,22.7046941,104.6251855,112.0,Unhealthy for Sensitive Groups,2,25.2,72,0.1,5.4,138,922.4,83,14.4,18.3,282.0,1.4,138.0,1.3
2026-04-17 11:00:00,2026,4,17,11,Tuyên Quang,Xã Pờ Ly Ngài,22.7046941,104.6251855,127.0,Unhealthy for Sensitive Groups,2,24.2,80,1.0,4.9,126,922.5,100,12.9,16.0,282.0,1.2,138.0,1.4
2026-04-17 12:00:00,2026,4,17,12,Tuyên Quang,Xã Pờ Ly Ngài,22.7046941,104.6251855,107.0,Unhealthy for Sensitive Groups,2,26.2,68,0.1,6.2,144,921.8,79,13.8,17.5,285.0,1.6,134.0,1.2
2026-04-17 12:00:00,2026,4,17,12,Tuyên Quang,Xã Pờ Ly Ngài,22.7046941,104.6251855,122.0,Unhealthy for Sensitive Groups,2,24.8,79,1.0,6.0,147,922.1,100,12.3,16.2,285.0,1.0,140.0,1.2
2026-04-17 13:00:00,2026,4,17,13,Tuyên Quang,Xã Pờ Ly Ngài,22.7046941,104.6251855,103.0,Unhealthy for Sensitive Groups,2,26.7,67,0.1,6.7,144,921.2,76,14.3,18.0,285.0,1.7,131.0,1.2
2026-04-17 13:00:00,2026,4,17,13,Tuyên Quang,Xã Pờ Ly Ngài,22.7046941,104.6251855,117.0,Unhealthy for Sensitive Groups,2,25.1,78,1.0,6.6,158,921.4,100,13.0,17.1,285.0,1.0,140.0,1.1
2026-04-17 14:00:00,2026,4,17,14,Tuyên Quang,Xã Pờ Ly Ngài,22.7046941,104.6251855,99.0,Moderate,1,26.5,69,0.6,7.1,139,920.5,67,14.1,17.5,282.0,1.4,134.0,1.1
2026-04-17 14:00:00,2026,4,17,14,Tuyên Quang,Xã Pờ Ly Ngài,22.7046941,104.6251855,113.0,Unhealthy for Sensitive Groups,2,25.3,76,0.3,6.8,155,920.8,93,14.7,19.3,282.0,0.9,140.0,1.1
2026-04-17 15:00:00,2026,4,17,15,Tuyên Quang,Xã Pờ Ly Ngài,22.7046941,104.6251855,110.0,Unhealthy for Sensitive Groups,2,25.2,74,0.3,6.7,144,920.1,86,14.9,18.6,277.0,0.9,139.0,1.1
2026-04-17 15:00:00,2026,4,17,15,Tuyên Quang,Xã Pờ Ly Ngài,22.7046941,104.6251855,97.0,Moderate,1,25.8,72,0.6,7.1,131,919.8,58,11.9,14.3,277.0,1.1,137.0,1.0
2026-04-17 16:00:00,2026,4,17,16,Tuyên Quang,Xã Pờ Ly Ngài,22.7046941,104.6251855,106.0,Unhealthy for Sensitive Groups,2,25.0,73,0.3,6.6,135,919.7,79,14.3,17.5,274.0,1.9,135.0,1.4
2026-04-17 16:00:00,2026,4,17,16,Tuyên Quang,Xã Pờ Ly Ngài,22.7046941,104.6251855,94.0,Moderate,1,25.1,75,0.6,7.2,127,919.4,49,9.7,11.5,274.0,1.5,137.0,1.1
2026-04-17 17:00:00,2026,4,17,17,Tuyên Quang,Xã Pờ Ly Ngài,22.7046941,104.6251855,95.0,Moderate,1,24.5,77,0.0,7.1,131,919.5,60,9.8,11.6,275.0,3.0,128.0,1.4
2026-04-17 17:00:00,2026,4,17,17,Tuyên Quang,Xã Pờ Ly Ngài,22.7046941,104.6251855,103.0,Unhealthy for Sensitive Groups,2,24.6,74,0.0,6.6,135,919.8,77,13.9,16.8,275.0,4.4,126.0,2.0
2026-04-17 18:00:00,2026,4,17,18,Tuyên Quang,Xã Pờ Ly Ngài,22.7046941,104.6251855,100.0,Moderate,1,23.9,77,0.0,6.9,137,920.2,75,15.1,17.6,279.0,7.8,114.0,2.8
2026-04-17 18:00:00,2026,4,17,18,Tuyên Quang,Xã Pờ Ly Ngài,22.7046941,104.6251855,95.0,Moderate,1,23.7,79,0.0,6.9,141,919.9,71,11.3,13.0,279.0,5.2,116.0,1.8
2026-04-17 19:00:00,2026,4,17,19,Tuyên Quang,Xã Pờ Ly Ngài,22.7046941,104.6251855,97.0,Moderate,1,23.2,80,0.0,6.6,139,920.6,73,17.4,20.1,284.0,11.1,104.0,3.7
2026-04-17 19:00:00,2026,4,17,19,Tuyên Quang,Xã Pờ Ly Ngài,22.7046941,104.6251855,91.0,Moderate,1,23.1,81,0.0,6.8,148,920.4,82,13.1,14.8,284.0,7.7,104.0,2.5
2026-04-17 20:00:00,2026,4,17,20,Tuyên Quang,Xã Pờ Ly Ngài,22.7046941,104.6251855,94.0,Moderate,1,22.6,83,0.1,6.4,142,921.1,78,20.1,22.9,292.0,14.2,97.0,4.9
2026-04-17 20:00:00,2026,4,17,20,Tuyên Quang,Xã Pờ Ly Ngài,22.7046941,104.6251855,84.0,Moderate,1,22.5,84,0.0,6.6,151,921.0,86,15.3,17.1,292.0,10.9,96.0,3.8
2026-04-17 21:00:00,2026,4,17,21,Tuyên Quang,Xã Pờ Ly Ngài,22.7046941,104.6251855,91.0,Moderate,1,22.0,86,0.1,5.7,145,921.6,84,22.6,25.4,303.0,17.2,91.0,6.3
2026-04-17 21:00:00,2026,4,17,21,Tuyên Quang,Xã Pờ Ly Ngài,22.7046941,104.6251855,78.0,Moderate,1,22.0,88,0.0,6.3,149,921.6,90,16.8,18.7,303.0,14.5,89.0,5.2
2026-04-17 22:00:00,2026,4,17,22,Tuyên Quang,Xã Pờ Ly Ngài,22.7046941,104.6251855,89.0,Moderate,1,21.4,89,0.1,5.2,146,921.8,89,24.3,27.2,312.0,19.2,87.0,7.3
2026-04-17 22:00:00,2026,4,17,22,Tuyên Quang,Xã Pờ Ly Ngài,22.7046941,104.6251855,75.0,Moderate,1,21.6,91,0.0,5.7,145,922.0,94,18.9,20.8,312.0,17.0,83.0,5.9
2026-04-17 23:00:00,2026,4,17,23,Tuyên Quang,Xã Pờ Ly Ngài,22.7046941,104.6251855,86.0,Moderate,1,21.0,91,0.0,4.7,148,921.6,87,25.5,28.4,319.0,19.8,84.0,7.5
2026-04-17 23:00:00,2026,4,17,23,Tuyên Quang,Xã Pờ Ly Ngài,22.7046941,104.6251855,72.0,Moderate,1,21.3,93,0.0,5.1,141,921.8,94,21.2,23.2,319.0,17.8,77.0,5.0
2026-04-18 00:00:00,2026,4,18,0,Tuyên Quang,Xã Pờ Ly Ngài,22.7046941,104.6251855,83.0,Moderate,1,20.8,92,0.0,4.4,145,921.3,85,26.1,29.0,325.0,19.3,83.0,7.3
2026-04-18 00:00:00,2026,4,18,0,Tuyên Quang,Xã Pờ Ly Ngài,22.7046941,104.6251855,68.0,Moderate,1,21.1,93,0.0,4.3,132,921.3,94,28.2,30.3,325.0,17.6,73.0,3.4
2026-04-18 01:00:00,2026,4,18,1,Tuyên Quang,Xã Pờ Ly Ngài,22.7046941,104.6251855,80.0,Moderate,1,20.5,93,0.0,4.1,142,920.8,83,27.4,30.4,330.0,18.2,83.0,7.0
2026-04-18 01:00:00,2026,4,18,1,Tuyên Quang,Xã Pờ Ly Ngài,22.7046941,104.6251855,66.0,Moderate,1,21.0,94,0.0,3.9,124,920.9,94,28.8,30.9,330.0,16.4,71.0,2.1
2026-04-18 02:00:00,2026,4,18,2,Tuyên Quang,Xã Pờ Ly Ngài,22.7046941,104.6251855,64.0,Moderate,1,20.8,95,0.0,3.7,119,920.5,95,25.8,27.9,333.0,13.8,75.0,1.7
2026-04-18 02:00:00,2026,4,18,2,Tuyên Quang,Xã Pờ Ly Ngài,22.7046941,104.6251855,77.0,Moderate,1,20.3,94,0.0,3.8,139,920.5,86,27.0,30.0,333.0,16.3,84.0,6.6
2026-04-18 03:00:00,2026,4,18,3,Tuyên Quang,Xã Pờ Ly Ngài,22.7046941,104.6251855,64.0,Moderate,1,20.7,96,0.0,3.7,119,920.1,95,20.9,22.9,334.0,10.4,82.0,1.7
2026-04-18 03:00:00,2026,4,18,3,Tuyên Quang,Xã Pờ Ly Ngài,22.7046941,104.6251855,74.0,Moderate,1,20.2,95,0.0,3.3,139,920.2,90,26.8,29.8,334.0,13.7,86.0,6.0
2026-04-18 04:00:00,2026,4,18,4,Tuyên Quang,Xã Pờ Ly Ngài,22.7046941,104.6251855,64.0,Moderate,1,20.6,96,0.0,3.4,122,920.0,96,20.1,22.0,334.0,7.7,88.0,1.8
2026-04-18 04:00:00,2026,4,18,4,Tuyên Quang,Xã Pờ Ly Ngài,22.7046941,104.6251855,72.0,Moderate,1,20.1,95,0.0,3.1,135,920.2,93,26.5,29.5,334.0,11.2,90.0,5.5
2026-04-18 05:00:00,2026,4,18,5,Tuyên Quang,Xã Pờ Ly Ngài,22.7046941,104.6251855,70.0,Moderate,1,20.0,96,0.0,2.8,140,920.5,91,26.7,29.4,332.0,9.2,96.0,5.1
2026-04-18 05:00:00,2026,4,18,5,Tuyên Quang,Xã Pờ Ly Ngài,22.7046941,104.6251855,63.0,Moderate,1,20.5,96,0.0,3.6,135,920.4,94,18.7,20.4,332.0,6.5,93.0,2.0
2026-04-18 06:00:00,2026,4,18,6,Tuyên Quang,Xã Pờ Ly Ngài,22.7046941,104.6251855,63.0,Moderate,1,20.4,96,0.0,3.9,146,921.0,92,18.0,19.6,328.0,6.1,98.0,2.4
2026-04-18 06:00:00,2026,4,18,6,Tuyên Quang,Xã Pờ Ly Ngài,22.7046941,104.6251855,69.0,Moderate,1,19.8,96,0.0,2.9,150,921.1,90,27.6,30.3,328.0,7.3,104.0,4.9
2026-04-18 07:00:00,2026,4,18,7,Tuyên Quang,Xã Pờ Ly Ngài,22.7046941,104.6251855,62.0,Moderate,1,20.7,94,0.0,4.7,157,921.5,90,17.6,18.9,326.0,5.9,101.0,2.6
2026-04-18 07:00:00,2026,4,18,7,Tuyên Quang,Xã Pờ Ly Ngài,22.7046941,104.6251855,69.0,Moderate,1,20.2,95,0.0,3.4,162,921.6,88,26.4,28.4,355.5,5.6,113.0,4.8
2026-04-18 08:00:00,2026,4,18,8,Tuyên Quang,Xã Pờ Ly Ngài,22.7046941,104.6251855,61.0,Moderate,1,21.7,89,0.1,5.9,169,922.2,86,25.15,26.95,325.0,4.75,118.0,4.949999999999999
2026-04-18 08:00:00,2026,4,18,8,Tuyên Quang,Xã Pờ Ly Ngài,22.7046941,104.6251855,68.0,Moderate,1,21.3,90,0.0,4.7,171,922.2,84,23.9,25.5,373.0,3.9,123.0,5.1
2026-04-18 09:00:00,2026,4,18,9,Tuyên Quang,Xã Pờ Ly Ngài,22.7046941,104.6251855,68.0,Moderate,1,23.0,81,0.1,7.6,180,922.7,81,22.7,24.3,326.0,3.2,128.0,5.4
2026-04-18 09:00:00,2026,4,18,9,Tuyên Quang,Xã Pờ Ly Ngài,22.7046941,104.6251855,68.0,Moderate,1,22.9,83,0.0,6.8,180,922.9,81,21.5,23.1,379.2,2.5,133.0,5.7
2026-04-18 10:00:00,2026,4,18,10,Tuyên Quang,Xã Pờ Ly Ngài,22.7046941,104.6251855,68.0,Moderate,1,24.3,75,0.1,9.0,182,922.9,77,20.95,22.85,378.6,1.95,136.5,5.7
2026-04-18 10:00:00,2026,4,18,10,Tuyên Quang,Xã Pờ Ly Ngài,22.7046941,104.6251855,68.0,Moderate,1,24.4,76,0.0,8.3,182,923.0,77,20.4,22.6,378.0,1.4,140.0,5.7
2026-04-18 11:00:00,2026,4,18,11,Tuyên Quang,Xã Pờ Ly Ngài,22.7046941,104.6251855,68.5,Moderate,1,25.4,70,0.0,9.7,182,922.4,74,20.7,23.15,372.0,1.2,141.5,5.2
2026-04-18 11:00:00,2026,4,18,11,Tuyên Quang,Xã Pờ Ly Ngài,22.7046941,104.6251855,69.0,Moderate,1,25.7,70,0.0,9.4,184,922.5,71,21.0,23.7,366.0,1.0,143.0,4.7
2026-04-18 12:00:00,2026,4,18,12,Tuyên Quang,Xã Pờ Ly Ngài,22.7046941,104.6251855,69.5,Moderate,1,26.5,66,0.0,10.1,178,921.7,71,22.0,25.0,362.0,1.05,143.5,3.95
2026-04-18 12:00:00,2026,4,18,12,Tuyên Quang,Xã Pờ Ly Ngài,22.7046941,104.6251855,70.0,Moderate,1,27.0,65,0.0,9.7,184,921.7,66,23.0,26.3,358.0,1.1,144.0,3.2
2026-04-18 13:00:00,2026,4,18,13,Tuyên Quang,Xã Pờ Ly Ngài,22.7046941,104.6251855,78.0,Moderate,1,27.9,61,0.0,10.1,182,920.8,60,23.9,28.2,352.0,1.2,144.0,2.2
2026-04-18 13:00:00,2026,4,18,13,Tuyên Quang,Xã Pờ Ly Ngài,22.7046941,104.6251855,83.5,Moderate,1,27.2,63,0.0,10.1,176,920.8,68,23.7,28.1,347.5,1.15,144.5,2.25
2026-04-18 14:00:00,2026,4,18,14,Tuyên Quang,Xã Pờ Ly Ngài,22.7046941,104.6251855,89.0,Moderate,1,28.2,59,0.0,10.1,178,919.9,58,23.5,28.0,343.0,1.1,145.0,2.3
2026-04-18 14:00:00,2026,4,18,14,Tuyên Quang,Xã Pờ Ly Ngài,22.7046941,104.6251855,91.66666666666667,Moderate,1,27.5,62,0.0,9.8,174,919.9,70,23.266666666666666,27.466666666666665,340.6666666666667,1.0666666666666667,145.33333333333334,2.4666666666666663
2026-04-18 15:00:00,2026,4,18,15,Tuyên Quang,Xã Pờ Ly Ngài,22.7046941,104.6251855,94.33333333333333,Moderate,1,27.4,61,0.0,9.5,169,919.0,71,23.033333333333335,26.933333333333334,338.3333333333333,1.0333333333333334,145.66666666666666,2.6333333333333333
2026-04-18 15:00:00,2026,4,18,15,Tuyên Quang,Xã Pờ Ly Ngài,22.7046941,104.6251855,97.0,Moderate,1,28.1,59,0.0,10.1,174,919.0,57,22.8,26.4,336.0,1.0,146.0,2.8
2026-04-18 16:00:00,2026,4,18,16,Tuyên Quang,Xã Pờ Ly Ngài,22.7046941,104.6251855,100.5,Unhealthy for Sensitive Groups,2,27.0,63,0.0,9.3,167,918.5,73,22.3,25.549999999999997,336.0,1.25,144.5,3.0999999999999996
2026-04-18 16:00:00,2026,4,18,16,Tuyên Quang,Xã Pờ Ly Ngài,22.7046941,104.6251855,104.0,Unhealthy for Sensitive Groups,2,27.7,61,0.0,10.0,167,918.5,55,21.8,24.7,336.0,1.5,143.0,3.4
2026-04-18 17:00:00,2026,4,18,17,Tuyên Quang,Xã Pờ Ly Ngài,22.7046941,104.6251855,109.0,Unhealthy for Sensitive Groups,2,26.6,66,0.0,9.6,160,918.6,62,22.5,25.7,351.0,3.3,131.0,3.8
2026-04-18 17:00:00,2026,4,18,17,Tuyên Quang,Xã Pờ Ly Ngài,22.7046941,104.6251855,108.5,Unhealthy for Sensitive Groups,2,26.1,67,0.0,9.0,164,918.6,75,23.25,26.299999999999997,362.0,4.5,123.0,3.9499999999999997
2026-04-18 18:00:00,2026,4,18,18,Tuyên Quang,Xã Pờ Ly Ngài,22.7046941,104.6251855,108.0,Unhealthy for Sensitive Groups,2,25.1,73,0.0,8.9,153,918.9,70,24.0,26.9,373.0,5.7,115.0,4.1
2026-04-18 18:00:00,2026,4,18,18,Tuyên Quang,Xã Pờ Ly Ngài,22.7046941,104.6251855,105.5,Unhealthy for Sensitive Groups,2,25.0,73,0.0,8.9,159,919.0,78,24.45,27.1,381.0,6.6,109.0,4.199999999999999
2026-04-18 19:00:00,2026,4,18,19,Tuyên Quang,Xã Pờ Ly Ngài,22.7046941,104.6251855,103.0,Unhealthy for Sensitive Groups,2,23.9,79,0.0,8.4,149,919.4,77,24.9,27.3,389.0,7.5,103.0,4.3
2026-04-18 19:00:00,2026,4,18,19,Tuyên Quang,Xã Pờ Ly Ngài,22.7046941,104.6251855,98.5,Moderate,1,23.9,78,0.0,8.4,160,919.5,80,24.9,27.3,389.0,7.5,103.0,4.3
2026-04-18 20:00:00,2026,4,18,20,Tuyên Quang,Xã Pờ Ly Ngài,22.7046941,104.6251855,94.0,Moderate,1,23.2,83,0.0,7.7,152,919.9,85,24.9,27.3,389.0,7.5,103.0,4.3
2026-04-18 20:00:00,2026,4,18,20,Tuyên Quang,Xã Pờ Ly Ngài,22.7046941,104.6251855,94.0,Moderate,1,23.1,83,0.4,7.3,171,920.1,87,24.9,27.3,389.0,7.5,103.0,4.3
2026-04-18 21:00:00,2026,4,18,21,Tuyên Quang,Xã Pờ Ly Ngài,22.7046941,104.6251855,94.0,Moderate,1,22.4,87,0.4,6.6,189,920.6,93,24.9,27.3,389.0,7.5,103.0,4.3
2026-04-18 21:00:00,2026,4,18,21,Tuyên Quang,Xã Pờ Ly Ngài,22.7046941,104.6251855,94.0,Moderate,1,22.8,86,0.0,6.8,162,920.6,92,24.9,27.3,389.0,7.5,103.0,4.3
2026-04-18 22:00:00,2026,4,18,22,Tuyên Quang,Xã Pờ Ly Ngài,22.7046941,104.6251855,94.0,Moderate,1,21.8,90,0.4,6.3,204,920.9,100,24.9,27.3,389.0,7.5,103.0,4.3
2026-04-18 22:00:00,2026,4,18,22,Tuyên Quang,Xã Pờ Ly Ngài,22.7046941,104.6251855,94.0,Moderate,1,22.3,89,0.0,6.3,167,920.9,100,24.9,27.3,389.0,7.5,103.0,4.3
2026-04-18 23:00:00,2026,4,18,23,Tuyên Quang,Xã Pờ Ly Ngài,22.7046941,104.6251855,94.0,Moderate,1,21.4,92,0.0,5.2,196,920.6,100,24.9,27.3,389.0,7.5,103.0,4.3
2026-04-18 23:00:00,2026,4,18,23,Tuyên Quang,Xã Pờ Ly Ngài,22.7046941,104.6251855,94.0,Moderate,1,21.7,91,0.4,5.2,164,920.6,100,24.9,27.3,389.0,7.5,103.0,4.3
2026-04-19 00:00:00,2026,4,19,0,Tuyên Quang,Xã Pờ Ly Ngài,22.7046941,104.6251855,94.0,Moderate,1,21.1,92,0.4,4.5,151,920.1,100,24.9,27.3,389.0,7.5,103.0,4.3
2026-04-19 00:00:00,2026,4,19,0,Tuyên Quang,Xã Pờ Ly Ngài,22.7046941,104.6251855,94.0,Moderate,1,21.1,93,0.0,4.7,176,920.0,100,24.9,27.3,389.0,7.5,103.0,4.3
2026-04-19 01:00:00,2026,4,19,1,Tuyên Quang,Xã Pờ Ly Ngài,22.7046941,104.6251855,94.0,Moderate,1,20.9,94,0.0,4.3,156,919.4,100,24.9,27.3,389.0,7.5,103.0,4.3
2026-04-19 01:00:00,2026,4,19,1,Tuyên Quang,Xã Pờ Ly Ngài,22.7046941,104.6251855,94.0,Moderate,1,20.7,93,0.4,4.1,142,919.7,100,24.9,27.3,389.0,7.5,103.0,4.3
2026-04-19 02:00:00,2026,4,19,2,Tuyên Quang,Xã Pờ Ly Ngài,22.7046941,104.6251855,94.0,Moderate,1,20.5,95,0.7,3.7,151,918.9,99,24.9,27.3,389.0,7.5,103.0,4.3
2026-04-19 03:00:00,2026,4,19,3,Tuyên Quang,Xã Pờ Ly Ngài,22.7046941,104.6251855,94.0,Moderate,1,20.2,95,0.7,2.9,150,918.5,98,24.9,27.3,389.0,7.5,103.0,4.3
2026-04-19 04:00:00,2026,4,19,4,Tuyên Quang,Xã Pờ Ly Ngài,22.7046941,104.6251855,94.0,Moderate,1,20.0,95,0.7,2.4,153,918.3,97,24.9,27.3,389.0,7.5,103.0,4.3
2026-04-19 05:00:00,2026,4,19,5,Tuyên Quang,Xã Pờ Ly Ngài,22.7046941,104.6251855,94.0,Moderate,1,20.1,95,0.0,1.9,158,918.6,96,24.9,27.3,389.0,7.5,103.0,4.3
2026-04-19 06:00:00,2026,4,19,6,Tuyên Quang,Xã Pờ Ly Ngài,22.7046941,104.6251855,94.0,Moderate,1,20.3,95,0.0,1.5,166,919.2,96,24.9,27.3,389.0,7.5,103.0,4.3
2026-04-19 07:00:00,2026,4,19,7,Tuyên Quang,Xã Pờ Ly Ngài,22.7046941,104.6251855,94.0,Moderate,1,20.8,93,0.0,1.8,180,919.7,95,24.9,27.3,389.0,7.5,103.0,4.3
2026-04-19 08:00:00,2026,4,19,8,Tuyên Quang,Xã Pờ Ly Ngài,22.7046941,104.6251855,94.0,Moderate,1,21.7,89,0.2,2.9,180,920.2,94,24.9,27.3,389.0,7.5,103.0,4.3
2026-04-19 09:00:00,2026,4,19,9,Tuyên Quang,Xã Pờ Ly Ngài,22.7046941,104.6251855,94.0,Moderate,1,22.8,85,0.2,4.7,180,920.6,92,24.9,27.3,389.0,7.5,103.0,4.3
2026-04-19 10:00:00,2026,4,19,10,Tuyên Quang,Xã Pờ Ly Ngài,22.7046941,104.6251855,94.0,Moderate,1,23.8,81,0.2,6.5,177,920.7,91,24.9,27.3,389.0,7.5,103.0,4.3
2026-04-19 11:00:00,2026,4,19,11,Tuyên Quang,Xã Pờ Ly Ngài,22.7046941,104.6251855,94.0,Moderate,1,24.4,79,0.4,8.0,172,920.3,87,24.9,27.3,389.0,7.5,103.0,4.3
2026-04-19 12:00:00,2026,4,19,12,Tuyên Quang,Xã Pờ Ly Ngài,22.7046941,104.6251855,94.0,Moderate,1,24.8,78,0.4,9.5,169,919.7,82,24.9,27.3,389.0,7.5,103.0,4.3
2026-04-19 13:00:00,2026,4,19,13,Tuyên Quang,Xã Pờ Ly Ngài,22.7046941,104.6251855,94.0,Moderate,1,25.0,77,0.4,10.4,166,919.0,78,24.9,27.3,389.0,7.5,103.0,4.3
2026-04-19 14:00:00,2026,4,19,14,Tuyên Quang,Xã Pờ Ly Ngài,22.7046941,104.6251855,94.0,Moderate,1,25.2,76,0.1,10.4,166,918.1,85,24.9,27.3,389.0,7.5,103.0,4.3
2026-04-19 15:00:00,2026,4,19,15,Tuyên Quang,Xã Pờ Ly Ngài,22.7046941,104.6251855,94.0,Moderate,1,25.2,75,0.1,9.5,169,917.1,93,24.9,27.3,389.0,7.5,103.0,4.3
2026-04-19 16:00:00,2026,4,19,16,Tuyên Quang,Xã Pờ Ly Ngài,22.7046941,104.6251855,94.0,Moderate,1,25.0,75,0.1,8.8,171,916.6,100,24.9,27.3,389.0,7.5,103.0,4.3
2026-04-19 17:00:00,2026,4,19,17,Tuyên Quang,Xã Pờ Ly Ngài,22.7046941,104.6251855,94.0,Moderate,1,24.4,78,0.0,8.0,172,916.8,100,24.9,27.3,389.0,7.5,103.0,4.3
2026-04-19 18:00:00,2026,4,19,18,Tuyên Quang,Xã Pờ Ly Ngài,22.7046941,104.6251855,94.0,Moderate,1,23.6,82,0.0,7.2,174,917.4,100,24.9,27.3,389.0,7.5,103.0,4.3
2026-04-19 19:00:00,2026,4,19,19,Tuyên Quang,Xã Pờ Ly Ngài,22.7046941,104.6251855,94.0,Moderate,1,22.8,86,0.0,6.2,173,917.9,100,24.9,27.3,389.0,7.5,103.0,4.3
2026-04-19 20:00:00,2026,4,19,20,Tuyên Quang,Xã Pờ Ly Ngài,22.7046941,104.6251855,94.0,Moderate,1,22.3,89,0.0,5.1,172,918.3,90,24.9,27.3,389.0,7.5,103.0,4.3
2026-04-19 21:00:00,2026,4,19,21,Tuyên Quang,Xã Pờ Ly Ngài,22.7046941,104.6251855,94.0,Moderate,1,21.8,92,0.0,3.7,169,918.8,81,24.9,27.3,389.0,7.5,103.0,4.3
2026-04-19 22:00:00,2026,4,19,22,Tuyên Quang,Xã Pờ Ly Ngài,22.7046941,104.6251855,94.0,Moderate,1,21.4,94,0.0,2.6,164,919.0,71,24.9,27.3,389.0,7.5,103.0,4.3
2026-04-19 23:00:00,2026,4,19,23,Tuyên Quang,Xã Pờ Ly Ngài,22.7046941,104.6251855,94.0,Moderate,1,21.1,96,0.0,1.8,169,918.9,74,24.9,27.3,389.0,7.5,103.0,4.3
2026-04-20 00:00:00,2026,4,20,0,Tuyên Quang,Xã Pờ Ly Ngài,22.7046941,104.6251855,94.0,Moderate,1,20.8,98,0.0,1.5,194,918.6,78,24.9,27.3,389.0,7.5,103.0,4.3
2026-04-20 01:00:00,2026,4,20,1,Tuyên Quang,Xã Pờ Ly Ngài,22.7046941,104.6251855,94.0,Moderate,1,20.6,99,0.0,1.6,207,918.3,81,24.9,27.3,389.0,7.5,103.0,4.3
2026-04-20 02:00:00,2026,4,20,2,Tuyên Quang,Xã Pờ Ly Ngài,22.7046941,104.6251855,94.0,Moderate,1,20.5,100,0.0,1.4,180,917.9,84,24.9,27.3,389.0,7.5,103.0,4.3
2026-04-20 03:00:00,2026,4,20,3,Tuyên Quang,Xã Pờ Ly Ngài,22.7046941,104.6251855,94.0,Moderate,1,20.4,100,0.0,1.9,158,917.4,87,24.9,27.3,389.0,7.5,103.0,4.3
2026-04-20 04:00:00,2026,4,20,4,Tuyên Quang,Xã Pờ Ly Ngài,22.7046941,104.6251855,94.0,Moderate,1,20.3,100,0.0,2.6,146,917.2,90,24.9,27.3,389.0,7.5,103.0,4.3
2026-04-20 05:00:00,2026,4,20,5,Tuyên Quang,Xã Pờ Ly Ngài,22.7046941,104.6251855,94.0,Moderate,1,20.2,100,0.0,2.9,150,917.7,91,24.9,27.3,389.0,7.5,103.0,4.3
2026-04-20 06:00:00,2026,4,20,6,Tuyên Quang,Xã Pờ Ly Ngài,22.7046941,104.6251855,94.0,Moderate,1,20.2,100,0.0,3.1,159,918.3,92,24.9,27.3,389.0,7.5,103.0,4.3
2026-04-20 07:00:00,2026,4,20,7,Tuyên Quang,Xã Pờ Ly Ngài,22.7046941,104.6251855,94.0,Moderate,1,20.6,100,0.0,3.7,169,919.0,93,24.9,27.3,389.0,7.5,103.0,4.3
2026-04-20 08:00:00,2026,4,20,8,Tuyên Quang,Xã Pờ Ly Ngài,22.7046941,104.6251855,94.0,Moderate,1,22.0,93,0.0,5.4,180,919.5,87,24.9,27.3,389.0,7.5,103.0,4.3
2026-04-20 09:00:00,2026,4,20,9,Tuyên Quang,Xã Pờ Ly Ngài,22.7046941,104.6251855,94.0,Moderate,1,23.8,83,0.0,7.2,183,920.0,81,24.9,27.3,389.0,7.5,103.0,4.3
2026-04-20 10:00:00,2026,4,20,10,Tuyên Quang,Xã Pờ Ly Ngài,22.7046941,104.6251855,94.0,Moderate,1,25.4,75,0.0,9.1,187,920.1,75,24.9,27.3,389.0,7.5,103.0,4.3
2026-04-20 11:00:00,2026,4,20,11,Tuyên Quang,Xã Pờ Ly Ngài,22.7046941,104.6251855,94.0,Moderate,1,26.5,70,0.0,9.9,190,919.7,67,24.9,27.3,389.0,7.5,103.0,4.3
2026-04-20 12:00:00,2026,4,20,12,Tuyên Quang,Xã Pờ Ly Ngài,22.7046941,104.6251855,94.0,Moderate,1,27.4,66,0.0,10.3,192,919.0,59,24.9,27.3,389.0,7.5,103.0,4.3
2026-04-20 13:00:00,2026,4,20,13,Tuyên Quang,Xã Pờ Ly Ngài,22.7046941,104.6251855,94.0,Moderate,1,28.0,64,0.0,10.7,192,918.2,51,24.9,27.3,389.0,7.5,103.0,4.3
2026-04-20 14:00:00,2026,4,20,14,Tuyên Quang,Xã Pờ Ly Ngài,22.7046941,104.6251855,94.0,Moderate,1,28.1,64,0.0,10.9,188,917.4,56,24.9,27.3,389.0,7.5,103.0,4.3
2026-04-20 15:00:00,2026,4,20,15,Tuyên Quang,Xã Pờ Ly Ngài,22.7046941,104.6251855,94.0,Moderate,1,27.8,65,0.0,11.2,180,916.6,60,24.9,27.3,389.0,7.5,103.0,4.3
2026-04-20 16:00:00,2026,4,20,16,Tuyên Quang,Xã Pờ Ly Ngài,22.7046941,104.6251855,94.0,Moderate,1,27.2,67,0.0,10.9,174,916.2,65,24.9,27.3,389.0,7.5,103.0,4.3
2026-04-20 17:00:00,2026,4,20,17,Tuyên Quang,Xã Pờ Ly Ngài,22.7046941,104.6251855,94.0,Moderate,1,26.2,71,0.0,10.0,167,916.2,77,24.9,27.3,389.0,7.5,103.0,4.3
2026-04-20 18:00:00,2026,4,20,18,Tuyên Quang,Xã Pờ Ly Ngài,22.7046941,104.6251855,94.0,Moderate,1,25.0,77,0.0,8.4,160,916.6,88,24.9,27.3,389.0,7.5,103.0,4.3
2026-04-20 19:00:00,2026,4,20,19,Tuyên Quang,Xã Pờ Ly Ngài,22.7046941,104.6251855,94.0,Moderate,1,23.9,82,0.0,7.2,153,917.0,100,24.9,27.3,389.0,7.5,103.0,4.3
2026-04-20 20:00:00,2026,4,20,20,Tuyên Quang,Xã Pờ Ly Ngài,22.7046941,104.6251855,94.0,Moderate,1,23.3,86,0.0,6.1,152,917.5,100,24.9,27.3,389.0,7.5,103.0,4.3
2026-04-20 21:00:00,2026,4,20,21,Tuyên Quang,Xã Pờ Ly Ngài,22.7046941,104.6251855,94.0,Moderate,1,22.8,90,0.0,5.0,159,918.1,100,24.9,27.3,389.0,7.5,103.0,4.3
2026-04-20 22:00:00,2026,4,20,22,Tuyên Quang,Xã Pờ Ly Ngài,22.7046941,104.6251855,94.0,Moderate,1,22.4,93,0.0,4.1,165,918.5,100,24.9,27.3,389.0,7.5,103.0,4.3
2026-04-20 23:00:00,2026,4,20,23,Tuyên Quang,Xã Pờ Ly Ngài,22.7046941,104.6251855,94.0,Moderate,1,22.1,95,0.0,3.4,162,918.4,98,24.9,27.3,389.0,7.5,103.0,4.3
