timestamp,year,month,day,hour,province,location,lat,lon,aqi,pollution_level,pollution_class,temp,humidity,rain,wind_speed,wind_dir,pressure,cloud,pm2_5,pm10,co,no2,o3,so2
2026-01-14 20:00:00,2026,1,14,20,Hưng Yên,Phường Trần Hưng Đạo,20.4492199,106.3229529,134,Unhealthy for Sensitive Groups,2,18.3,89,0.0,8.6,82,1015.5,16,32.7,34.0,459.0,9.3,104.0,9.6
2026-01-14 21:00:00,2026,1,14,21,Hưng Yên,Phường Trần Hưng Đạo,20.4492199,106.3229529,134,Unhealthy for Sensitive Groups,2,18.0,91,0.0,7.8,82,1016.0,5,33.9,35.2,480.0,10.2,101.0,10.3
2026-01-14 22:00:00,2026,1,14,22,Hưng Yên,Phường Trần Hưng Đạo,20.4492199,106.3229529,134,Unhealthy for Sensitive Groups,2,17.5,94,0.0,6.3,77,1016.7,2,35.7,36.9,487.0,11.0,97.0,10.8
2026-01-14 23:00:00,2026,1,14,23,Hưng Yên,Phường Trần Hưng Đạo,20.4492199,106.3229529,134,Unhealthy for Sensitive Groups,2,17.2,94,0.0,6.3,83,1016.8,4,37.8,39.1,473.0,11.7,94.0,10.6
2026-01-15 00:00:00,2026,1,15,0,Hưng Yên,Phường Trần Hưng Đạo,20.4492199,106.3229529,135,Unhealthy for Sensitive Groups,2,17.1,95,0.0,7.1,75,1016.9,10,38.3,39.6,444.0,12.3,90.0,10.0
2026-01-15 01:00:00,2026,1,15,1,Hưng Yên,Phường Trần Hưng Đạo,20.4492199,106.3229529,135,Unhealthy for Sensitive Groups,2,17.5,95,0.0,7.9,74,1016.7,17,38.2,39.6,419.0,12.6,89.0,9.7
2026-01-15 02:00:00,2026,1,15,2,Hưng Yên,Phường Trần Hưng Đạo,20.4492199,106.3229529,135,Unhealthy for Sensitive Groups,2,17.5,96,0.0,8.1,73,1016.2,37,37.4,38.5,397.0,12.1,91.0,9.7
2026-01-15 03:00:00,2026,1,15,3,Hưng Yên,Phường Trần Hưng Đạo,20.4492199,106.3229529,134,Unhealthy for Sensitive Groups,2,17.5,97,0.0,8.1,72,1016.0,55,37.1,38.1,377.0,11.3,94.0,10.0
2026-01-15 04:00:00,2026,1,15,4,Hưng Yên,Phường Trần Hưng Đạo,20.4492199,106.3229529,133,Unhealthy for Sensitive Groups,2,17.5,97,0.0,7.6,75,1016.0,76,37.3,38.3,375.0,11.0,96.0,10.4
2026-01-15 05:00:00,2026,1,15,5,Hưng Yên,Phường Trần Hưng Đạo,20.4492199,106.3229529,130,Unhealthy for Sensitive Groups,2,17.5,97,0.0,7.6,76,1015.9,55,38.6,39.6,408.0,12.3,94.0,11.3
2026-01-15 06:00:00,2026,1,15,6,Hưng Yên,Phường Trần Hưng Đạo,20.4492199,106.3229529,125,Unhealthy for Sensitive Groups,2,17.5,97,0.0,6.4,79,1016.6,13,40.3,41.2,459.0,14.1,91.0,12.4
2026-01-15 07:00:00,2026,1,15,7,Hưng Yên,Phường Trần Hưng Đạo,20.4492199,106.3229529,118,Unhealthy for Sensitive Groups,2,18.0,98,0.0,4.7,62,1016.9,15,42.0,43.2,486.0,13.1,98.0,12.4
2026-01-15 08:00:00,2026,1,15,8,Hưng Yên,Phường Trần Hưng Đạo,20.4492199,106.3229529,108,Unhealthy for Sensitive Groups,2,19.6,93,0.0,5.6,75,1017.5,23,39.2,40.4,466.0,11.0,106.0,11.4
2026-01-15 09:00:00,2026,1,15,9,Hưng Yên,Phường Trần Hưng Đạo,20.4492199,106.3229529,99,Moderate,1,21.4,81,0.1,10.3,89,1017.8,77,32.0,33.6,422.0,8.0,116.0,10.1
2026-01-15 10:00:00,2026,1,15,10,Hưng Yên,Phường Trần Hưng Đạo,20.4492199,106.3229529,96,Moderate,1,22.5,74,0.2,9.8,98,1017.8,100,29.3,31.3,383.0,5.5,124.0,8.8
2026-01-15 11:00:00,2026,1,15,11,Hưng Yên,Phường Trần Hưng Đạo,20.4492199,106.3229529,96,Moderate,1,22.5,71,0.1,10.0,105,1017.1,100,27.1,29.5,360.0,4.0,127.0,7.7
2026-01-15 12:00:00,2026,1,15,12,Hưng Yên,Phường Trần Hưng Đạo,20.4492199,106.3229529,95,Moderate,1,22.9,68,0.0,9.9,111,1015.9,100,25.1,27.5,343.0,3.1,127.0,6.7
2026-01-15 13:00:00,2026,1,15,13,Hưng Yên,Phường Trần Hưng Đạo,20.4492199,106.3229529,95,Moderate,1,22.6,68,0.0,9.1,107,1014.8,100,27.8,30.3,329.0,2.6,127.0,5.9
2026-01-15 14:00:00,2026,1,15,14,Hưng Yên,Phường Trần Hưng Đạo,20.4492199,106.3229529,95,Moderate,1,23.2,65,0.0,7.6,109,1013.7,100,23.8,26.3,313.0,2.4,128.0,5.4
2026-01-15 15:00:00,2026,1,15,15,Hưng Yên,Phường Trần Hưng Đạo,20.4492199,106.3229529,94,Moderate,1,23.0,66,0.0,6.8,112,1013.0,100,23.4,26.2,300.0,2.6,128.0,5.2
2026-01-15 16:00:00,2026,1,15,16,Hưng Yên,Phường Trần Hưng Đạo,20.4492199,106.3229529,94,Moderate,1,22.4,70,0.0,8.9,119,1013.0,100,23.2,26.0,301.0,3.4,126.0,5.2
2026-01-15 17:00:00,2026,1,15,17,Hưng Yên,Phường Trần Hưng Đạo,20.4492199,106.3229529,94,Moderate,1,21.9,71,0.0,11.1,120,1013.1,99,24.3,27.2,323.0,5.0,122.0,5.3
2026-01-15 18:00:00,2026,1,15,18,Hưng Yên,Phường Trần Hưng Đạo,20.4492199,106.3229529,94,Moderate,1,20.7,78,0.0,10.5,115,1013.0,58,28.1,30.5,359.0,7.2,115.0,5.6
2026-01-15 19:00:00,2026,1,15,19,Hưng Yên,Phường Trần Hưng Đạo,20.4492199,106.3229529,94,Moderate,1,19.1,91,0.0,9.0,110,1013.5,4,30.5,32.9,393.0,9.7,91.0,6.3
2026-01-15 20:00:00,2026,1,15,20,Hưng Yên,Phường Trần Hưng Đạo,20.4492199,106.3229529,94,Moderate,1,18.5,97,0.0,6.4,108,1013.8,2,32.4,34.9,425.0,9.8,88.0,6.6
2026-01-15 21:00:00,2026,1,15,21,Hưng Yên,Phường Trần Hưng Đạo,20.4492199,106.3229529,94,Moderate,1,18.1,98,0.0,5.6,105,1013.7,5,32.9,36.1,455.0,10.0,83.0,6.9
2026-01-15 22:00:00,2026,1,15,22,Hưng Yên,Phường Trần Hưng Đạo,20.4492199,106.3229529,94,Moderate,1,17.9,98,0.0,5.6,119,1013.8,5,33.8,37.0,470.0,10.5,79.0,6.9
2026-01-15 23:00:00,2026,1,15,23,Hưng Yên,Phường Trần Hưng Đạo,20.4492199,106.3229529,94,Moderate,1,17.8,99,0.0,5.8,126,1013.7,2,35.5,39.0,459.0,11.6,75.0,6.1
2026-01-16 00:00:00,2026,1,16,0,Hưng Yên,Phường Trần Hưng Đạo,20.4492199,106.3229529,93,Moderate,1,17.6,99,0.0,5.2,134,1013.5,7,38.2,42.1,433.0,13.0,71.0,4.9
2026-01-16 01:00:00,2026,1,16,1,Hưng Yên,Phường Trần Hưng Đạo,20.4492199,106.3229529,93,Moderate,1,17.8,99,0.0,4.8,143,1013.4,88,47.1,51.7,409.0,14.0,67.0,4.0
2026-01-16 02:00:00,2026,1,16,2,Hưng Yên,Phường Trần Hưng Đạo,20.4492199,106.3229529,94,Moderate,1,17.6,100,0.0,3.9,143,1012.7,89,58.9,62.9,391.0,14.2,63.0,3.6
2026-01-16 03:00:00,2026,1,16,3,Hưng Yên,Phường Trần Hưng Đạo,20.4492199,106.3229529,96,Moderate,1,17.7,100,0.0,3.0,147,1012.4,95,65.2,69.4,376.0,13.9,59.0,3.4
2026-01-16 04:00:00,2026,1,16,4,Hưng Yên,Phường Trần Hưng Đạo,20.4492199,106.3229529,99,Moderate,1,17.8,99,0.0,4.5,133,1012.3,28,65.4,68.5,374.0,13.9,56.0,3.6
2026-01-16 05:00:00,2026,1,16,5,Hưng Yên,Phường Trần Hưng Đạo,20.4492199,106.3229529,101,Unhealthy for Sensitive Groups,2,18.1,99,0.0,5.9,128,1012.2,84,61.0,63.3,399.0,14.6,54.0,4.1
2026-01-16 06:00:00,2026,1,16,6,Hưng Yên,Phường Trần Hưng Đạo,20.4492199,106.3229529,104,Unhealthy for Sensitive Groups,2,18.7,98,0.0,7.2,129,1012.6,100,58.4,60.8,437.0,15.5,52.0,4.9
2026-01-16 07:00:00,2026,1,16,7,Hưng Yên,Phường Trần Hưng Đạo,20.4492199,106.3229529,105,Unhealthy for Sensitive Groups,2,19.1,97,0.0,4.7,122,1013.3,100,76.1,78.5,450.0,20.7,46.0,6.0
2026-01-16 08:00:00,2026,1,16,8,Hưng Yên,Phường Trần Hưng Đạo,20.4492199,106.3229529,109,Unhealthy for Sensitive Groups,2,20.1,93,0.0,6.9,171,1013.7,98,56.7,58.7,413.0,17.4,60.0,7.0
2026-01-16 09:00:00,2026,1,16,9,Hưng Yên,Phường Trần Hưng Đạo,20.4492199,106.3229529,111,Unhealthy for Sensitive Groups,2,21.7,83,0.0,12.0,206,1014.5,46,40.6,42.7,351.0,12.9,79.0,8.2
2026-01-16 10:00:00,2026,1,16,10,Hưng Yên,Phường Trần Hưng Đạo,20.4492199,106.3229529,112,Unhealthy for Sensitive Groups,2,23.5,71,0.0,12.9,195,1014.3,40,29.9,31.9,300.0,8.9,96.0,8.7
2026-01-16 11:00:00,2026,1,16,11,Hưng Yên,Phường Trần Hưng Đạo,20.4492199,106.3229529,112,Unhealthy for Sensitive Groups,2,25.2,60,0.0,15.1,192,1013.5,100,24.5,26.5,273.0,6.2,107.0,7.7
2026-01-16 12:00:00,2026,1,16,12,Hưng Yên,Phường Trần Hưng Đạo,20.4492199,106.3229529,112,Unhealthy for Sensitive Groups,2,25.5,59,0.0,15.7,193,1012.2,100,22.5,24.4,256.0,4.1,116.0,5.8
2026-01-16 13:00:00,2026,1,16,13,Hưng Yên,Phường Trần Hưng Đạo,20.4492199,106.3229529,111,Unhealthy for Sensitive Groups,2,25.0,60,0.0,15.4,190,1011.4,97,20.9,22.8,245.0,2.7,121.0,4.3
2026-01-16 14:00:00,2026,1,16,14,Hưng Yên,Phường Trần Hưng Đạo,20.4492199,106.3229529,111,Unhealthy for Sensitive Groups,2,25.4,58,0.0,14.9,179,1010.4,89,19.8,21.7,239.0,2.0,123.0,3.4
2026-01-16 15:00:00,2026,1,16,15,Hưng Yên,Phường Trần Hưng Đạo,20.4492199,106.3229529,110,Unhealthy for Sensitive Groups,2,25.5,57,0.0,13.6,172,1009.7,43,18.2,20.0,238.0,2.0,123.0,2.7
2026-01-16 16:00:00,2026,1,16,16,Hưng Yên,Phường Trần Hưng Đạo,20.4492199,106.3229529,110,Unhealthy for Sensitive Groups,2,24.5,61,0.0,13.7,157,1009.6,20,17.1,19.0,246.0,2.7,120.0,2.5
2026-01-16 17:00:00,2026,1,16,17,Hưng Yên,Phường Trần Hưng Đạo,20.4492199,106.3229529,109,Unhealthy for Sensitive Groups,2,22.5,72,0.0,15.0,136,1009.8,1,17.1,19.1,264.0,4.5,114.0,2.8
2026-01-16 18:00:00,2026,1,16,18,Hưng Yên,Phường Trần Hưng Đạo,20.4492199,106.3229529,108,Unhealthy for Sensitive Groups,2,20.8,85,0.0,12.6,131,1010.2,2,21.4,23.1,291.0,7.0,105.0,3.6
2026-01-16 19:00:00,2026,1,16,19,Hưng Yên,Phường Trần Hưng Đạo,20.4492199,106.3229529,108,Unhealthy for Sensitive Groups,2,20.0,95,0.0,8.6,131,1010.9,4,28.4,30.4,317.0,8.9,99.0,4.1
2026-01-16 20:00:00,2026,1,16,20,Hưng Yên,Phường Trần Hưng Đạo,20.4492199,106.3229529,107,Unhealthy for Sensitive Groups,2,19.9,95,0.0,9.2,132,1011.6,7,30.6,32.7,345.0,8.9,95.0,4.6
2026-01-16 21:00:00,2026,1,16,21,Hưng Yên,Phường Trần Hưng Đạo,20.4492199,106.3229529,107,Unhealthy for Sensitive Groups,2,19.6,95,0.0,6.9,133,1012.1,7,31.1,33.6,374.0,9.0,89.0,5.2
2026-01-16 22:00:00,2026,1,16,22,Hưng Yên,Phường Trần Hưng Đạo,20.4492199,106.3229529,107,Unhealthy for Sensitive Groups,2,19.4,95,0.0,7.2,129,1012.0,5,34.2,37.3,390.0,10.4,82.0,5.9
2026-01-16 23:00:00,2026,1,16,23,Hưng Yên,Phường Trần Hưng Đạo,20.4492199,106.3229529,107,Unhealthy for Sensitive Groups,2,18.8,96,0.0,4.9,123,1012.0,5,41.2,44.6,389.0,14.6,73.0,6.6
2026-01-17 00:00:00,2026,1,17,0,Hưng Yên,Phường Trần Hưng Đạo,20.4492199,106.3229529,108,Unhealthy for Sensitive Groups,2,18.5,96,0.0,5.2,115,1011.9,8,51.2,54.9,376.0,20.1,62.0,7.4
2026-01-17 01:00:00,2026,1,17,1,Hưng Yên,Phường Trần Hưng Đạo,20.4492199,106.3229529,109,Unhealthy for Sensitive Groups,2,18.8,97,0.0,5.7,114,1012.1,24,68.5,71.2,355.0,23.5,55.0,7.6
2026-01-17 02:00:00,2026,1,17,2,Hưng Yên,Phường Trần Hưng Đạo,20.4492199,106.3229529,111,Unhealthy for Sensitive Groups,2,19.2,97,0.1,6.5,104,1011.4,33,81.5,83.8,317.0,22.8,53.0,6.9
2026-01-17 03:00:00,2026,1,17,3,Hưng Yên,Phường Trần Hưng Đạo,20.4492199,106.3229529,113,Unhealthy for Sensitive Groups,2,19.1,97,0.0,7.0,90,1011.2,46,76.8,78.9,271.0,20.0,53.0,5.7
2026-01-17 04:00:00,2026,1,17,4,Hưng Yên,Phường Trần Hưng Đạo,20.4492199,106.3229529,115,Unhealthy for Sensitive Groups,2,19.0,98,0.0,7.4,83,1011.1,54,60.1,61.7,249.0,17.2,56.0,4.9
2026-01-17 05:00:00,2026,1,17,5,Hưng Yên,Phường Trần Hưng Đạo,20.4492199,106.3229529,114,Unhealthy for Sensitive Groups,2,19.1,98,0.0,7.0,91,1011.2,100,47.1,48.9,276.0,15.3,60.0,5.1
2026-01-17 06:00:00,2026,1,17,6,Hưng Yên,Phường Trần Hưng Đạo,20.4492199,106.3229529,113,Unhealthy for Sensitive Groups,2,19.3,98,0.0,6.8,90,1011.5,100,40.5,42.0,326.0,13.4,66.0,5.7
2026-01-17 07:00:00,2026,1,17,7,Hưng Yên,Phường Trần Hưng Đạo,20.4492199,106.3229529,111,Unhealthy for Sensitive Groups,2,19.7,98,0.0,10.7,78,1011.8,100,36.9,40.5,357.0,14.3,66.0,5.1
2026-01-17 08:00:00,2026,1,17,8,Hưng Yên,Phường Trần Hưng Đạo,20.4492199,106.3229529,107,Unhealthy for Sensitive Groups,2,20.5,95,0.1,9.6,87,1013.0,100,31.4,34.5,346.0,12.1,75.0,5.2
2026-01-17 09:00:00,2026,1,17,9,Hưng Yên,Phường Trần Hưng Đạo,20.4492199,106.3229529,104,Unhealthy for Sensitive Groups,2,21.4,90,0.2,7.9,102,1013.8,100,27.2,29.8,317.0,9.0,88.0,5.3
2026-01-17 10:00:00,2026,1,17,10,Hưng Yên,Phường Trần Hưng Đạo,20.4492199,106.3229529,103,Unhealthy for Sensitive Groups,2,22.0,86,0.2,9.5,105,1013.7,100,20.0,22.6,293.0,6.3,99.0,5.1
2026-01-17 11:00:00,2026,1,17,11,Hưng Yên,Phường Trần Hưng Đạo,20.4492199,106.3229529,102,Unhealthy for Sensitive Groups,2,22.5,81,0.1,7.8,112,1013.5,100,15.3,17.6,286.0,4.4,105.0,4.3
2026-01-17 12:00:00,2026,1,17,12,Hưng Yên,Phường Trần Hưng Đạo,20.4492199,106.3229529,101,Unhealthy for Sensitive Groups,2,22.8,79,0.1,8.7,124,1012.2,100,13.4,15.4,284.0,2.9,108.0,3.3
2026-01-17 13:00:00,2026,1,17,13,Hưng Yên,Phường Trần Hưng Đạo,20.4492199,106.3229529,100,Moderate,1,22.1,80,0.1,11.5,125,1011.4,83,13.9,15.7,283.0,2.0,111.0,2.7
2026-01-17 14:00:00,2026,1,17,14,Hưng Yên,Phường Trần Hưng Đạo,20.4492199,106.3229529,99,Moderate,1,22.4,77,1.0,10.7,112,1010.5,100,16.2,18.0,278.0,1.7,115.0,3.0
2026-01-17 15:00:00,2026,1,17,15,Hưng Yên,Phường Trần Hưng Đạo,20.4492199,106.3229529,99,Moderate,1,21.9,82,0.5,11.2,112,1009.7,100,17.2,18.9,273.0,2.0,118.0,3.7
2026-01-17 16:00:00,2026,1,17,16,Hưng Yên,Phường Trần Hưng Đạo,20.4492199,106.3229529,99,Moderate,1,21.1,87,0.3,12.8,100,1009.7,100,18.7,20.5,275.0,3.2,118.0,4.6
2026-01-17 17:00:00,2026,1,17,17,Hưng Yên,Phường Trần Hưng Đạo,20.4492199,106.3229529,99,Moderate,1,21.0,83,0.0,11.5,101,1009.9,100,21.3,23.3,291.0,6.0,113.0,5.6
2026-01-17 18:00:00,2026,1,17,18,Hưng Yên,Phường Trần Hưng Đạo,20.4492199,106.3229529,99,Moderate,1,20.5,82,0.0,10.0,104,1010.5,69,30.2,31.5,313.0,9.7,104.0,6.8
2026-01-17 19:00:00,2026,1,17,19,Hưng Yên,Phường Trần Hưng Đạo,20.4492199,106.3229529,100,Moderate,1,19.5,87,0.0,7.7,114,1011.0,27,34.1,35.3,333.0,10.8,96.0,7.0
2026-01-17 20:00:00,2026,1,17,20,Hưng Yên,Phường Trần Hưng Đạo,20.4492199,106.3229529,101,Unhealthy for Sensitive Groups,2,19.5,89,0.0,9.2,116,1011.1,20,38.4,39.8,346.0,11.2,94.0,7.4
2026-01-17 21:00:00,2026,1,17,21,Hưng Yên,Phường Trần Hưng Đạo,20.4492199,106.3229529,102,Unhealthy for Sensitive Groups,2,18.9,94,0.0,6.4,119,1011.2,6,40.5,42.1,356.0,11.8,90.0,7.8
2026-01-17 22:00:00,2026,1,17,22,Hưng Yên,Phường Trần Hưng Đạo,20.4492199,106.3229529,102,Unhealthy for Sensitive Groups,2,18.2,96,0.0,5.0,116,1011.4,7,42.4,44.1,361.0,12.4,87.0,8.0
2026-01-17 23:00:00,2026,1,17,23,Hưng Yên,Phường Trần Hưng Đạo,20.4492199,106.3229529,103,Unhealthy for Sensitive Groups,2,18.2,97,0.0,5.1,126,1011.4,1,43.1,45.1,359.0,12.9,84.0,7.5
2026-01-18 00:00:00,2026,1,18,0,Hưng Yên,Phường Trần Hưng Đạo,20.4492199,106.3229529,104,Unhealthy for Sensitive Groups,2,18.0,98,0.0,4.7,122,1011.3,10,42.6,45.5,353.0,13.3,80.0,6.8
2026-01-18 01:00:00,2026,1,18,1,Hưng Yên,Phường Trần Hưng Đạo,20.4492199,106.3229529,103,Unhealthy for Sensitive Groups,2,18.0,100,0.0,3.4,96,1011.3,100,44.1,47.4,345.0,13.7,77.0,6.3
2026-01-18 02:00:00,2026,1,18,2,Hưng Yên,Phường Trần Hưng Đạo,20.4492199,106.3229529,100,Moderate,1,18.9,99,0.0,5.6,83,1010.7,100,44.4,47.6,333.0,13.9,75.0,6.3
2026-01-18 03:00:00,2026,1,18,3,Hưng Yên,Phường Trần Hưng Đạo,20.4492199,106.3229529,97,Moderate,1,19.2,98,0.0,6.6,74,1010.5,100,44.1,47.4,319.0,14.1,74.0,6.6
2026-01-18 04:00:00,2026,1,18,4,Hưng Yên,Phường Trần Hưng Đạo,20.4492199,106.3229529,94,Moderate,1,19.3,97,0.0,5.6,84,1010.2,100,43.7,46.8,316.0,14.5,73.0,7.0
2026-01-18 05:00:00,2026,1,18,5,Hưng Yên,Phường Trần Hưng Đạo,20.4492199,106.3229529,92,Moderate,1,19.1,97,0.2,4.2,95,1010.4,100,43.1,46.0,337.0,15.9,71.0,7.9
2026-01-18 06:00:00,2026,1,18,6,Hưng Yên,Phường Trần Hưng Đạo,20.4492199,106.3229529,92,Moderate,1,19.0,98,0.0,4.7,90,1010.9,100,43.3,46.1,368.0,17.4,69.0,8.9
2026-01-18 07:00:00,2026,1,18,7,Hưng Yên,Phường Trần Hưng Đạo,20.4492199,106.3229529,92,Moderate,1,19.1,98,0.0,4.5,137,1011.7,100,46.9,49.0,383.0,20.0,66.0,10.8
2026-01-18 08:00:00,2026,1,18,8,Hưng Yên,Phường Trần Hưng Đạo,20.4492199,106.3229529,93,Moderate,1,19.8,96,0.0,5.8,126,1012.4,100,43.9,45.6,364.0,16.0,80.0,9.5
2026-01-18 09:00:00,2026,1,18,9,Hưng Yên,Phường Trần Hưng Đạo,20.4492199,106.3229529,94,Moderate,1,21.5,87,0.0,7.5,140,1012.8,88,33.5,35.2,329.0,10.3,100.0,7.8
2026-01-18 10:00:00,2026,1,18,10,Hưng Yên,Phường Trần Hưng Đạo,20.4492199,106.3229529,95,Moderate,1,23.4,75,0.2,7.3,160,1012.9,52,27.8,29.5,301.0,5.8,115.0,6.2
2026-01-18 11:00:00,2026,1,18,11,Hưng Yên,Phường Trần Hưng Đạo,20.4492199,106.3229529,96,Moderate,1,24.4,73,0.2,7.5,153,1012.4,64,26.3,28.1,289.0,3.5,122.0,4.9
2026-01-18 12:00:00,2026,1,18,12,Hưng Yên,Phường Trần Hưng Đạo,20.4492199,106.3229529,97,Moderate,1,24.8,70,0.2,8.3,156,1011.2,45,26.7,28.5,285.0,2.2,126.0,3.8
2026-01-18 13:00:00,2026,1,18,13,Hưng Yên,Phường Trần Hưng Đạo,20.4492199,106.3229529,98,Moderate,1,23.9,71,0.1,11.2,136,1010.6,85,26.7,28.6,282.0,1.5,128.0,3.3
2026-01-18 14:00:00,2026,1,18,14,Hưng Yên,Phường Trần Hưng Đạo,20.4492199,106.3229529,99,Moderate,1,23.6,74,0.4,12.9,132,1009.7,92,25.1,26.8,277.0,1.1,130.0,3.8
2026-01-18 15:00:00,2026,1,18,15,Hưng Yên,Phường Trần Hưng Đạo,20.4492199,106.3229529,100,Moderate,1,23.6,73,0.2,13.1,132,1009.2,80,26.8,28.5,275.0,1.2,131.0,4.9
2026-01-18 16:00:00,2026,1,18,16,Hưng Yên,Phường Trần Hưng Đạo,20.4492199,106.3229529,101,Unhealthy for Sensitive Groups,2,23.5,71,0.0,13.6,127,1009.1,88,29.2,31.0,280.0,2.0,131.0,6.0
2026-01-18 17:00:00,2026,1,18,17,Hưng Yên,Phường Trần Hưng Đạo,20.4492199,106.3229529,102,Unhealthy for Sensitive Groups,2,22.5,75,0.0,13.7,124,1009.4,27,31.9,33.9,297.0,3.9,129.0,7.1
2026-01-18 18:00:00,2026,1,18,18,Hưng Yên,Phường Trần Hưng Đạo,20.4492199,106.3229529,103,Unhealthy for Sensitive Groups,2,20.6,85,0.0,11.0,116,1009.6,30,36.4,38.2,322.0,6.5,125.0,8.2
2026-01-18 19:00:00,2026,1,18,19,Hưng Yên,Phường Trần Hưng Đạo,20.4492199,106.3229529,103,Unhealthy for Sensitive Groups,2,20.4,90,0.0,11.1,117,1010.2,84,44.6,46.6,349.0,7.8,112.0,9.3
2026-01-18 20:00:00,2026,1,18,20,Hưng Yên,Phường Trần Hưng Đạo,20.4492199,106.3229529,105,Unhealthy for Sensitive Groups,2,19.7,94,0.0,9.6,118,1010.7,86,44.8,46.8,378.0,8.1,110.0,9.7
2026-01-18 21:00:00,2026,1,18,21,Hưng Yên,Phường Trần Hưng Đạo,20.4492199,106.3229529,105,Unhealthy for Sensitive Groups,2,19.4,95,0.0,8.6,127,1011.0,53,44.9,46.9,408.0,8.5,107.0,10.1
2026-01-18 22:00:00,2026,1,18,22,Hưng Yên,Phường Trần Hưng Đạo,20.4492199,106.3229529,106,Unhealthy for Sensitive Groups,2,19.2,95,0.0,7.7,143,1011.5,77,47.5,49.7,434.0,9.0,104.0,10.2
2026-01-18 23:00:00,2026,1,18,23,Hưng Yên,Phường Trần Hưng Đạo,20.4492199,106.3229529,106,Unhealthy for Sensitive Groups,2,19.0,96,0.0,6.9,157,1011.5,80,48.7,51.2,456.0,9.4,102.0,9.5
2026-01-19 00:00:00,2026,1,19,0,Hưng Yên,Phường Trần Hưng Đạo,20.4492199,106.3229529,107,Unhealthy for Sensitive Groups,2,18.8,96,0.0,5.9,162,1011.3,90,47.6,50.5,473.0,9.7,99.0,8.5
2026-01-19 01:00:00,2026,1,19,1,Hưng Yên,Phường Trần Hưng Đạo,20.4492199,106.3229529,107,Unhealthy for Sensitive Groups,2,19.0,97,0.0,5.5,163,1011.0,65,48.9,52.7,473.0,10.5,96.0,7.9
2026-01-19 02:00:00,2026,1,19,2,Hưng Yên,Phường Trần Hưng Đạo,20.4492199,106.3229529,108,Unhealthy for Sensitive Groups,2,18.6,98,0.0,5.2,166,1010.4,14,52.4,56.6,441.0,11.8,91.0,8.2
2026-01-19 03:00:00,2026,1,19,3,Hưng Yên,Phường Trần Hưng Đạo,20.4492199,106.3229529,109,Unhealthy for Sensitive Groups,2,18.5,98,0.0,5.3,152,1010.1,14,56.7,61.0,393.0,13.5,84.0,8.9
2026-01-19 04:00:00,2026,1,19,4,Hưng Yên,Phường Trần Hưng Đạo,20.4492199,106.3229529,110,Unhealthy for Sensitive Groups,2,18.2,98,0.0,5.3,135,1010.0,20,58.6,62.6,364.0,15.3,79.0,9.3
2026-01-19 05:00:00,2026,1,19,5,Hưng Yên,Phường Trần Hưng Đạo,20.4492199,106.3229529,111,Unhealthy for Sensitive Groups,2,18.2,98,0.0,5.3,128,1010.2,83,58.0,61.9,378.0,18.0,74.0,9.3
2026-01-19 06:00:00,2026,1,19,6,Hưng Yên,Phường Trần Hưng Đạo,20.4492199,106.3229529,113,Unhealthy for Sensitive Groups,2,18.5,98,0.0,5.6,112,1011.1,39,60.3,64.0,410.0,20.7,69.0,9.1
2026-01-19 07:00:00,2026,1,19,7,Hưng Yên,Phường Trần Hưng Đạo,20.4492199,106.3229529,115,Unhealthy for Sensitive Groups,2,19.1,98,0.0,7.5,114,1012.3,100,80.6,84.8,422.0,27.2,68.0,16.3
2026-01-19 08:00:00,2026,1,19,8,Hưng Yên,Phường Trần Hưng Đạo,20.4492199,106.3229529,118,Unhealthy for Sensitive Groups,2,20.5,94,0.0,8.7,122,1013.2,89,68.5,71.7,390.0,20.9,81.0,13.3
2026-01-19 09:00:00,2026,1,19,9,Hưng Yên,Phường Trần Hưng Đạo,20.4492199,106.3229529,121,Unhealthy for Sensitive Groups,2,22.3,83,0.1,12.1,143,1013.6,70,41.9,45.9,338.0,12.2,100.0,9.1
2026-01-19 10:00:00,2026,1,19,10,Hưng Yên,Phường Trần Hưng Đạo,20.4492199,106.3229529,122,Unhealthy for Sensitive Groups,2,23.0,77,0.1,12.9,150,1014.0,98,34.7,37.8,298.0,5.5,115.0,5.8
2026-01-19 11:00:00,2026,1,19,11,Hưng Yên,Phường Trần Hưng Đạo,20.4492199,106.3229529,122,Unhealthy for Sensitive Groups,2,24.2,69,0.1,14.3,156,1013.3,59,31.3,34.3,283.0,2.7,122.0,4.2
2026-01-19 12:00:00,2026,1,19,12,Hưng Yên,Phường Trần Hưng Đạo,20.4492199,106.3229529,123,Unhealthy for Sensitive Groups,2,25.5,63,0.1,15.7,164,1012.2,69,29.5,32.4,279.0,1.8,126.0,3.4
2026-01-19 13:00:00,2026,1,19,13,Hưng Yên,Phường Trần Hưng Đạo,20.4492199,106.3229529,123,Unhealthy for Sensitive Groups,2,24.5,66,0.0,16.3,162,1011.6,94,28.4,31.1,277.0,1.5,127.0,3.0
2026-01-19 14:00:00,2026,1,19,14,Hưng Yên,Phường Trần Hưng Đạo,20.4492199,106.3229529,123,Unhealthy for Sensitive Groups,2,24.7,66,0.3,17.0,162,1010.8,91,28.5,31.2,271.0,1.2,127.0,2.7
2026-01-19 15:00:00,2026,1,19,15,Hưng Yên,Phường Trần Hưng Đạo,20.4492199,106.3229529,124,Unhealthy for Sensitive Groups,2,24.7,65,0.1,16.1,162,1010.2,95,28.4,31.2,266.0,1.4,125.0,2.7
2026-01-19 16:00:00,2026,1,19,16,Hưng Yên,Phường Trần Hưng Đạo,20.4492199,106.3229529,124,Unhealthy for Sensitive Groups,2,24.1,66,0.0,15.6,159,1010.2,94,27.6,30.4,275.0,2.4,121.0,3.0
2026-01-19 17:00:00,2026,1,19,17,Hưng Yên,Phường Trần Hưng Đạo,20.4492199,106.3229529,124,Unhealthy for Sensitive Groups,2,23.1,71,0.0,13.5,159,1010.5,70,27.6,30.5,308.0,5.0,113.0,3.9
2026-01-19 18:00:00,2026,1,19,18,Hưng Yên,Phường Trần Hưng Đạo,20.4492199,106.3229529,123,Unhealthy for Sensitive Groups,2,21.9,78,0.0,10.3,140,1010.8,54,32.2,34.6,354.0,8.3,102.0,5.1
2026-01-19 19:00:00,2026,1,19,19,Hưng Yên,Phường Trần Hưng Đạo,20.4492199,106.3229529,123,Unhealthy for Sensitive Groups,2,20.8,92,0.0,9.2,123,1011.3,59,36.8,39.1,388.0,9.7,93.0,5.3
2026-01-19 20:00:00,2026,1,19,20,Hưng Yên,Phường Trần Hưng Đạo,20.4492199,106.3229529,122,Unhealthy for Sensitive Groups,2,20.4,95,0.0,9.7,117,1011.6,44,35.9,38.5,402.0,9.4,91.0,5.3
2026-01-19 21:00:00,2026,1,19,21,Hưng Yên,Phường Trần Hưng Đạo,20.4492199,106.3229529,121,Unhealthy for Sensitive Groups,2,20.1,96,0.0,9.1,126,1011.8,31,33.6,36.2,403.0,9.0,87.0,5.2
2026-01-19 22:00:00,2026,1,19,22,Hưng Yên,Phường Trần Hưng Đạo,20.4492199,106.3229529,120,Unhealthy for Sensitive Groups,2,20.0,96,0.0,8.1,145,1012.4,75,33.2,35.9,394.0,8.8,83.0,5.0
2026-01-19 23:00:00,2026,1,19,23,Hưng Yên,Phường Trần Hưng Đạo,20.4492199,106.3229529,119,Unhealthy for Sensitive Groups,2,20.0,96,0.0,8.1,148,1012.4,33,34.1,37.0,368.0,9.0,78.0,4.6
2026-01-20 00:00:00,2026,1,20,0,Hưng Yên,Phường Trần Hưng Đạo,20.4492199,106.3229529,117,Unhealthy for Sensitive Groups,2,19.8,97,0.0,7.3,147,1012.4,30,32.9,36.1,331.0,9.4,73.0,4.1
2026-01-20 01:00:00,2026,1,20,1,Hưng Yên,Phường Trần Hưng Đạo,20.4492199,106.3229529,115,Unhealthy for Sensitive Groups,2,20.1,97,0.0,7.2,162,1012.1,26,31.4,34.7,300.0,9.7,70.0,3.8
2026-01-20 02:00:00,2026,1,20,2,Hưng Yên,Phường Trần Hưng Đạo,20.4492199,106.3229529,114,Unhealthy for Sensitive Groups,2,19.5,98,0.0,5.2,158,1011.6,27,30.6,33.8,280.0,9.8,69.0,3.9
2026-01-20 03:00:00,2026,1,20,3,Hưng Yên,Phường Trần Hưng Đạo,20.4492199,106.3229529,111,Unhealthy for Sensitive Groups,2,20.0,99,0.0,6.0,147,1011.2,100,29.3,32.6,267.0,9.8,70.0,4.2
2026-01-20 04:00:00,2026,1,20,4,Hưng Yên,Phường Trần Hưng Đạo,20.4492199,106.3229529,109,Unhealthy for Sensitive Groups,2,20.4,98,0.0,6.8,140,1011.4,100,26.3,29.3,263.0,9.6,71.0,4.4
2026-01-20 05:00:00,2026,1,20,5,Hưng Yên,Phường Trần Hưng Đạo,20.4492199,106.3229529,105,Unhealthy for Sensitive Groups,2,20.7,96,0.0,7.3,136,1011.7,100,21.8,24.7,278.0,9.2,73.0,4.5
2026-01-20 06:00:00,2026,1,20,6,Hưng Yên,Phường Trần Hưng Đạo,20.4492199,106.3229529,101,Unhealthy for Sensitive Groups,2,20.6,98,0.1,10.5,128,1012.5,89,17.8,21.1,302.0,8.7,76.0,4.4
2026-01-20 07:00:00,2026,1,20,7,Hưng Yên,Phường Trần Hưng Đạo,20.4492199,106.3229529,97,Moderate,1,19.7,95,0.5,9.9,109,1013.9,55,22.1,24.2,315.0,10.0,75.0,4.8
2026-01-20 08:00:00,2026,1,20,8,Hưng Yên,Phường Trần Hưng Đạo,20.4492199,106.3229529,92,Moderate,1,21.1,90,0.0,11.8,126,1014.8,84,17.9,20.6,304.0,7.8,82.0,4.1
2026-01-20 09:00:00,2026,1,20,9,Hưng Yên,Phường Trần Hưng Đạo,20.4492199,106.3229529,88,Moderate,1,22.9,79,0.1,13.2,129,1015.5,100,15.0,17.6,282.0,4.7,92.0,3.2
2026-01-20 10:00:00,2026,1,20,10,Hưng Yên,Phường Trần Hưng Đạo,20.4492199,106.3229529,85,Moderate,1,22.8,80,0.2,12.0,137,1016.0,76,12.6,15.0,263.0,2.4,99.0,2.5
2026-01-20 11:00:00,2026,1,20,11,Hưng Yên,Phường Trần Hưng Đạo,20.4492199,106.3229529,83,Moderate,1,24.7,70,0.1,12.2,133,1015.6,99,12.7,15.1,254.0,1.7,102.0,2.4
2026-01-20 12:00:00,2026,1,20,12,Hưng Yên,Phường Trần Hưng Đạo,20.4492199,106.3229529,82,Moderate,1,25.5,65,0.3,13.4,141,1014.8,100,12.7,14.9,249.0,1.7,103.0,2.7
2026-01-20 13:00:00,2026,1,20,13,Hưng Yên,Phường Trần Hưng Đạo,20.4492199,106.3229529,80,Moderate,1,24.0,69,0.4,16.0,133,1014.5,49,13.9,16.1,246.0,2.0,103.0,2.9
2026-01-20 14:00:00,2026,1,20,14,Hưng Yên,Phường Trần Hưng Đạo,20.4492199,106.3229529,79,Moderate,1,24.4,68,0.1,16.6,144,1013.5,92,13.6,15.7,243.0,2.1,104.0,2.8
2026-01-20 15:00:00,2026,1,20,15,Hưng Yên,Phường Trần Hưng Đạo,20.4492199,106.3229529,78,Moderate,1,22.5,79,0.2,16.5,147,1013.1,62,14.5,16.6,242.0,2.5,105.0,2.7
2026-01-20 16:00:00,2026,1,20,16,Hưng Yên,Phường Trần Hưng Đạo,20.4492199,106.3229529,76,Moderate,1,22.8,76,0.1,16.4,135,1013.2,57,16.9,19.3,253.0,3.4,104.0,2.9
2026-01-20 17:00:00,2026,1,20,17,Hưng Yên,Phường Trần Hưng Đạo,20.4492199,106.3229529,75,Moderate,1,21.9,80,0.1,14.6,135,1013.6,68,20.0,22.3,287.0,5.4,100.0,3.6
2026-01-20 18:00:00,2026,1,20,18,Hưng Yên,Phường Trần Hưng Đạo,20.4492199,106.3229529,75,Moderate,1,20.9,86,0.0,9.2,116,1014.0,38,24.4,26.7,332.0,8.0,94.0,4.6
2026-01-20 19:00:00,2026,1,20,19,Hưng Yên,Phường Trần Hưng Đạo,20.4492199,106.3229529,74,Moderate,1,20.6,94,0.0,10.3,121,1014.4,57,31.3,34.5,363.0,9.8,82.0,6.3
2026-01-20 20:00:00,2026,1,20,20,Hưng Yên,Phường Trần Hưng Đạo,20.4492199,106.3229529,74,Moderate,1,20.5,94,0.0,8.2,116,1015.0,48,37.1,40.3,362.0,11.0,78.0,7.1
2026-01-20 21:00:00,2026,1,20,21,Hưng Yên,Phường Trần Hưng Đạo,20.4492199,106.3229529,74,Moderate,1,20.2,95,0.0,6.3,97,1015.3,13,39.7,43.0,347.0,12.7,74.0,8.0
2026-01-20 22:00:00,2026,1,20,22,Hưng Yên,Phường Trần Hưng Đạo,20.4492199,106.3229529,74,Moderate,1,19.7,97,0.0,7.2,94,1015.5,3,40.6,43.9,344.0,13.8,71.0,8.5
2026-01-20 23:00:00,2026,1,20,23,Hưng Yên,Phường Trần Hưng Đạo,20.4492199,106.3229529,75,Moderate,1,19.5,97,0.0,7.9,91,1015.8,23,40.2,43.4,366.0,13.7,73.0,7.6
2026-01-21 00:00:00,2026,1,21,0,Hưng Yên,Phường Trần Hưng Đạo,20.4492199,106.3229529,75,Moderate,1,19.5,97,0.0,9.4,82,1016.1,39,37.3,40.4,399.0,12.9,78.0,6.2
2026-01-21 01:00:00,2026,1,21,1,Hưng Yên,Phường Trần Hưng Đạo,20.4492199,106.3229529,76,Moderate,1,19.5,97,0.0,8.3,91,1015.9,63,32.1,34.7,428.0,12.1,79.0,5.8
2026-01-21 02:00:00,2026,1,21,2,Hưng Yên,Phường Trần Hưng Đạo,20.4492199,106.3229529,76,Moderate,1,19.5,95,0.5,12.1,88,1015.5,89,30.5,32.2,447.0,11.1,72.0,7.4
2026-01-21 03:00:00,2026,1,21,3,Hưng Yên,Phường Trần Hưng Đạo,20.4492199,106.3229529,76,Moderate,1,19.1,93,0.6,14.7,79,1015.5,100,31.5,32.5,462.0,10.0,62.0,9.9
2026-01-21 04:00:00,2026,1,21,4,Hưng Yên,Phường Trần Hưng Đạo,20.4492199,106.3229529,76,Moderate,1,18.5,90,0.3,17.3,75,1015.7,62,34.5,35.3,476.0,9.5,54.0,12.1
2026-01-21 05:00:00,2026,1,21,5,Hưng Yên,Phường Trần Hưng Đạo,20.4492199,106.3229529,77,Moderate,1,18.1,89,0.0,18.6,74,1016.0,73,35.4,36.1,491.0,10.1,50.0,13.4
2026-01-21 06:00:00,2026,1,21,6,Hưng Yên,Phường Trần Hưng Đạo,20.4492199,106.3229529,78,Moderate,1,18.0,89,0.3,20.5,73,1016.8,100,34.0,34.7,505.0,11.3,47.0,14.4
2026-01-21 07:00:00,2026,1,21,7,Hưng Yên,Phường Trần Hưng Đạo,20.4492199,106.3229529,79,Moderate,1,18.5,84,0.1,18.0,79,1017.4,61,38.3,38.9,512.0,13.3,41.0,14.7
2026-01-21 08:00:00,2026,1,21,8,Hưng Yên,Phường Trần Hưng Đạo,20.4492199,106.3229529,81,Moderate,1,19.3,79,0.0,22.9,77,1018.3,41,36.2,37.0,503.0,12.5,43.0,14.3
2026-01-21 09:00:00,2026,1,21,9,Hưng Yên,Phường Trần Hưng Đạo,20.4492199,106.3229529,83,Moderate,1,20.1,74,0.0,25.6,78,1019.7,89,34.1,34.8,487.0,11.3,47.0,13.7
2026-01-21 10:00:00,2026,1,21,10,Hưng Yên,Phường Trần Hưng Đạo,20.4492199,106.3229529,84,Moderate,1,20.1,72,0.0,25.1,80,1020.1,100,31.3,32.0,482.0,10.1,53.0,13.3
2026-01-21 11:00:00,2026,1,21,11,Hưng Yên,Phường Trần Hưng Đạo,20.4492199,106.3229529,86,Moderate,1,19.6,73,0.0,24.5,78,1020.2,100,28.1,28.6,502.0,8.6,65.0,13.3
2026-01-21 12:00:00,2026,1,21,12,Hưng Yên,Phường Trần Hưng Đạo,20.4492199,106.3229529,87,Moderate,1,19.6,71,0.0,24.1,75,1019.4,100,27.6,28.1,534.0,7.1,79.0,13.4
2026-01-21 13:00:00,2026,1,21,13,Hưng Yên,Phường Trần Hưng Đạo,20.4492199,106.3229529,89,Moderate,1,19.2,73,0.0,22.4,75,1018.4,100,28.5,28.9,556.0,6.1,92.0,13.6
2026-01-21 14:00:00,2026,1,21,14,Hưng Yên,Phường Trần Hưng Đạo,20.4492199,106.3229529,90,Moderate,1,19.2,72,0.0,20.6,76,1017.8,100,31.0,31.4,555.0,5.9,103.0,13.7
2026-01-21 15:00:00,2026,1,21,15,Hưng Yên,Phường Trần Hưng Đạo,20.4492199,106.3229529,91,Moderate,1,18.5,74,0.0,18.7,71,1017.5,100,33.5,34.0,544.0,6.3,113.0,13.7
2026-01-21 16:00:00,2026,1,21,16,Hưng Yên,Phường Trần Hưng Đạo,20.4492199,106.3229529,93,Moderate,1,18.0,76,0.0,16.7,73,1018.0,100,35.4,36.0,537.0,7.4,117.0,14.3
2026-01-21 17:00:00,2026,1,21,17,Hưng Yên,Phường Trần Hưng Đạo,20.4492199,106.3229529,95,Moderate,1,17.5,78,0.1,16.1,68,1018.3,100,39.6,40.2,538.0,9.2,114.0,15.5
2026-01-21 18:00:00,2026,1,21,18,Hưng Yên,Phường Trần Hưng Đạo,20.4492199,106.3229529,96,Moderate,1,17.4,77,0.0,15.3,68,1018.5,100,42.4,43.0,543.0,11.6,107.0,17.1
2026-01-21 19:00:00,2026,1,21,19,Hưng Yên,Phường Trần Hưng Đạo,20.4492199,106.3229529,98,Moderate,1,17.0,79,0.0,17.2,67,1018.5,9,38.9,39.2,553.0,28.6,31.0,29.2
2026-01-21 20:00:00,2026,1,21,20,Hưng Yên,Phường Trần Hưng Đạo,20.4492199,106.3229529,99,Moderate,1,16.1,82,0.0,11.5,60,1019.6,100,38.4,38.6,573.0,30.7,25.0,31.1
2026-01-21 21:00:00,2026,1,21,21,Hưng Yên,Phường Trần Hưng Đạo,20.4492199,106.3229529,99,Moderate,1,16.6,78,0.0,11.9,60,1019.8,100,35.5,35.7,599.0,33.6,18.0,33.8
2026-01-21 22:00:00,2026,1,21,22,Hưng Yên,Phường Trần Hưng Đạo,20.4492199,106.3229529,98,Moderate,1,16.5,78,0.0,12.0,55,1020.3,100,32.9,33.1,614.0,35.6,12.0,35.4
2026-01-21 23:00:00,2026,1,21,23,Hưng Yên,Phường Trần Hưng Đạo,20.4492199,106.3229529,98,Moderate,1,16.4,77,0.0,13.2,56,1020.3,100,30.5,30.5,612.0,35.9,10.0,35.2
2026-01-22 00:00:00,2026,1,22,0,Hưng Yên,Phường Trần Hưng Đạo,20.4492199,106.3229529,97,Moderate,1,16.0,79,0.1,12.2,52,1020.7,100,27.9,28.1,599.0,35.4,11.0,34.0
2026-01-22 01:00:00,2026,1,22,1,Hưng Yên,Phường Trần Hưng Đạo,20.4492199,106.3229529,96,Moderate,1,15.5,87,0.4,11.2,45,1020.5,100,26.0,26.2,583.0,34.5,12.0,32.7
2026-01-22 02:00:00,2026,1,22,2,Hưng Yên,Phường Trần Hưng Đạo,20.4492199,106.3229529,96,Moderate,1,14.9,90,0.3,12.2,31,1020.3,100,32.1,32.4,562.0,33.3,13.0,31.4
2026-01-22 03:00:00,2026,1,22,3,Hưng Yên,Phường Trần Hưng Đạo,20.4492199,106.3229529,96,Moderate,1,14.1,87,0.0,13.0,22,1020.2,100,29.0,29.2,537.0,31.7,14.0,30.0
2026-01-22 04:00:00,2026,1,22,4,Hưng Yên,Phường Trần Hưng Đạo,20.4492199,106.3229529,95,Moderate,1,13.4,83,0.0,12.8,6,1020.5,100,26.9,27.0,520.0,30.3,15.0,28.8
2026-01-22 05:00:00,2026,1,22,5,Hưng Yên,Phường Trần Hưng Đạo,20.4492199,106.3229529,95,Moderate,1,13.0,79,0.0,13.8,7,1021.1,100,24.7,24.7,516.0,29.5,15.0,28.1
2026-01-22 06:00:00,2026,1,22,6,Hưng Yên,Phường Trần Hưng Đạo,20.4492199,106.3229529,94,Moderate,1,12.4,78,0.0,14.2,1,1021.9,100,22.5,22.5,520.0,28.9,14.0,27.6
2026-01-22 07:00:00,2026,1,22,7,Hưng Yên,Phường Trần Hưng Đạo,20.4492199,106.3229529,93,Moderate,1,12.4,79,0.0,15.1,3,1022.9,100,19.9,20.0,524.0,27.8,16.0,27.7
2026-01-22 08:00:00,2026,1,22,8,Hưng Yên,Phường Trần Hưng Đạo,20.4492199,106.3229529,91,Moderate,1,12.7,76,0.0,16.4,3,1024.1,100,18.3,18.6,530.0,26.5,18.0,27.9
2026-01-22 09:00:00,2026,1,22,9,Hưng Yên,Phường Trần Hưng Đạo,20.4492199,106.3229529,90,Moderate,1,12.6,75,0.0,17.1,2,1025.1,100,17.2,17.5,536.0,24.6,21.0,28.1
2026-01-22 10:00:00,2026,1,22,10,Hưng Yên,Phường Trần Hưng Đạo,20.4492199,106.3229529,88,Moderate,1,13.0,72,0.0,17.5,359,1025.8,100,16.7,17.0,536.0,23.0,24.0,28.4
2026-01-22 11:00:00,2026,1,22,11,Hưng Yên,Phường Trần Hưng Đạo,20.4492199,106.3229529,87,Moderate,1,12.6,73,0.0,16.8,356,1025.7,100,16.3,16.5,524.0,21.9,27.0,28.8
2026-01-22 12:00:00,2026,1,22,12,Hưng Yên,Phường Trần Hưng Đạo,20.4492199,106.3229529,86,Moderate,1,12.5,72,0.0,16.1,353,1024.8,100,16.6,16.9,504.0,21.2,30.0,29.2
2026-01-22 13:00:00,2026,1,22,13,Hưng Yên,Phường Trần Hưng Đạo,20.4492199,106.3229529,85,Moderate,1,12.5,71,0.0,15.7,355,1023.7,100,17.5,17.6,485.0,21.0,33.0,29.8
2026-01-22 14:00:00,2026,1,22,14,Hưng Yên,Phường Trần Hưng Đạo,20.4492199,106.3229529,84,Moderate,1,13.1,66,0.0,15.1,1,1023.0,100,17.3,17.3,467.0,21.4,35.0,30.7
2026-01-22 15:00:00,2026,1,22,15,Hưng Yên,Phường Trần Hưng Đạo,20.4492199,106.3229529,83,Moderate,1,13.0,65,0.0,14.8,3,1022.3,100,16.6,16.7,449.0,22.4,37.0,31.8
2026-01-22 16:00:00,2026,1,22,16,Hưng Yên,Phường Trần Hưng Đạo,20.4492199,106.3229529,81,Moderate,1,13.1,64,0.0,11.9,3,1022.2,100,17.2,17.2,438.0,23.9,37.0,32.9
2026-01-22 17:00:00,2026,1,22,17,Hưng Yên,Phường Trần Hưng Đạo,20.4492199,106.3229529,80,Moderate,1,12.6,64,0.0,10.6,1,1022.5,100,17.7,17.7,439.0,26.4,35.0,34.1
2026-01-22 18:00:00,2026,1,22,18,Hưng Yên,Phường Trần Hưng Đạo,20.4492199,106.3229529,78,Moderate,1,12.4,65,0.0,9.9,357,1022.8,100,18.5,18.5,447.0,29.5,31.0,35.3
2026-01-22 19:00:00,2026,1,22,19,Hưng Yên,Phường Trần Hưng Đạo,20.4492199,106.3229529,75,Moderate,1,12.1,69,0.0,10.6,9,1023.5,100,24.0,24.1,457.0,31.1,26.0,33.3
2026-01-22 20:00:00,2026,1,22,20,Hưng Yên,Phường Trần Hưng Đạo,20.4492199,106.3229529,74,Moderate,1,12.1,69,0.0,10.3,7,1024.1,100,26.0,26.0,468.0,31.8,25.0,34.2
2026-01-22 21:00:00,2026,1,22,21,Hưng Yên,Phường Trần Hưng Đạo,20.4492199,106.3229529,73,Moderate,1,12.1,69,0.0,10.6,3,1024.0,100,26.5,26.5,480.0,32.7,23.0,35.5
2026-01-22 22:00:00,2026,1,22,22,Hưng Yên,Phường Trần Hưng Đạo,20.4492199,106.3229529,72,Moderate,1,12.1,69,0.0,11.4,4,1024.2,100,27.8,27.9,487.0,33.4,21.0,36.3
2026-01-22 23:00:00,2026,1,22,23,Hưng Yên,Phường Trần Hưng Đạo,20.4492199,106.3229529,72,Moderate,1,11.9,70,0.0,11.7,356,1024.1,100,29.0,29.0,485.0,33.6,20.0,36.4
2026-01-23 00:00:00,2026,1,23,0,Hưng Yên,Phường Trần Hưng Đạo,20.4492199,106.3229529,72,Moderate,1,11.9,70,0.0,12.1,356,1024.1,100,30.5,30.5,477.0,33.6,19.0,36.2
2026-01-23 01:00:00,2026,1,23,1,Hưng Yên,Phường Trần Hưng Đạo,20.4492199,106.3229529,72,Moderate,1,11.5,75,0.0,12.0,353,1024.2,100,32.0,32.1,468.0,33.4,19.0,35.7
2026-01-23 02:00:00,2026,1,23,2,Hưng Yên,Phường Trần Hưng Đạo,20.4492199,106.3229529,72,Moderate,1,11.0,77,0.1,12.7,347,1023.8,100,34.0,34.1,457.0,33.0,19.0,35.0
2026-01-23 03:00:00,2026,1,23,3,Hưng Yên,Phường Trần Hưng Đạo,20.4492199,106.3229529,73,Moderate,1,10.7,78,0.0,12.6,347,1023.5,100,34.3,34.5,445.0,32.4,19.0,34.1
2026-01-23 04:00:00,2026,1,23,4,Hưng Yên,Phường Trần Hưng Đạo,20.4492199,106.3229529,73,Moderate,1,10.6,78,0.0,11.8,349,1023.4,100,34.9,34.9,443.0,32.0,19.0,33.5
2026-01-23 05:00:00,2026,1,23,5,Hưng Yên,Phường Trần Hưng Đạo,20.4492199,106.3229529,74,Moderate,1,10.6,78,0.0,11.1,347,1023.8,100,35.4,35.5,461.0,32.3,19.0,33.7
2026-01-23 06:00:00,2026,1,23,6,Hưng Yên,Phường Trần Hưng Đạo,20.4492199,106.3229529,75,Moderate,1,10.4,78,0.0,10.0,347,1024.1,100,34.9,34.9,489.0,32.7,18.0,34.3
2026-01-23 07:00:00,2026,1,23,7,Hưng Yên,Phường Trần Hưng Đạo,20.4492199,106.3229529,76,Moderate,1,10.4,78,0.0,9.5,346,1024.8,100,30.5,30.6,508.0,32.4,19.0,34.6
2026-01-23 08:00:00,2026,1,23,8,Hưng Yên,Phường Trần Hưng Đạo,20.4492199,106.3229529,77,Moderate,1,11.0,76,0.0,9.4,348,1025.6,100,30.4,30.5,511.0,30.0,23.0,34.7
2026-01-23 09:00:00,2026,1,23,9,Hưng Yên,Phường Trần Hưng Đạo,20.4492199,106.3229529,78,Moderate,1,11.8,72,0.0,9.2,356,1026.0,100,29.2,29.3,506.0,26.7,28.0,34.6
2026-01-23 10:00:00,2026,1,23,10,Hưng Yên,Phường Trần Hưng Đạo,20.4492199,106.3229529,79,Moderate,1,13.1,69,0.0,9.7,1,1026.1,98,27.7,27.8,496.0,23.5,35.0,33.2
2026-01-23 11:00:00,2026,1,23,11,Hưng Yên,Phường Trần Hưng Đạo,20.4492199,106.3229529,80,Moderate,1,14.9,66,0.0,8.4,7,1025.3,73,26.1,26.1,481.0,20.8,43.0,29.5
2026-01-23 12:00:00,2026,1,23,12,Hưng Yên,Phường Trần Hưng Đạo,20.4492199,106.3229529,81,Moderate,1,16.6,62,0.0,5.1,23,1024.2,38,25.6,25.7,462.0,18.2,52.0,24.5
2026-01-23 13:00:00,2026,1,23,13,Hưng Yên,Phường Trần Hưng Đạo,20.4492199,106.3229529,82,Moderate,1,16.2,66,0.0,2.9,360,1023.5,100,25.3,25.4,448.0,15.8,61.0,19.8
2026-01-23 14:00:00,2026,1,23,14,Hưng Yên,Phường Trần Hưng Đạo,20.4492199,106.3229529,82,Moderate,1,17.0,64,0.0,2.3,45,1022.3,100,24.4,24.6,442.0,13.3,70.0,15.6
2026-01-23 15:00:00,2026,1,23,15,Hưng Yên,Phường Trần Hưng Đạo,20.4492199,106.3229529,83,Moderate,1,17.5,64,0.0,2.0,100,1021.4,100,24.3,24.6,441.0,10.9,79.0,11.6
2026-01-23 16:00:00,2026,1,23,16,Hưng Yên,Phường Trần Hưng Đạo,20.4492199,106.3229529,84,Moderate,1,17.6,64,0.0,2.7,110,1021.2,96,24.2,24.5,444.0,9.3,85.0,8.7
2026-01-23 17:00:00,2026,1,23,17,Hưng Yên,Phường Trần Hưng Đạo,20.4492199,106.3229529,84,Moderate,1,17.2,65,0.0,5.7,99,1021.1,100,23.9,24.2,454.0,9.0,86.0,7.2
2026-01-23 18:00:00,2026,1,23,18,Hưng Yên,Phường Trần Hưng Đạo,20.4492199,106.3229529,85,Moderate,1,15.7,73,0.0,12.2,99,1021.1,85,27.4,27.8,469.0,9.5,84.0,6.7
2026-01-23 19:00:00,2026,1,23,19,Hưng Yên,Phường Trần Hưng Đạo,20.4492199,106.3229529,85,Moderate,1,13.8,84,0.0,9.6,86,1021.9,53,31.4,31.5,481.0,14.3,59.0,8.8
2026-01-23 20:00:00,2026,1,23,20,Hưng Yên,Phường Trần Hưng Đạo,20.4492199,106.3229529,86,Moderate,1,14.1,83,0.0,9.1,73,1022.1,100,35.5,35.7,490.0,15.4,58.0,9.6
2026-01-23 21:00:00,2026,1,23,21,Hưng Yên,Phường Trần Hưng Đạo,20.4492199,106.3229529,87,Moderate,1,14.4,84,0.0,9.6,57,1022.2,100,37.8,38.2,497.0,16.8,56.0,10.7
2026-01-23 22:00:00,2026,1,23,22,Hưng Yên,Phường Trần Hưng Đạo,20.4492199,106.3229529,88,Moderate,1,14.6,84,0.0,10.7,40,1022.6,100,37.7,38.1,497.0,17.6,54.0,11.3
2026-01-23 23:00:00,2026,1,23,23,Hưng Yên,Phường Trần Hưng Đạo,20.4492199,106.3229529,89,Moderate,1,14.7,84,0.0,11.0,52,1022.7,100,36.9,37.1,484.0,17.1,53.0,11.0
2026-01-24 00:00:00,2026,1,24,0,Hưng Yên,Phường Trần Hưng Đạo,20.4492199,106.3229529,90,Moderate,1,14.9,84,0.0,10.1,51,1022.5,100,35.3,35.5,465.0,15.9,53.0,10.3
2026-01-24 01:00:00,2026,1,24,1,Hưng Yên,Phường Trần Hưng Đạo,20.4492199,106.3229529,90,Moderate,1,14.4,86,0.0,10.7,29,1022.5,100,34.5,34.6,453.0,15.0,52.0,9.9
2026-01-24 02:00:00,2026,1,24,2,Hưng Yên,Phường Trần Hưng Đạo,20.4492199,106.3229529,90,Moderate,1,14.1,87,0.0,9.9,22,1021.9,100,33.1,33.2,454.0,14.2,50.0,9.7
2026-01-24 03:00:00,2026,1,24,3,Hưng Yên,Phường Trần Hưng Đạo,20.4492199,106.3229529,90,Moderate,1,13.8,87,0.0,9.9,19,1021.8,100,32.2,32.4,462.0,13.7,48.0,9.8
2026-01-24 04:00:00,2026,1,24,4,Hưng Yên,Phường Trần Hưng Đạo,20.4492199,106.3229529,90,Moderate,1,13.6,86,0.0,9.7,12,1021.5,100,32.4,32.5,476.0,14.3,45.0,10.7
2026-01-24 05:00:00,2026,1,24,5,Hưng Yên,Phường Trần Hưng Đạo,20.4492199,106.3229529,90,Moderate,1,13.5,86,0.0,9.4,358,1021.7,100,33.4,33.5,498.0,17.2,39.0,13.1
2026-01-24 06:00:00,2026,1,24,6,Hưng Yên,Phường Trần Hưng Đạo,20.4492199,106.3229529,90,Moderate,1,13.3,84,0.0,9.0,345,1022.2,100,36.0,36.1,527.0,21.3,33.0,16.3
2026-01-24 07:00:00,2026,1,24,7,Hưng Yên,Phường Trần Hưng Đạo,20.4492199,106.3229529,90,Moderate,1,13.6,86,0.0,8.6,2,1022.8,100,39.3,39.3,554.0,28.1,23.0,22.6
2026-01-24 08:00:00,2026,1,24,8,Hưng Yên,Phường Trần Hưng Đạo,20.4492199,106.3229529,90,Moderate,1,13.9,84,0.0,8.5,358,1023.2,100,44.2,44.4,582.0,28.3,24.0,24.9
2026-01-24 09:00:00,2026,1,24,9,Hưng Yên,Phường Trần Hưng Đạo,20.4492199,106.3229529,92,Moderate,1,14.1,82,0.0,8.6,352,1023.8,100,43.2,43.2,609.0,28.6,25.0,28.0
2026-01-24 10:00:00,2026,1,24,10,Hưng Yên,Phường Trần Hưng Đạo,20.4492199,106.3229529,93,Moderate,1,14.9,76,0.0,8.3,354,1024.2,100,42.0,42.1,622.0,28.2,28.0,29.7
2026-01-24 11:00:00,2026,1,24,11,Hưng Yên,Phường Trần Hưng Đạo,20.4492199,106.3229529,94,Moderate,1,15.8,73,0.0,7.4,359,1023.6,100,40.6,40.6,611.0,27.0,34.0,29.0
2026-01-24 12:00:00,2026,1,24,12,Hưng Yên,Phường Trần Hưng Đạo,20.4492199,106.3229529,95,Moderate,1,16.5,72,0.0,6.5,28,1022.5,100,39.1,39.2,585.0,25.2,42.0,26.8
2026-01-24 13:00:00,2026,1,24,13,Hưng Yên,Phường Trần Hưng Đạo,20.4492199,106.3229529,97,Moderate,1,16.3,73,0.0,5.9,18,1021.5,100,36.8,36.9,560.0,22.8,50.0,23.7
2026-01-24 14:00:00,2026,1,24,14,Hưng Yên,Phường Trần Hưng Đạo,20.4492199,106.3229529,98,Moderate,1,16.9,72,0.0,3.8,31,1020.2,100,34.3,34.6,538.0,19.3,59.0,19.1
2026-01-24 15:00:00,2026,1,24,15,Hưng Yên,Phường Trần Hưng Đạo,20.4492199,106.3229529,99,Moderate,1,17.1,72,0.0,3.6,57,1019.3,100,31.9,32.1,516.0,15.2,68.0,13.5
2026-01-24 16:00:00,2026,1,24,16,Hưng Yên,Phường Trần Hưng Đạo,20.4492199,106.3229529,99,Moderate,1,17.5,72,0.0,4.0,72,1019.0,100,29.4,29.7,505.0,12.2,74.0,9.5
2026-01-24 17:00:00,2026,1,24,17,Hưng Yên,Phường Trần Hưng Đạo,20.4492199,106.3229529,100,Moderate,1,17.2,74,0.0,4.9,73,1019.1,100,28.2,28.7,507.0,11.4,75.0,8.4
2026-01-24 18:00:00,2026,1,24,18,Hưng Yên,Phường Trần Hưng Đạo,20.4492199,106.3229529,100,Moderate,1,16.7,78,0.0,7.1,80,1018.9,100,30.3,30.7,520.0,11.8,72.0,8.9
2026-01-24 19:00:00,2026,1,24,19,Hưng Yên,Phường Trần Hưng Đạo,20.4492199,106.3229529,100,Moderate,1,16.0,82,0.0,11.2,92,1018.8,61,29.6,29.8,543.0,17.3,44.0,12.1
2026-01-24 20:00:00,2026,1,24,20,Hưng Yên,Phường Trần Hưng Đạo,20.4492199,106.3229529,100,Moderate,1,15.0,88,0.0,7.9,90,1019.0,6,31.7,31.9,586.0,17.9,42.0,12.3
2026-01-24 21:00:00,2026,1,24,21,Hưng Yên,Phường Trần Hưng Đạo,20.4492199,106.3229529,100,Moderate,1,13.9,92,0.0,3.1,83,1019.1,100,35.3,35.6,639.0,18.7,39.0,12.7
2026-01-24 22:00:00,2026,1,24,22,Hưng Yên,Phường Trần Hưng Đạo,20.4492199,106.3229529,100,Moderate,1,15.0,90,0.0,2.4,63,1018.8,100,39.1,39.6,675.0,20.1,35.0,13.1
2026-01-24 23:00:00,2026,1,24,23,Hưng Yên,Phường Trần Hưng Đạo,20.4492199,106.3229529,100,Moderate,1,15.4,89,0.0,2.8,101,1018.5,100,43.0,43.4,679.0,22.3,31.0,13.6
2026-01-25 00:00:00,2026,1,25,0,Hưng Yên,Phường Trần Hưng Đạo,20.4492199,106.3229529,100,Moderate,1,15.6,89,0.0,4.1,119,1018.1,100,47.4,48.0,665.0,24.9,26.0,14.1
2026-01-25 01:00:00,2026,1,25,1,Hưng Yên,Phường Trần Hưng Đạo,20.4492199,106.3229529,102,Unhealthy for Sensitive Groups,2,15.3,89,0.0,1.8,53,1017.6,100,51.1,51.7,648.0,27.2,22.0,14.6
2026-01-25 02:00:00,2026,1,25,2,Hưng Yên,Phường Trần Hưng Đạo,20.4492199,106.3229529,103,Unhealthy for Sensitive Groups,2,15.3,90,0.0,2.8,55,1016.6,100,52.7,53.3,620.0,29.0,20.0,14.9
2026-01-25 03:00:00,2026,1,25,3,Hưng Yên,Phường Trần Hưng Đạo,20.4492199,106.3229529,105,Unhealthy for Sensitive Groups,2,15.4,91,0.0,3.3,54,1015.9,100,55.3,56.0,590.0,30.4,18.0,15.2
2026-01-25 04:00:00,2026,1,25,4,Hưng Yên,Phường Trần Hưng Đạo,20.4492199,106.3229529,108,Unhealthy for Sensitive Groups,2,15.8,91,0.0,5.5,77,1015.6,100,58.4,59.4,592.0,31.5,18.0,15.9
2026-01-25 05:00:00,2026,1,25,5,Hưng Yên,Phường Trần Hưng Đạo,20.4492199,106.3229529,110,Unhealthy for Sensitive Groups,2,15.7,93,0.0,4.7,92,1015.7,100,61.5,62.9,670.0,32.8,18.0,17.8
2026-01-25 06:00:00,2026,1,25,6,Hưng Yên,Phường Trần Hưng Đạo,20.4492199,106.3229529,113,Unhealthy for Sensitive Groups,2,15.4,95,0.0,4.0,95,1016.2,100,66.8,68.2,782.0,33.6,19.0,20.2
2026-01-25 07:00:00,2026,1,25,7,Hưng Yên,Phường Trần Hưng Đạo,20.4492199,106.3229529,117,Unhealthy for Sensitive Groups,2,15.9,93,0.0,2.6,56,1017.2,13,86.8,88.0,834.0,37.3,9.0,26.0
2026-01-25 08:00:00,2026,1,25,8,Hưng Yên,Phường Trần Hưng Đạo,20.4492199,106.3229529,122,Unhealthy for Sensitive Groups,2,17.0,90,0.0,0.8,27,1018.0,100,67.1,68.2,771.0,31.0,25.0,23.6
2026-01-25 09:00:00,2026,1,25,9,Hưng Yên,Phường Trần Hưng Đạo,20.4492199,106.3229529,124,Unhealthy for Sensitive Groups,2,18.5,86,0.0,0.6,198,1018.6,48,45.4,46.4,648.0,22.2,47.0,20.2
2026-01-25 10:00:00,2026,1,25,10,Hưng Yên,Phường Trần Hưng Đạo,20.4492199,106.3229529,124,Unhealthy for Sensitive Groups,2,21.2,73,0.0,8.6,195,1018.5,100,31.9,32.7,540.0,14.6,68.0,16.5
2026-01-25 11:00:00,2026,1,25,11,Hưng Yên,Phường Trần Hưng Đạo,20.4492199,106.3229529,123,Unhealthy for Sensitive Groups,2,22.0,70,0.0,12.1,190,1017.9,100,26.7,27.6,472.0,9.6,87.0,12.4
2026-01-25 12:00:00,2026,1,25,12,Hưng Yên,Phường Trần Hưng Đạo,20.4492199,106.3229529,122,Unhealthy for Sensitive Groups,2,23.0,65,0.0,14.1,184,1016.9,100,24.0,25.0,420.0,5.9,104.0,7.9
2026-01-25 13:00:00,2026,1,25,13,Hưng Yên,Phường Trần Hưng Đạo,20.4492199,106.3229529,120,Unhealthy for Sensitive Groups,2,22.5,70,0.0,13.6,175,1016.2,100,19.6,20.6,385.0,3.4,116.0,4.6
2026-01-25 14:00:00,2026,1,25,14,Hưng Yên,Phường Trần Hưng Đạo,20.4492199,106.3229529,118,Unhealthy for Sensitive Groups,2,22.6,70,0.0,16.0,177,1015.6,95,16.5,17.8,367.0,2.1,119.0,2.9
2026-01-25 15:00:00,2026,1,25,15,Hưng Yên,Phường Trần Hưng Đạo,20.4492199,106.3229529,116,Unhealthy for Sensitive Groups,2,22.8,69,0.1,15.4,175,1015.2,63,15.8,17.2,365.0,2.0,117.0,2.4
2026-01-25 16:00:00,2026,1,25,16,Hưng Yên,Phường Trần Hưng Đạo,20.4492199,106.3229529,115,Unhealthy for Sensitive Groups,2,22.5,72,0.0,15.1,163,1015.3,49,16.5,18.7,380.0,2.7,111.0,2.3
2026-01-25 17:00:00,2026,1,25,17,Hưng Yên,Phường Trần Hưng Đạo,20.4492199,106.3229529,113,Unhealthy for Sensitive Groups,2,21.6,77,0.0,12.2,149,1015.6,19,16.2,19.0,417.0,4.5,102.0,2.8
2026-01-25 18:00:00,2026,1,25,18,Hưng Yên,Phường Trần Hưng Đạo,20.4492199,106.3229529,112,Unhealthy for Sensitive Groups,2,19.7,88,0.0,9.1,131,1015.9,1,19.2,21.4,470.0,7.2,90.0,3.8
2026-01-25 19:00:00,2026,1,25,19,Hưng Yên,Phường Trần Hưng Đạo,20.4492199,106.3229529,111,Unhealthy for Sensitive Groups,2,18.4,94,0.0,7.2,127,1016.3,1,22.2,25.1,522.0,8.7,86.0,4.0
2026-01-25 20:00:00,2026,1,25,20,Hưng Yên,Phường Trần Hưng Đạo,20.4492199,106.3229529,110,Unhealthy for Sensitive Groups,2,17.4,96,0.0,5.3,125,1017.1,3,22.4,25.5,572.0,9.0,83.0,4.8
2026-01-25 21:00:00,2026,1,25,21,Hưng Yên,Phường Trần Hưng Đạo,20.4492199,106.3229529,109,Unhealthy for Sensitive Groups,2,17.1,97,0.0,3.0,123,1017.5,5,22.8,26.0,620.0,9.8,78.0,5.9
2026-01-25 22:00:00,2026,1,25,22,Hưng Yên,Phường Trần Hưng Đạo,20.4492199,106.3229529,108,Unhealthy for Sensitive Groups,2,17.0,97,0.0,0.9,79,1017.6,14,29.5,33.2,647.0,12.0,71.0,6.9
2026-01-25 23:00:00,2026,1,25,23,Hưng Yên,Phường Trần Hưng Đạo,20.4492199,106.3229529,107,Unhealthy for Sensitive Groups,2,16.6,99,0.0,1.7,72,1017.7,16,44.4,48.7,644.0,17.7,58.0,7.7
2026-01-26 00:00:00,2026,1,26,0,Hưng Yên,Phường Trần Hưng Đạo,20.4492199,106.3229529,107,Unhealthy for Sensitive Groups,2,16.4,99,0.0,4.4,69,1017.5,99,63.1,67.3,621.0,24.9,43.0,8.3
2026-01-26 01:00:00,2026,1,26,1,Hưng Yên,Phường Trần Hưng Đạo,20.4492199,106.3229529,109,Unhealthy for Sensitive Groups,2,16.5,99,0.0,5.1,67,1017.6,100,77.3,80.3,584.0,29.0,35.0,8.6
2026-01-26 02:00:00,2026,1,26,2,Hưng Yên,Phường Trần Hưng Đạo,20.4492199,106.3229529,111,Unhealthy for Sensitive Groups,2,16.8,100,0.0,5.6,45,1017.4,100,77.1,79.9,527.0,27.3,39.0,8.2
2026-01-26 03:00:00,2026,1,26,3,Hưng Yên,Phường Trần Hưng Đạo,20.4492199,106.3229529,114,Unhealthy for Sensitive Groups,2,17.1,99,0.0,6.9,47,1017.2,100,61.9,64.5,457.0,22.5,49.0,7.3
2026-01-26 04:00:00,2026,1,26,4,Hưng Yên,Phường Trần Hưng Đạo,20.4492199,106.3229529,115,Unhealthy for Sensitive Groups,2,17.8,98,0.0,8.1,73,1017.1,100,49.0,51.1,403.0,18.2,59.0,6.7
2026-01-26 05:00:00,2026,1,26,5,Hưng Yên,Phường Trần Hưng Đạo,20.4492199,106.3229529,114,Unhealthy for Sensitive Groups,2,18.2,94,0.6,8.7,72,1017.4,80,40.4,41.9,382.0,15.7,65.0,6.6
2026-01-26 06:00:00,2026,1,26,6,Hưng Yên,Phường Trần Hưng Đạo,20.4492199,106.3229529,112,Unhealthy for Sensitive Groups,2,18.4,95,0.2,8.4,71,1018.1,100,30.2,31.5,376.0,13.6,70.0,6.6
2026-01-26 07:00:00,2026,1,26,7,Hưng Yên,Phường Trần Hưng Đạo,20.4492199,106.3229529,108,Unhealthy for Sensitive Groups,2,18.5,95,0.6,6.1,92,1019.0,99,26.6,28.1,364.0,13.0,74.0,7.3
2026-01-26 08:00:00,2026,1,26,8,Hưng Yên,Phường Trần Hưng Đạo,20.4492199,106.3229529,101,Unhealthy for Sensitive Groups,2,19.5,93,0.0,11.2,85,1020.0,37,21.5,23.2,334.0,10.5,79.0,6.4
2026-01-26 09:00:00,2026,1,26,9,Hưng Yên,Phường Trần Hưng Đạo,20.4492199,106.3229529,97,Moderate,1,20.5,88,0.0,10.7,106,1020.8,95,16.3,19.0,297.0,7.0,86.0,5.1
2026-01-26 10:00:00,2026,1,26,10,Hưng Yên,Phường Trần Hưng Đạo,20.4492199,106.3229529,95,Moderate,1,21.5,82,0.1,6.9,113,1020.8,56,13.6,16.7,266.0,4.2,92.0,4.0
2026-01-26 11:00:00,2026,1,26,11,Hưng Yên,Phường Trần Hưng Đạo,20.4492199,106.3229529,93,Moderate,1,23.0,71,0.1,6.3,143,1020.2,94,12.6,16.1,244.0,2.8,97.0,3.3
2026-01-26 12:00:00,2026,1,26,12,Hưng Yên,Phường Trần Hưng Đạo,20.4492199,106.3229529,92,Moderate,1,22.9,73,0.2,6.1,156,1019.1,30,12.4,16.0,229.0,2.1,101.0,2.7
2026-01-26 13:00:00,2026,1,26,13,Hưng Yên,Phường Trần Hưng Đạo,20.4492199,106.3229529,91,Moderate,1,23.6,68,0.2,9.7,153,1018.4,82,13.0,16.8,220.0,1.8,105.0,2.4
2026-01-26 14:00:00,2026,1,26,14,Hưng Yên,Phường Trần Hưng Đạo,20.4492199,106.3229529,90,Moderate,1,22.8,71,0.3,10.1,145,1017.6,74,13.5,17.4,218.0,1.4,109.0,2.3
2026-01-26 15:00:00,2026,1,26,15,Hưng Yên,Phường Trần Hưng Đạo,20.4492199,106.3229529,90,Moderate,1,22.1,76,0.2,10.6,122,1017.1,100,14.7,18.7,222.0,1.4,113.0,2.4
2026-01-26 16:00:00,2026,1,26,16,Hưng Yên,Phường Trần Hưng Đạo,20.4492199,106.3229529,90,Moderate,1,22.8,71,0.0,10.2,116,1016.9,36,15.5,19.5,240.0,2.3,114.0,2.8
2026-01-26 17:00:00,2026,1,26,17,Hưng Yên,Phường Trần Hưng Đạo,20.4492199,106.3229529,90,Moderate,1,22.0,74,0.0,10.3,109,1017.0,22,16.8,20.8,278.0,4.8,110.0,3.5
2026-01-26 18:00:00,2026,1,26,18,Hưng Yên,Phường Trần Hưng Đạo,20.4492199,106.3229529,90,Moderate,1,20.0,84,0.0,8.1,94,1017.6,16,21.1,24.4,329.0,8.3,102.0,4.5
2026-01-26 19:00:00,2026,1,26,19,Hưng Yên,Phường Trần Hưng Đạo,20.4492199,106.3229529,90,Moderate,1,19.2,94,0.0,4.7,86,1018.2,55,28.0,30.7,374.0,12.7,78.0,6.1
2026-01-26 20:00:00,2026,1,26,20,Hưng Yên,Phường Trần Hưng Đạo,20.4492199,106.3229529,90,Moderate,1,18.9,97,0.0,4.7,97,1018.8,48,32.9,35.9,412.0,14.2,73.0,7.2
2026-01-26 21:00:00,2026,1,26,21,Hưng Yên,Phường Trần Hưng Đạo,20.4492199,106.3229529,91,Moderate,1,18.5,97,0.0,5.8,94,1018.8,17,36.6,39.3,443.0,16.4,67.0,8.7
2026-01-26 22:00:00,2026,1,26,22,Hưng Yên,Phường Trần Hưng Đạo,20.4492199,106.3229529,93,Moderate,1,18.0,98,0.0,6.3,83,1019.0,14,40.0,42.6,454.0,18.4,61.0,9.8
2026-01-26 23:00:00,2026,1,26,23,Hưng Yên,Phường Trần Hưng Đạo,20.4492199,106.3229529,93,Moderate,1,17.6,98,0.0,5.8,85,1018.7,30,43.9,46.3,427.0,19.6,58.0,10.4
2026-01-27 00:00:00,2026,1,27,0,Hưng Yên,Phường Trần Hưng Đạo,20.4492199,106.3229529,93,Moderate,1,17.5,99,0.0,4.4,71,1018.4,100,46.8,49.4,379.0,20.5,56.0,10.5
2026-01-27 01:00:00,2026,1,27,1,Hưng Yên,Phường Trần Hưng Đạo,20.4492199,106.3229529,92,Moderate,1,18.1,99,0.0,7.2,112,1018.2,100,51.8,54.5,343.0,22.4,51.0,9.6
2026-01-27 02:00:00,2026,1,27,2,Hưng Yên,Phường Trần Hưng Đạo,20.4492199,106.3229529,90,Moderate,1,18.1,99,0.0,8.2,128,1018.0,100,71.0,72.9,331.0,26.4,39.0,6.6
2026-01-27 03:00:00,2026,1,27,3,Hưng Yên,Phường Trần Hưng Đạo,20.4492199,106.3229529,89,Moderate,1,18.2,99,0.0,4.5,140,1018.1,100,93.4,95.0,331.0,31.3,23.0,2.6
2026-01-27 04:00:00,2026,1,27,4,Hưng Yên,Phường Trần Hưng Đạo,20.4492199,106.3229529,92,Moderate,1,18.2,98,0.0,1.6,84,1018.2,100,129.5,130.9,342.0,34.4,12.0,0.4
2026-01-27 05:00:00,2026,1,27,5,Hưng Yên,Phường Trần Hưng Đạo,20.4492199,106.3229529,99,Moderate,1,18.2,97,0.0,4.8,48,1018.5,100,125.7,126.7,367.0,34.8,7.0,1.3
2026-01-27 06:00:00,2026,1,27,6,Hưng Yên,Phường Trần Hưng Đạo,20.4492199,106.3229529,108,Unhealthy for Sensitive Groups,2,18.2,97,0.0,5.0,46,1019.2,100,127.6,128.5,402.0,33.3,7.0,4.0
2026-01-27 07:00:00,2026,1,27,7,Hưng Yên,Phường Trần Hưng Đạo,20.4492199,106.3229529,118,Unhealthy for Sensitive Groups,2,18.0,98,0.0,6.3,66,1019.8,100,147.1,149.0,434.0,32.2,12.0,3.2
2026-01-27 08:00:00,2026,1,27,8,Hưng Yên,Phường Trần Hưng Đạo,20.4492199,106.3229529,131,Unhealthy for Sensitive Groups,2,18.4,95,0.0,7.2,65,1020.6,45,141.6,143.0,464.0,26.4,34.0,6.5
2026-01-27 09:00:00,2026,1,27,9,Hưng Yên,Phường Trần Hưng Đạo,20.4492199,106.3229529,143,Unhealthy for Sensitive Groups,2,20.0,83,0.0,8.8,73,1021.2,20,79.9,81.7,492.0,18.2,65.0,11.0
2026-01-27 10:00:00,2026,1,27,10,Hưng Yên,Phường Trần Hưng Đạo,20.4492199,106.3229529,150,Unhealthy for Sensitive Groups,2,22.0,70,0.0,8.3,84,1021.3,5,44.2,45.8,502.0,11.5,91.0,13.7
2026-01-27 11:00:00,2026,1,27,11,Hưng Yên,Phường Trần Hưng Đạo,20.4492199,106.3229529,151,Unhealthy,3,23.5,62,0.0,8.5,95,1020.7,53,35.3,36.6,481.0,7.6,106.0,12.9
2026-01-27 12:00:00,2026,1,27,12,Hưng Yên,Phường Trần Hưng Đạo,20.4492199,106.3229529,151,Unhealthy,3,24.0,59,0.0,8.5,97,1019.5,100,32.2,33.3,443.0,5.0,116.0,10.5
2026-01-27 13:00:00,2026,1,27,13,Hưng Yên,Phường Trần Hưng Đạo,20.4492199,106.3229529,152,Unhealthy,3,23.2,61,0.0,10.2,98,1018.4,100,31.1,32.0,413.0,3.4,124.0,8.7
2026-01-27 14:00:00,2026,1,27,14,Hưng Yên,Phường Trần Hưng Đạo,20.4492199,106.3229529,152,Unhealthy,3,24.0,58,0.0,10.3,96,1017.7,52,31.2,31.9,396.0,2.6,133.0,8.7
2026-01-27 15:00:00,2026,1,27,15,Hưng Yên,Phường Trần Hưng Đạo,20.4492199,106.3229529,152,Unhealthy,3,23.4,59,0.0,13.5,90,1017.6,65,32.9,33.6,387.0,2.8,141.0,9.4
2026-01-27 16:00:00,2026,1,27,16,Hưng Yên,Phường Trần Hưng Đạo,20.4492199,106.3229529,153,Unhealthy,3,22.4,61,0.0,14.4,90,1017.7,63,35.5,36.0,400.0,3.7,144.0,10.2
2026-01-27 17:00:00,2026,1,27,17,Hưng Yên,Phường Trần Hưng Đạo,20.4492199,106.3229529,153,Unhealthy,3,21.4,65,0.0,13.4,95,1018.2,34,39.6,40.0,451.0,5.5,140.0,10.9
2026-01-27 18:00:00,2026,1,27,18,Hưng Yên,Phường Trần Hưng Đạo,20.4492199,106.3229529,154,Unhealthy,3,19.4,74,0.0,10.2,100,1018.4,2,45.6,46.0,525.0,7.9,132.0,11.8
2026-01-27 19:00:00,2026,1,27,19,Hưng Yên,Phường Trần Hưng Đạo,20.4492199,106.3229529,154,Unhealthy,3,18.4,83,0.0,7.5,105,1018.9,0,39.3,39.7,587.0,10.3,103.0,13.1
2026-01-27 20:00:00,2026,1,27,20,Hưng Yên,Phường Trần Hưng Đạo,20.4492199,106.3229529,154,Unhealthy,3,17.8,87,0.0,6.4,82,1019.6,0,42.8,43.2,628.0,10.9,100.0,13.6
2026-01-27 21:00:00,2026,1,27,21,Hưng Yên,Phường Trần Hưng Đạo,20.4492199,106.3229529,155,Unhealthy,3,17.1,91,0.0,7.1,69,1020.2,0,45.8,46.2,657.0,11.9,95.0,14.3
2026-01-27 22:00:00,2026,1,27,22,Hưng Yên,Phường Trần Hưng Đạo,20.4492199,106.3229529,155,Unhealthy,3,17.0,93,0.0,7.4,68,1020.3,0,50.2,50.5,671.0,13.6,89.0,15.3
2026-01-27 23:00:00,2026,1,27,23,Hưng Yên,Phường Trần Hưng Đạo,20.4492199,106.3229529,155,Unhealthy,3,16.7,93,0.0,6.9,65,1020.0,1,56.1,56.5,658.0,16.9,83.0,17.0
2026-01-28 00:00:00,2026,1,28,0,Hưng Yên,Phường Trần Hưng Đạo,20.4492199,106.3229529,155,Unhealthy,3,16.5,93,0.0,7.1,56,1019.8,5,62.6,63.1,630.0,21.0,77.0,18.9
2026-01-28 01:00:00,2026,1,28,1,Hưng Yên,Phường Trần Hưng Đạo,20.4492199,106.3229529,156,Unhealthy,3,16.3,94,0.0,5.1,51,1019.5,14,72.6,72.9,614.0,24.0,70.0,19.7
2026-01-28 02:00:00,2026,1,28,2,Hưng Yên,Phường Trần Hưng Đạo,20.4492199,106.3229529,156,Unhealthy,3,16.4,92,0.0,3.5,69,1019.1,15,80.3,80.6,615.0,25.0,63.0,18.4
2026-01-28 03:00:00,2026,1,28,3,Hưng Yên,Phường Trần Hưng Đạo,20.4492199,106.3229529,156,Unhealthy,3,16.1,93,0.0,4.7,74,1019.2,22,85.9,85.9,627.0,25.0,56.0,16.0
2026-01-28 04:00:00,2026,1,28,4,Hưng Yên,Phường Trần Hưng Đạo,20.4492199,106.3229529,156,Unhealthy,3,16.1,94,0.0,5.1,42,1019.3,17,89.2,89.2,664.0,25.2,50.0,14.5
2026-01-28 05:00:00,2026,1,28,5,Hưng Yên,Phường Trần Hưng Đạo,20.4492199,106.3229529,155,Unhealthy,3,15.8,95,0.0,5.4,30,1019.5,1,92.7,92.9,761.0,26.7,42.0,14.7
2026-01-28 06:00:00,2026,1,28,6,Hưng Yên,Phường Trần Hưng Đạo,20.4492199,106.3229529,155,Unhealthy,3,15.5,96,0.0,5.9,31,1020.2,10,93.4,93.6,882.0,28.3,35.0,15.8
2026-01-28 07:00:00,2026,1,28,7,Hưng Yên,Phường Trần Hưng Đạo,20.4492199,106.3229529,154,Unhealthy,3,15.6,97,0.0,4.5,14,1020.9,41,82.0,82.0,933.0,25.0,41.0,17.3
2026-01-28 08:00:00,2026,1,28,8,Hưng Yên,Phường Trần Hưng Đạo,20.4492199,106.3229529,152,Unhealthy,3,18.2,89,0.0,6.2,38,1021.5,0,73.8,74.0,850.0,21.1,56.0,17.3
2026-01-28 09:00:00,2026,1,28,9,Hưng Yên,Phường Trần Hưng Đạo,20.4492199,106.3229529,151,Unhealthy,3,20.2,75,0.0,10.9,57,1021.8,19,49.7,49.8,698.0,15.6,76.0,17.3
2026-01-28 10:00:00,2026,1,28,10,Hưng Yên,Phường Trần Hưng Đạo,20.4492199,106.3229529,150,Unhealthy for Sensitive Groups,2,21.8,65,0.0,12.2,66,1021.6,3,40.5,40.7,577.0,10.8,96.0,16.7
2026-01-28 11:00:00,2026,1,28,11,Hưng Yên,Phường Trần Hưng Đạo,20.4492199,106.3229529,150,Unhealthy for Sensitive Groups,2,22.9,57,0.0,13.3,82,1020.8,0,39.5,39.8,526.0,7.4,114.0,14.9
2026-01-28 12:00:00,2026,1,28,12,Hưng Yên,Phường Trần Hưng Đạo,20.4492199,106.3229529,150,Unhealthy for Sensitive Groups,2,23.4,54,0.0,14.6,90,1019.7,1,39.8,40.2,507.0,4.6,131.0,12.6
2026-01-28 13:00:00,2026,1,28,13,Hưng Yên,Phường Trần Hưng Đạo,20.4492199,106.3229529,150,Unhealthy for Sensitive Groups,2,23.1,56,0.0,12.8,94,1018.9,9,40.7,41.1,503.0,2.8,144.0,10.9
2026-01-28 14:00:00,2026,1,28,14,Hưng Yên,Phường Trần Hưng Đạo,20.4492199,106.3229529,151,Unhealthy,3,23.1,57,0.0,12.1,97,1017.9,34,41.1,41.6,511.0,2.1,150.0,10.6
2026-01-28 15:00:00,2026,1,28,15,Hưng Yên,Phường Trần Hưng Đạo,20.4492199,106.3229529,151,Unhealthy,3,22.6,58,0.0,11.9,96,1017.4,7,41.2,41.7,534.0,2.4,151.0,11.0
2026-01-28 16:00:00,2026,1,28,16,Hưng Yên,Phường Trần Hưng Đạo,20.4492199,106.3229529,151,Unhealthy,3,21.9,61,0.0,12.3,93,1017.1,34,40.5,41.1,564.0,3.4,149.0,11.4
2026-01-28 17:00:00,2026,1,28,17,Hưng Yên,Phường Trần Hưng Đạo,20.4492199,106.3229529,151,Unhealthy,3,20.6,64,0.0,11.7,99,1017.3,36,39.6,40.3,603.0,5.7,142.0,11.7
2026-01-28 18:00:00,2026,1,28,18,Hưng Yên,Phường Trần Hưng Đạo,20.4492199,106.3229529,151,Unhealthy,3,18.7,73,0.0,8.6,110,1017.2,1,43.0,43.5,650.0,8.7,131.0,12.2
2026-01-28 19:00:00,2026,1,28,19,Hưng Yên,Phường Trần Hưng Đạo,20.4492199,106.3229529,151,Unhealthy,3,17.6,83,0.0,7.7,120,1017.8,0,42.0,43.0,688.0,11.1,99.0,12.5
2026-01-28 20:00:00,2026,1,28,20,Hưng Yên,Phường Trần Hưng Đạo,20.4492199,106.3229529,151,Unhealthy,3,17.0,89,0.0,7.7,129,1018.2,0,45.6,46.6,716.0,11.2,97.0,12.6
2026-01-28 21:00:00,2026,1,28,21,Hưng Yên,Phường Trần Hưng Đạo,20.4492199,106.3229529,151,Unhealthy,3,16.6,93,0.0,8.4,135,1018.4,0,45.9,46.8,735.0,11.2,94.0,12.7
2026-01-28 22:00:00,2026,1,28,22,Hưng Yên,Phường Trần Hưng Đạo,20.4492199,106.3229529,151,Unhealthy,3,16.5,95,0.0,8.4,130,1018.1,0,44.4,45.4,740.0,11.0,93.0,12.4
2026-01-28 23:00:00,2026,1,28,23,Hưng Yên,Phường Trần Hưng Đạo,20.4492199,106.3229529,151,Unhealthy,3,16.5,95,0.0,10.0,126,1017.7,0,42.6,43.7,718.0,10.2,94.0,11.4
2026-01-29 00:00:00,2026,1,29,0,Hưng Yên,Phường Trần Hưng Đạo,20.4492199,106.3229529,151,Unhealthy,3,16.5,96,0.0,8.5,134,1017.5,0,40.6,41.9,680.0,9.2,97.0,10.1
2026-01-29 01:00:00,2026,1,29,1,Hưng Yên,Phường Trần Hưng Đạo,20.4492199,106.3229529,150,Unhealthy for Sensitive Groups,2,16.5,97,0.0,7.3,138,1017.3,0,41.4,42.8,655.0,8.6,98.0,9.2
2026-01-29 02:00:00,2026,1,29,2,Hưng Yên,Phường Trần Hưng Đạo,20.4492199,106.3229529,148,Unhealthy for Sensitive Groups,2,16.1,98,0.0,5.0,150,1016.7,0,44.0,45.8,650.0,8.5,97.0,8.9
2026-01-29 03:00:00,2026,1,29,3,Hưng Yên,Phường Trần Hưng Đạo,20.4492199,106.3229529,144,Unhealthy for Sensitive Groups,2,16.1,98,0.0,3.2,164,1016.2,15,47.4,49.8,658.0,8.8,94.0,8.9
2026-01-29 04:00:00,2026,1,29,4,Hưng Yên,Phường Trần Hưng Đạo,20.4492199,106.3229529,140,Unhealthy for Sensitive Groups,2,16.1,99,0.0,4.4,142,1015.8,98,50.3,53.0,683.0,9.8,91.0,9.2
2026-01-29 05:00:00,2026,1,29,5,Hưng Yên,Phường Trần Hưng Đạo,20.4492199,106.3229529,136,Unhealthy for Sensitive Groups,2,16.4,99,0.0,4.6,138,1015.9,100,52.4,55.3,749.0,12.3,86.0,10.2
2026-01-29 06:00:00,2026,1,29,6,Hưng Yên,Phường Trần Hưng Đạo,20.4492199,106.3229529,132,Unhealthy for Sensitive Groups,2,17.5,98,0.0,4.7,152,1016.4,100,54.8,58.0,832.0,15.4,80.0,11.5
2026-01-29 07:00:00,2026,1,29,7,Hưng Yên,Phường Trần Hưng Đạo,20.4492199,106.3229529,128,Unhealthy for Sensitive Groups,2,17.9,97,0.0,2.5,176,1017.2,100,64.0,67.3,861.0,17.3,79.0,12.4
2026-01-29 08:00:00,2026,1,29,8,Hưng Yên,Phường Trần Hưng Đạo,20.4492199,106.3229529,126,Unhealthy for Sensitive Groups,2,18.6,95,0.0,2.2,185,1018.0,100,54.9,56.9,790.0,14.3,87.0,11.5
2026-01-29 09:00:00,2026,1,29,9,Hưng Yên,Phường Trần Hưng Đạo,20.4492199,106.3229529,124,Unhealthy for Sensitive Groups,2,19.7,90,0.0,4.3,208,1018.5,100,41.0,43.1,664.0,10.2,97.0,10.2
2026-01-29 10:00:00,2026,1,29,10,Hưng Yên,Phường Trần Hưng Đạo,20.4492199,106.3229529,123,Unhealthy for Sensitive Groups,2,21.1,82,0.0,8.9,205,1018.6,97,26.0,27.9,549.0,6.8,106.0,8.8
2026-01-29 11:00:00,2026,1,29,11,Hưng Yên,Phường Trần Hưng Đạo,20.4492199,106.3229529,122,Unhealthy for Sensitive Groups,2,23.5,69,0.0,13.2,192,1017.9,98,23.2,25.3,462.0,5.0,110.0,7.3
2026-01-29 12:00:00,2026,1,29,12,Hưng Yên,Phường Trần Hưng Đạo,20.4492199,106.3229529,120,Unhealthy for Sensitive Groups,2,24.8,62,0.1,16.8,185,1016.5,100,19.2,21.2,385.0,3.9,112.0,5.6
2026-01-29 13:00:00,2026,1,29,13,Hưng Yên,Phường Trần Hưng Đạo,20.4492199,106.3229529,118,Unhealthy for Sensitive Groups,2,24.8,61,0.0,17.8,181,1015.3,100,17.7,19.8,336.0,3.1,113.0,4.3
2026-01-29 14:00:00,2026,1,29,14,Hưng Yên,Phường Trần Hưng Đạo,20.4492199,106.3229529,116,Unhealthy for Sensitive Groups,2,24.5,61,0.0,17.8,178,1014.5,100,15.4,17.5,330.0,2.4,115.0,3.4
2026-01-29 15:00:00,2026,1,29,15,Hưng Yên,Phường Trần Hưng Đạo,20.4492199,106.3229529,113,Unhealthy for Sensitive Groups,2,24.1,65,0.0,18.0,173,1014.2,48,14.7,16.9,350.0,2.1,116.0,2.8
2026-01-29 16:00:00,2026,1,29,16,Hưng Yên,Phường Trần Hưng Đạo,20.4492199,106.3229529,110,Unhealthy for Sensitive Groups,2,23.5,70,0.0,17.8,169,1014.3,52,14.3,16.5,368.0,2.3,115.0,2.5
2026-01-29 17:00:00,2026,1,29,17,Hưng Yên,Phường Trần Hưng Đạo,20.4492199,106.3229529,108,Unhealthy for Sensitive Groups,2,22.2,78,0.0,15.7,162,1014.6,45,14.7,16.8,372.0,3.5,110.0,2.7
2026-01-29 18:00:00,2026,1,29,18,Hưng Yên,Phường Trần Hưng Đạo,20.4492199,106.3229529,105,Unhealthy for Sensitive Groups,2,20.6,86,0.0,13.4,152,1014.6,10,17.5,19.5,372.0,5.3,102.0,3.3
2026-01-29 19:00:00,2026,1,29,19,Hưng Yên,Phường Trần Hưng Đạo,20.4492199,106.3229529,102,Unhealthy for Sensitive Groups,2,19.8,95,0.0,11.4,147,1015.1,23,20.5,23.3,371.0,6.9,94.0,3.6
2026-01-29 20:00:00,2026,1,29,20,Hưng Yên,Phường Trần Hưng Đạo,20.4492199,106.3229529,100,Moderate,1,19.7,96,0.0,11.8,151,1015.6,37,17.6,20.7,370.0,6.3,92.0,3.5
2026-01-29 21:00:00,2026,1,29,21,Hưng Yên,Phường Trần Hưng Đạo,20.4492199,106.3229529,98,Moderate,1,19.6,95,0.0,10.0,154,1016.2,12,15.7,18.8,366.0,5.5,90.0,3.4
2026-01-29 22:00:00,2026,1,29,22,Hưng Yên,Phường Trần Hưng Đạo,20.4492199,106.3229529,95,Moderate,1,19.3,95,0.0,7.6,168,1016.5,2,15.8,18.8,360.0,5.3,87.0,3.4
2026-01-29 23:00:00,2026,1,29,23,Hưng Yên,Phường Trần Hưng Đạo,20.4492199,106.3229529,92,Moderate,1,19.0,95,0.0,7.4,174,1016.5,4,17.6,20.5,348.0,6.2,84.0,3.6
2026-01-30 00:00:00,2026,1,30,0,Hưng Yên,Phường Trần Hưng Đạo,20.4492199,106.3229529,90,Moderate,1,19.0,96,0.0,9.0,179,1016.2,1,19.7,23.1,332.0,7.7,80.0,4.0
2026-01-30 01:00:00,2026,1,30,1,Hưng Yên,Phường Trần Hưng Đạo,20.4492199,106.3229529,88,Moderate,1,19.0,96,0.0,8.6,181,1015.7,2,22.3,25.9,318.0,8.9,76.0,4.2
2026-01-30 02:00:00,2026,1,30,2,Hưng Yên,Phường Trần Hưng Đạo,20.4492199,106.3229529,87,Moderate,1,18.8,96,0.0,7.9,177,1015.1,15,23.7,27.4,303.0,9.6,71.0,4.2
2026-01-30 03:00:00,2026,1,30,3,Hưng Yên,Phường Trần Hưng Đạo,20.4492199,106.3229529,85,Moderate,1,18.6,97,0.0,7.0,168,1015.0,38,25.1,28.9,290.0,10.1,66.0,4.0
2026-01-30 04:00:00,2026,1,30,4,Hưng Yên,Phường Trần Hưng Đạo,20.4492199,106.3229529,83,Moderate,1,18.5,97,0.0,6.0,153,1015.4,52,26.1,29.7,290.0,10.4,63.0,4.0
2026-01-30 05:00:00,2026,1,30,5,Hưng Yên,Phường Trần Hưng Đạo,20.4492199,106.3229529,81,Moderate,1,18.6,97,0.0,5.8,146,1015.8,100,24.1,27.5,321.0,11.0,61.0,4.3
2026-01-30 06:00:00,2026,1,30,6,Hưng Yên,Phường Trần Hưng Đạo,20.4492199,106.3229529,78,Moderate,1,19.1,97,0.0,6.5,141,1016.4,100,22.4,25.7,366.0,11.4,62.0,4.8
2026-01-30 07:00:00,2026,1,30,7,Hưng Yên,Phường Trần Hưng Đạo,20.4492199,106.3229529,75,Moderate,1,19.5,98,0.0,6.7,149,1017.3,77,27.2,30.4,386.0,13.8,62.0,6.4
2026-01-30 08:00:00,2026,1,30,8,Hưng Yên,Phường Trần Hưng Đạo,20.4492199,106.3229529,72,Moderate,1,21.1,92,0.0,8.9,155,1018.2,49,19.0,23.0,355.0,10.4,72.0,5.1
2026-01-30 09:00:00,2026,1,30,9,Hưng Yên,Phường Trần Hưng Đạo,20.4492199,106.3229529,69,Moderate,1,22.8,83,0.3,14.0,164,1018.9,52,14.0,18.0,299.0,5.8,85.0,3.2
2026-01-30 10:00:00,2026,1,30,10,Hưng Yên,Phường Trần Hưng Đạo,20.4492199,106.3229529,66,Moderate,1,24.2,70,0.0,15.0,162,1019.2,38,12.0,16.1,256.0,2.3,96.0,1.9
2026-01-30 11:00:00,2026,1,30,11,Hưng Yên,Phường Trần Hưng Đạo,20.4492199,106.3229529,65,Moderate,1,25.1,65,0.1,15.4,163,1018.7,47,10.9,14.9,241.0,1.2,101.0,1.6
2026-01-30 12:00:00,2026,1,30,12,Hưng Yên,Phường Trần Hưng Đạo,20.4492199,106.3229529,64,Moderate,1,25.4,63,0.2,16.7,163,1017.5,44,10.7,14.7,238.0,1.2,103.0,1.7
2026-01-30 13:00:00,2026,1,30,13,Hưng Yên,Phường Trần Hưng Đạo,20.4492199,106.3229529,63,Moderate,1,25.0,64,0.1,16.6,162,1016.6,79,11.0,15.0,238.0,1.4,104.0,1.9
2026-01-30 14:00:00,2026,1,30,14,Hưng Yên,Phường Trần Hưng Đạo,20.4492199,106.3229529,63,Moderate,1,24.7,65,0.1,17.7,158,1015.7,57,11.2,15.4,233.0,1.2,106.0,1.8
2026-01-30 15:00:00,2026,1,30,15,Hưng Yên,Phường Trần Hưng Đạo,20.4492199,106.3229529,62,Moderate,1,24.5,67,0.3,17.6,153,1015.0,63,11.0,15.1,230.0,1.1,106.0,1.7
2026-01-30 16:00:00,2026,1,30,16,Hưng Yên,Phường Trần Hưng Đạo,20.4492199,106.3229529,62,Moderate,1,24.0,68,0.1,17.0,150,1015.1,60,11.8,15.7,242.0,2.0,105.0,2.0
2026-01-30 17:00:00,2026,1,30,17,Hưng Yên,Phường Trần Hưng Đạo,20.4492199,106.3229529,62,Moderate,1,23.0,73,0.0,13.9,143,1015.5,30,13.3,17.3,277.0,4.6,99.0,3.0
2026-01-30 18:00:00,2026,1,30,18,Hưng Yên,Phường Trần Hưng Đạo,20.4492199,106.3229529,62,Moderate,1,21.3,82,0.0,10.0,126,1015.7,1,17.8,20.9,327.0,8.2,91.0,4.4
2026-01-30 19:00:00,2026,1,30,19,Hưng Yên,Phường Trần Hưng Đạo,20.4492199,106.3229529,62,Moderate,1,20.5,91,0.0,9.4,107,1016.1,16,25.7,29.0,374.0,11.7,75.0,5.6
2026-01-30 20:00:00,2026,1,30,20,Hưng Yên,Phường Trần Hưng Đạo,20.4492199,106.3229529,62,Moderate,1,20.0,95,0.0,8.0,100,1017.1,34,31.1,34.5,420.0,12.4,74.0,6.4
2026-01-30 21:00:00,2026,1,30,21,Hưng Yên,Phường Trần Hưng Đạo,20.4492199,106.3229529,63,Moderate,1,19.4,96,0.0,6.4,101,1017.5,25,31.9,35.2,464.0,13.2,73.0,7.4
2026-01-30 22:00:00,2026,1,30,22,Hưng Yên,Phường Trần Hưng Đạo,20.4492199,106.3229529,65,Moderate,1,18.6,97,0.0,4.5,95,1018.0,1,30.3,33.3,482.0,13.8,72.0,7.9
2026-01-30 23:00:00,2026,1,30,23,Hưng Yên,Phường Trần Hưng Đạo,20.4492199,106.3229529,66,Moderate,1,18.2,98,0.0,2.8,79,1017.9,0,29.6,31.9,453.0,13.5,72.0,7.3
2026-01-31 00:00:00,2026,1,31,0,Hưng Yên,Phường Trần Hưng Đạo,20.4492199,106.3229529,67,Moderate,1,17.6,99,0.0,4.0,82,1018.3,3,29.4,31.9,398.0,12.9,73.0,6.2
2026-01-31 01:00:00,2026,1,31,1,Hưng Yên,Phường Trần Hưng Đạo,20.4492199,106.3229529,68,Moderate,1,18.5,100,0.0,6.9,99,1017.9,100,31.1,33.6,355.0,12.9,72.0,5.5
2026-01-31 02:00:00,2026,1,31,2,Hưng Yên,Phường Trần Hưng Đạo,20.4492199,106.3229529,69,Moderate,1,19.0,100,0.0,8.9,109,1017.7,100,33.8,36.6,336.0,13.9,67.0,5.6
2026-01-31 03:00:00,2026,1,31,3,Hưng Yên,Phường Trần Hưng Đạo,20.4492199,106.3229529,70,Moderate,1,19.0,100,0.0,9.5,104,1017.7,100,39.0,41.7,329.0,15.4,60.0,6.1
2026-01-31 04:00:00,2026,1,31,4,Hưng Yên,Phường Trần Hưng Đạo,20.4492199,106.3229529,71,Moderate,1,18.8,100,0.0,7.6,75,1018.2,100,43.9,45.8,332.0,16.9,54.0,7.1
2026-01-31 05:00:00,2026,1,31,5,Hưng Yên,Phường Trần Hưng Đạo,20.4492199,106.3229529,73,Moderate,1,18.4,99,0.0,10.3,65,1018.8,100,49.9,51.1,344.0,18.9,50.0,8.6
2026-01-31 06:00:00,2026,1,31,6,Hưng Yên,Phường Trần Hưng Đạo,20.4492199,106.3229529,75,Moderate,1,18.0,99,0.0,13.8,69,1019.8,100,50.2,51.2,365.0,20.9,47.0,10.6
2026-01-31 07:00:00,2026,1,31,7,Hưng Yên,Phường Trần Hưng Đạo,20.4492199,106.3229529,77,Moderate,1,18.9,99,0.0,14.1,84,1020.2,98,48.0,49.4,398.0,20.4,49.0,10.2
2026-01-31 08:00:00,2026,1,31,8,Hưng Yên,Phường Trần Hưng Đạo,20.4492199,106.3229529,79,Moderate,1,19.8,85,0.0,13.1,88,1021.0,20,31.5,32.8,456.0,17.5,52.0,11.5
2026-01-31 09:00:00,2026,1,31,9,Hưng Yên,Phường Trần Hưng Đạo,20.4492199,106.3229529,80,Moderate,1,21.0,74,0.0,15.7,74,1022.0,98,23.0,24.0,525.0,13.4,56.0,13.3
2026-01-31 10:00:00,2026,1,31,10,Hưng Yên,Phường Trần Hưng Đạo,20.4492199,106.3229529,81,Moderate,1,21.1,72,0.0,16.4,75,1022.5,100,20.5,21.4,566.0,10.0,64.0,14.6
2026-01-31 11:00:00,2026,1,31,11,Hưng Yên,Phường Trần Hưng Đạo,20.4492199,106.3229529,82,Moderate,1,22.0,68,0.0,16.5,62,1022.0,100,20.8,21.6,550.0,8.1,80.0,15.1
2026-01-31 12:00:00,2026,1,31,12,Hưng Yên,Phường Trần Hưng Đạo,20.4492199,106.3229529,83,Moderate,1,22.4,66,0.0,13.8,58,1020.9,86,21.2,22.1,506.0,7.0,100.0,15.1
2026-01-31 13:00:00,2026,1,31,13,Hưng Yên,Phường Trần Hưng Đạo,20.4492199,106.3229529,84,Moderate,1,23.0,67,0.0,14.5,76,1019.8,88,22.4,23.3,478.0,6.3,116.0,14.9
2026-01-31 14:00:00,2026,1,31,14,Hưng Yên,Phường Trần Hưng Đạo,20.4492199,106.3229529,85,Moderate,1,22.9,66,0.0,13.6,78,1019.0,98,23.3,24.4,480.0,5.6,127.0,14.4
2026-01-31 15:00:00,2026,1,31,15,Hưng Yên,Phường Trần Hưng Đạo,20.4492199,106.3229529,86,Moderate,1,22.6,66,0.0,11.8,77,1018.5,72,24.1,25.3,498.0,5.5,135.0,13.8
2026-01-31 16:00:00,2026,1,31,16,Hưng Yên,Phường Trần Hưng Đạo,20.4492199,106.3229529,87,Moderate,1,22.1,66,0.0,10.2,80,1018.5,52,24.6,25.8,530.0,7.1,134.0,13.6
2026-01-31 17:00:00,2026,1,31,17,Hưng Yên,Phường Trần Hưng Đạo,20.4492199,106.3229529,88,Moderate,1,21.4,68,0.0,10.1,95,1018.9,64,26.4,27.5,589.0,11.9,119.0,14.1
2026-01-31 18:00:00,2026,1,31,18,Hưng Yên,Phường Trần Hưng Đạo,20.4492199,106.3229529,89,Moderate,1,19.2,76,0.0,10.4,99,1019.2,10,37.4,38.2,662.0,18.6,97.0,15.1
2026-01-31 19:00:00,2026,1,31,19,Hưng Yên,Phường Trần Hưng Đạo,20.4492199,106.3229529,91,Moderate,1,18.4,82,0.0,10.3,106,1019.6,2,29.3,29.6,706.0,16.7,79.0,13.2
2026-01-31 20:00:00,2026,1,31,20,Hưng Yên,Phường Trần Hưng Đạo,20.4492199,106.3229529,91,Moderate,1,17.9,84,0.0,8.2,82,1020.5,15,31.5,31.8,696.0,16.4,75.0,12.9
2026-01-31 21:00:00,2026,1,31,21,Hưng Yên,Phường Trần Hưng Đạo,20.4492199,106.3229529,91,Moderate,1,17.5,86,0.0,8.8,73,1020.7,25,31.3,31.7,656.0,16.0,68.0,12.5
2026-01-31 22:00:00,2026,1,31,22,Hưng Yên,Phường Trần Hưng Đạo,20.4492199,106.3229529,91,Moderate,1,17.5,86,0.0,10.8,75,1021.1,23,29.9,30.2,617.0,15.3,63.0,12.0
2026-01-31 23:00:00,2026,1,31,23,Hưng Yên,Phường Trần Hưng Đạo,20.4492199,106.3229529,91,Moderate,1,17.2,86,0.0,10.8,72,1021.0,12,26.8,27.1,586.0,13.9,60.0,11.2
2026-02-01 00:00:00,2026,2,1,0,Hưng Yên,Phường Trần Hưng Đạo,20.4492199,106.3229529,91,Moderate,1,16.8,86,0.0,10.0,67,1020.7,24,23.7,23.9,557.0,12.3,59.0,10.3
2026-02-01 01:00:00,2026,2,1,1,Hưng Yên,Phường Trần Hưng Đạo,20.4492199,106.3229529,90,Moderate,1,17.0,85,0.0,10.7,67,1020.7,100,22.8,23.1,540.0,11.7,56.0,10.3
2026-02-01 02:00:00,2026,2,1,2,Hưng Yên,Phường Trần Hưng Đạo,20.4492199,106.3229529,90,Moderate,1,17.5,81,0.0,10.1,61,1020.0,100,23.5,23.6,540.0,12.9,51.0,11.8
2026-02-01 03:00:00,2026,2,1,3,Hưng Yên,Phường Trần Hưng Đạo,20.4492199,106.3229529,89,Moderate,1,17.5,78,0.0,12.4,62,1019.9,100,24.9,25.0,552.0,15.1,46.0,14.1
2026-02-01 04:00:00,2026,2,1,4,Hưng Yên,Phường Trần Hưng Đạo,20.4492199,106.3229529,87,Moderate,1,17.5,75,0.0,13.6,59,1020.1,100,25.9,26.0,572.0,17.1,42.0,16.3
2026-02-01 05:00:00,2026,2,1,5,Hưng Yên,Phường Trần Hưng Đạo,20.4492199,106.3229529,86,Moderate,1,17.3,73,0.0,13.5,59,1020.5,100,25.4,25.6,609.0,18.9,39.0,18.2
2026-02-01 06:00:00,2026,2,1,6,Hưng Yên,Phường Trần Hưng Đạo,20.4492199,106.3229529,84,Moderate,1,17.2,73,0.0,14.1,60,1021.6,100,24.6,24.7,653.0,20.6,38.0,19.8
2026-02-01 07:00:00,2026,2,1,7,Hưng Yên,Phường Trần Hưng Đạo,20.4492199,106.3229529,81,Moderate,1,17.2,75,0.0,12.8,59,1022.3,100,16.6,16.8,674.0,16.6,47.0,15.2
2026-02-01 08:00:00,2026,2,1,8,Hưng Yên,Phường Trần Hưng Đạo,20.4492199,106.3229529,79,Moderate,1,17.5,72,0.0,14.6,60,1022.9,100,14.3,14.5,650.0,15.0,51.0,14.6
2026-02-01 09:00:00,2026,2,1,9,Hưng Yên,Phường Trần Hưng Đạo,20.4492199,106.3229529,77,Moderate,1,17.9,70,0.0,14.0,59,1023.8,100,14.0,14.3,603.0,12.7,56.0,13.7
2026-02-01 10:00:00,2026,2,1,10,Hưng Yên,Phường Trần Hưng Đạo,20.4492199,106.3229529,76,Moderate,1,18.6,67,0.0,12.5,55,1024.2,100,15.8,16.3,565.0,10.9,63.0,13.0
2026-02-01 11:00:00,2026,2,1,11,Hưng Yên,Phường Trần Hưng Đạo,20.4492199,106.3229529,76,Moderate,1,20.0,61,0.0,12.6,53,1023.5,71,18.2,18.8,548.0,9.8,71.0,12.8
2026-02-01 12:00:00,2026,2,1,12,Hưng Yên,Phường Trần Hưng Đạo,20.4492199,106.3229529,76,Moderate,1,20.7,59,0.0,12.6,62,1022.5,100,21.5,22.2,539.0,9.1,81.0,12.8
2026-02-01 13:00:00,2026,2,1,13,Hưng Yên,Phường Trần Hưng Đạo,20.4492199,106.3229529,76,Moderate,1,21.4,58,0.0,12.2,70,1021.1,96,24.9,25.7,535.0,8.8,89.0,12.8
2026-02-01 14:00:00,2026,2,1,14,Hưng Yên,Phường Trần Hưng Đạo,20.4492199,106.3229529,76,Moderate,1,21.2,58,0.0,13.0,80,1020.4,46,27.9,28.8,531.0,8.7,96.0,12.9
2026-02-01 15:00:00,2026,2,1,15,Hưng Yên,Phường Trần Hưng Đạo,20.4492199,106.3229529,76,Moderate,1,20.6,59,0.0,12.6,86,1020.0,1,29.8,30.6,531.0,8.9,101.0,13.0
2026-02-01 16:00:00,2026,2,1,16,Hưng Yên,Phường Trần Hưng Đạo,20.4492199,106.3229529,77,Moderate,1,20.5,60,0.0,11.4,87,1019.9,3,31.4,32.2,540.0,10.1,102.0,13.1
2026-02-01 17:00:00,2026,2,1,17,Hưng Yên,Phường Trần Hưng Đạo,20.4492199,106.3229529,77,Moderate,1,19.5,63,0.0,11.2,93,1020.2,5,32.7,33.5,565.0,12.9,96.0,13.1
2026-02-01 18:00:00,2026,2,1,18,Hưng Yên,Phường Trần Hưng Đạo,20.4492199,106.3229529,78,Moderate,1,17.7,72,0.0,9.3,103,1020.6,1,39.1,39.7,599.0,16.6,86.0,13.2
2026-02-01 19:00:00,2026,2,1,19,Hưng Yên,Phường Trần Hưng Đạo,20.4492199,106.3229529,78,Moderate,1,16.7,78,0.0,6.9,97,1021.0,0,32.2,32.7,628.0,11.2,86.0,10.4
2026-02-01 20:00:00,2026,2,1,20,Hưng Yên,Phường Trần Hưng Đạo,20.4492199,106.3229529,78,Moderate,1,16.4,81,0.0,6.3,93,1021.6,0,31.7,32.2,648.0,10.5,85.0,9.9
2026-02-01 21:00:00,2026,2,1,21,Hưng Yên,Phường Trần Hưng Đạo,20.4492199,106.3229529,78,Moderate,1,16.0,84,0.0,6.1,92,1021.8,0,30.9,31.5,662.0,9.7,82.0,9.3
2026-02-01 22:00:00,2026,2,1,22,Hưng Yên,Phường Trần Hưng Đạo,20.4492199,106.3229529,78,Moderate,1,15.9,86,0.0,7.1,83,1021.8,0,31.2,31.8,664.0,9.1,80.0,8.8
2026-02-01 23:00:00,2026,2,1,23,Hưng Yên,Phường Trần Hưng Đạo,20.4492199,106.3229529,79,Moderate,1,15.7,88,0.0,8.3,74,1021.8,0,31.7,32.4,647.0,9.1,78.0,8.6
2026-02-02 00:00:00,2026,2,2,0,Hưng Yên,Phường Trần Hưng Đạo,20.4492199,106.3229529,79,Moderate,1,15.5,90,0.0,8.3,68,1021.6,4,31.3,31.9,617.0,9.4,75.0,8.5
2026-02-02 01:00:00,2026,2,2,1,Hưng Yên,Phường Trần Hưng Đạo,20.4492199,106.3229529,80,Moderate,1,15.7,91,0.0,8.2,61,1021.4,95,31.7,32.1,592.0,10.0,72.0,8.9
2026-02-02 02:00:00,2026,2,2,2,Hưng Yên,Phường Trần Hưng Đạo,20.4492199,106.3229529,80,Moderate,1,16.6,86,0.0,10.9,52,1021.4,100,32.5,32.8,569.0,10.8,67.0,10.0
2026-02-02 03:00:00,2026,2,2,3,Hưng Yên,Phường Trần Hưng Đạo,20.4492199,106.3229529,81,Moderate,1,17.2,79,0.0,11.4,55,1021.5,100,33.9,34.2,549.0,11.7,61.0,11.6
2026-02-02 04:00:00,2026,2,2,4,Hưng Yên,Phường Trần Hưng Đạo,20.4492199,106.3229529,82,Moderate,1,17.5,74,0.0,12.9,57,1021.6,100,35.4,35.7,557.0,12.9,56.0,13.2
2026-02-02 05:00:00,2026,2,2,5,Hưng Yên,Phường Trần Hưng Đạo,20.4492199,106.3229529,83,Moderate,1,17.4,71,0.0,14.4,57,1022.3,100,36.6,36.9,622.0,14.4,52.0,14.8
2026-02-02 06:00:00,2026,2,2,6,Hưng Yên,Phường Trần Hưng Đạo,20.4492199,106.3229529,84,Moderate,1,17.0,73,0.0,12.8,48,1023.1,100,38.2,38.6,714.0,16.0,50.0,16.4
2026-02-02 07:00:00,2026,2,2,7,Hưng Yên,Phường Trần Hưng Đạo,20.4492199,106.3229529,85,Moderate,1,17.1,73,0.0,10.3,35,1023.9,100,40.3,40.6,765.0,15.6,54.0,16.5
2026-02-02 08:00:00,2026,2,2,8,Hưng Yên,Phường Trần Hưng Đạo,20.4492199,106.3229529,87,Moderate,1,17.5,72,0.0,10.3,25,1024.9,100,41.7,42.3,735.0,15.3,56.0,16.8
2026-02-02 09:00:00,2026,2,2,9,Hưng Yên,Phường Trần Hưng Đạo,20.4492199,106.3229529,90,Moderate,1,17.8,70,0.0,10.7,25,1025.6,100,45.2,46.0,664.0,14.9,60.0,17.1
2026-02-02 10:00:00,2026,2,2,10,Hưng Yên,Phường Trần Hưng Đạo,20.4492199,106.3229529,92,Moderate,1,18.2,66,0.0,11.6,32,1025.8,100,48.4,49.4,603.0,14.1,66.0,17.1
2026-02-02 11:00:00,2026,2,2,11,Hưng Yên,Phường Trần Hưng Đạo,20.4492199,106.3229529,95,Moderate,1,19.0,61,0.0,11.6,37,1025.2,98,49.7,50.8,571.0,12.6,75.0,16.2
2026-02-02 12:00:00,2026,2,2,12,Hưng Yên,Phường Trần Hưng Đạo,20.4492199,106.3229529,98,Moderate,1,19.5,59,0.0,11.0,38,1024.2,95,50.9,52.0,550.0,10.8,86.0,14.9
2026-02-02 13:00:00,2026,2,2,13,Hưng Yên,Phường Trần Hưng Đạo,20.4492199,106.3229529,101,Unhealthy for Sensitive Groups,2,20.5,57,0.0,11.7,43,1023.1,66,51.7,52.7,532.0,9.8,95.0,14.1
2026-02-02 14:00:00,2026,2,2,14,Hưng Yên,Phường Trần Hưng Đạo,20.4492199,106.3229529,104,Unhealthy for Sensitive Groups,2,21.2,55,0.0,10.6,47,1022.0,100,52.2,53.2,505.0,9.5,102.0,14.0
2026-02-02 15:00:00,2026,2,2,15,Hưng Yên,Phường Trần Hưng Đạo,20.4492199,106.3229529,106,Unhealthy for Sensitive Groups,2,21.8,54,0.0,9.4,58,1021.1,91,52.6,53.7,482.0,9.9,106.0,14.4
2026-02-02 16:00:00,2026,2,2,16,Hưng Yên,Phường Trần Hưng Đạo,20.4492199,106.3229529,108,Unhealthy for Sensitive Groups,2,21.8,54,0.0,9.4,60,1020.9,5,53.4,54.4,495.0,12.7,103.0,16.0
2026-02-02 17:00:00,2026,2,2,17,Hưng Yên,Phường Trần Hưng Đạo,20.4492199,106.3229529,111,Unhealthy for Sensitive Groups,2,20.8,58,0.0,7.6,62,1021.3,20,55.2,56.0,569.0,19.3,87.0,19.2
2026-02-02 18:00:00,2026,2,2,18,Hưng Yên,Phường Trần Hưng Đạo,20.4492199,106.3229529,113,Unhealthy for Sensitive Groups,2,17.9,72,0.0,5.0,44,1021.8,20,65.4,65.9,680.0,28.2,64.0,23.6
2026-02-02 19:00:00,2026,2,2,19,Hưng Yên,Phường Trần Hưng Đạo,20.4492199,106.3229529,116,Unhealthy for Sensitive Groups,2,17.0,70,0.0,8.5,358,1022.6,11,70.1,70.5,780.0,32.2,48.0,26.4
2026-02-02 20:00:00,2026,2,2,20,Hưng Yên,Phường Trần Hưng Đạo,20.4492199,106.3229529,120,Unhealthy for Sensitive Groups,2,16.2,72,0.0,6.8,360,1023.4,13,79.6,80.1,861.0,37.8,37.0,32.1
2026-02-02 21:00:00,2026,2,2,21,Hưng Yên,Phường Trần Hưng Đạo,20.4492199,106.3229529,125,Unhealthy for Sensitive Groups,2,15.6,74,0.0,6.5,347,1023.6,20,86.8,87.3,931.0,45.7,21.0,39.9
2026-02-02 22:00:00,2026,2,2,22,Hưng Yên,Phường Trần Hưng Đạo,20.4492199,106.3229529,131,Unhealthy for Sensitive Groups,2,14.9,76,0.0,6.0,351,1023.8,0,94.5,95.0,977.0,51.9,9.0,45.6
2026-02-02 23:00:00,2026,2,2,23,Hưng Yên,Phường Trần Hưng Đạo,20.4492199,106.3229529,137,Unhealthy for Sensitive Groups,2,14.2,80,0.0,5.8,356,1023.7,0,102.9,103.4,983.0,55.2,4.0,47.5
2026-02-03 00:00:00,2026,2,3,0,Hưng Yên,Phường Trần Hưng Đạo,20.4492199,106.3229529,145,Unhealthy for Sensitive Groups,2,13.8,83,0.0,5.6,7,1023.3,2,111.3,112.0,965.0,56.9,1.0,47.3
2026-02-03 01:00:00,2026,2,3,1,Hưng Yên,Phường Trần Hưng Đạo,20.4492199,106.3229529,151,Unhealthy,3,14.1,84,0.0,5.8,355,1023.0,36,116.9,117.6,948.0,57.3,1.0,45.8
2026-02-03 02:00:00,2026,2,3,2,Hưng Yên,Phường Trần Hưng Đạo,20.4492199,106.3229529,152,Unhealthy,3,14.1,84,0.0,6.6,347,1022.3,27,117.3,117.8,925.0,56.3,2.0,42.6
2026-02-03 03:00:00,2026,2,3,3,Hưng Yên,Phường Trần Hưng Đạo,20.4492199,106.3229529,154,Unhealthy,3,13.6,87,0.0,5.7,349,1022.0,80,111.3,112.0,904.0,54.1,4.0,38.1
2026-02-03 04:00:00,2026,2,3,4,Hưng Yên,Phường Trần Hưng Đạo,20.4492199,106.3229529,156,Unhealthy,3,13.0,90,0.0,4.6,351,1022.2,58,105.2,105.7,939.0,51.4,7.0,34.8
2026-02-03 05:00:00,2026,2,3,5,Hưng Yên,Phường Trần Hưng Đạo,20.4492199,106.3229529,158,Unhealthy,3,12.8,91,0.0,4.6,339,1022.3,2,101.7,102.4,1109.0,49.1,7.0,34.5
2026-02-03 06:00:00,2026,2,3,6,Hưng Yên,Phường Trần Hưng Đạo,20.4492199,106.3229529,159,Unhealthy,3,12.5,92,0.0,4.6,334,1023.0,88,100.6,101.0,1334.0,46.3,7.0,35.3
2026-02-03 07:00:00,2026,2,3,7,Hưng Yên,Phường Trần Hưng Đạo,20.4492199,106.3229529,160,Unhealthy,3,13.3,92,0.0,5.4,340,1023.9,95,93.8,94.3,1427.0,37.0,22.0,29.2
2026-02-03 08:00:00,2026,2,3,8,Hưng Yên,Phường Trần Hưng Đạo,20.4492199,106.3229529,162,Unhealthy,3,15.4,84,0.0,5.6,360,1024.3,67,88.0,88.5,1265.0,29.8,41.0,26.4
2026-02-03 09:00:00,2026,2,3,9,Hưng Yên,Phường Trần Hưng Đạo,20.4492199,106.3229529,163,Unhealthy,3,18.0,70,0.0,6.1,19,1025.0,61,67.5,68.5,972.0,19.9,67.0,22.4
2026-02-03 10:00:00,2026,2,3,10,Hưng Yên,Phường Trần Hưng Đạo,20.4492199,106.3229529,163,Unhealthy,3,20.0,60,0.0,9.9,61,1025.2,88,51.1,52.0,729.0,11.8,89.0,18.5
2026-02-03 11:00:00,2026,2,3,11,Hưng Yên,Phường Trần Hưng Đạo,20.4492199,106.3229529,163,Unhealthy,3,21.2,56,0.0,9.4,67,1024.2,100,46.1,47.1,603.0,7.4,102.0,15.0
2026-02-03 12:00:00,2026,2,3,12,Hưng Yên,Phường Trần Hưng Đạo,20.4492199,106.3229529,163,Unhealthy,3,21.5,56,0.0,8.8,70,1023.2,100,44.1,45.3,528.0,4.9,112.0,11.6
2026-02-03 13:00:00,2026,2,3,13,Hưng Yên,Phường Trần Hưng Đạo,20.4492199,106.3229529,163,Unhealthy,3,20.9,60,0.0,7.7,72,1022.2,100,44.9,46.3,482.0,3.3,120.0,9.1
2026-02-03 14:00:00,2026,2,3,14,Hưng Yên,Phường Trần Hưng Đạo,20.4492199,106.3229529,163,Unhealthy,3,21.0,60,0.0,7.3,83,1020.9,100,46.0,47.5,466.0,2.2,130.0,7.7
2026-02-03 15:00:00,2026,2,3,15,Hưng Yên,Phường Trần Hưng Đạo,20.4492199,106.3229529,163,Unhealthy,3,20.9,62,0.0,7.9,89,1020.3,100,44.6,46.2,480.0,1.9,139.0,7.2
2026-02-03 16:00:00,2026,2,3,16,Hưng Yên,Phường Trần Hưng Đạo,20.4492199,106.3229529,162,Unhealthy,3,20.7,63,0.0,8.8,94,1020.1,100,43.8,45.5,505.0,2.8,143.0,7.3
2026-02-03 17:00:00,2026,2,3,17,Hưng Yên,Phường Trần Hưng Đạo,20.4492199,106.3229529,162,Unhealthy,3,20.0,66,0.0,10.4,88,1020.0,100,44.8,46.6,540.0,5.3,138.0,8.1
2026-02-03 18:00:00,2026,2,3,18,Hưng Yên,Phường Trần Hưng Đạo,20.4492199,106.3229529,162,Unhealthy,3,19.0,72,0.0,10.3,89,1020.0,86,50.1,51.3,586.0,8.9,128.0,9.5
2026-02-03 19:00:00,2026,2,3,19,Hưng Yên,Phường Trần Hưng Đạo,20.4492199,106.3229529,162,Unhealthy,3,18.5,78,0.0,9.7,93,1020.1,100,53.1,54.0,628.0,15.3,85.0,11.6
2026-02-03 20:00:00,2026,2,3,20,Hưng Yên,Phường Trần Hưng Đạo,20.4492199,106.3229529,161,Unhealthy,3,17.5,85,0.0,8.7,96,1020.5,7,60.5,61.5,662.0,16.8,82.0,13.2
2026-02-03 21:00:00,2026,2,3,21,Hưng Yên,Phường Trần Hưng Đạo,20.4492199,106.3229529,161,Unhealthy,3,16.4,92,0.0,7.3,106,1020.7,0,67.8,68.7,693.0,18.7,78.0,15.4
2026-02-03 22:00:00,2026,2,3,22,Hưng Yên,Phường Trần Hưng Đạo,20.4492199,106.3229529,160,Unhealthy,3,15.7,94,0.0,5.6,111,1020.7,0,69.6,70.8,720.0,19.7,76.0,16.5
2026-02-03 23:00:00,2026,2,3,23,Hưng Yên,Phường Trần Hưng Đạo,20.4492199,106.3229529,160,Unhealthy,3,15.1,95,0.0,4.7,118,1020.3,0,68.0,68.9,747.0,18.5,77.0,15.5
2026-02-04 00:00:00,2026,2,4,0,Hưng Yên,Phường Trần Hưng Đạo,20.4492199,106.3229529,159,Unhealthy,3,14.9,95,0.0,3.8,135,1019.8,0,64.5,65.7,769.0,16.4,80.0,13.4
2026-02-04 01:00:00,2026,2,4,1,Hưng Yên,Phường Trần Hưng Đạo,20.4492199,106.3229529,158,Unhealthy,3,14.9,97,0.0,5.3,135,1018.9,0,63.3,64.5,778.0,15.6,81.0,12.1
2026-02-04 02:00:00,2026,2,4,2,Hưng Yên,Phường Trần Hưng Đạo,20.4492199,106.3229529,157,Unhealthy,3,15.6,95,0.0,5.6,138,1018.2,0,66.4,67.5,759.0,17.2,78.0,12.6
2026-02-04 03:00:00,2026,2,4,3,Hưng Yên,Phường Trần Hưng Đạo,20.4492199,106.3229529,156,Unhealthy,3,15.2,96,0.0,5.3,145,1017.9,0,75.7,76.8,725.0,20.2,73.0,13.9
2026-02-04 04:00:00,2026,2,4,4,Hưng Yên,Phường Trần Hưng Đạo,20.4492199,106.3229529,155,Unhealthy,3,15.1,97,0.0,4.0,148,1017.8,2,92.7,93.8,710.0,23.7,64.0,14.4
2026-02-04 05:00:00,2026,2,4,5,Hưng Yên,Phường Trần Hưng Đạo,20.4492199,106.3229529,155,Unhealthy,3,15.2,97,0.0,3.5,141,1018.1,12,115.3,116.4,745.0,29.2,45.0,13.1
2026-02-04 06:00:00,2026,2,4,6,Hưng Yên,Phường Trần Hưng Đạo,20.4492199,106.3229529,155,Unhealthy,3,15.1,97,0.0,4.5,130,1018.5,15,148.1,149.0,798.0,35.2,22.0,11.1
2026-02-04 07:00:00,2026,2,4,7,Hưng Yên,Phường Trần Hưng Đạo,20.4492199,106.3229529,156,Unhealthy,3,15.8,99,0.0,3.9,127,1018.9,94,168.1,169.0,804.0,34.2,24.0,7.5
2026-02-04 08:00:00,2026,2,4,8,Hưng Yên,Phường Trần Hưng Đạo,20.4492199,106.3229529,158,Unhealthy,3,18.0,93,0.0,4.0,144,1019.5,49,125.3,126.7,718.0,28.0,50.0,10.3
2026-02-04 09:00:00,2026,2,4,9,Hưng Yên,Phường Trần Hưng Đạo,20.4492199,106.3229529,159,Unhealthy,3,20.1,80,0.0,6.7,161,1020.1,78,75.0,76.8,586.0,19.3,85.0,14.0
2026-02-04 10:00:00,2026,2,4,10,Hưng Yên,Phường Trần Hưng Đạo,20.4492199,106.3229529,159,Unhealthy,3,21.9,68,0.0,10.1,177,1019.9,84,50.2,52.2,478.0,12.2,113.0,15.8
2026-02-04 11:00:00,2026,2,4,11,Hưng Yên,Phường Trần Hưng Đạo,20.4492199,106.3229529,159,Unhealthy,3,22.9,64,0.0,9.4,192,1018.9,100,44.8,46.8,422.0,8.4,126.0,13.8
2026-02-04 12:00:00,2026,2,4,12,Hưng Yên,Phường Trần Hưng Đạo,20.4492199,106.3229529,159,Unhealthy,3,23.1,63,0.0,11.1,192,1017.5,100,43.2,45.1,390.0,6.3,131.0,9.8
2026-02-04 13:00:00,2026,2,4,13,Hưng Yên,Phường Trần Hưng Đạo,20.4492199,106.3229529,159,Unhealthy,3,23.6,60,0.0,12.3,184,1016.4,100,41.0,42.8,369.0,4.7,134.0,6.6
2026-02-04 14:00:00,2026,2,4,14,Hưng Yên,Phường Trần Hưng Đạo,20.4492199,106.3229529,159,Unhealthy,3,23.4,62,0.0,13.2,175,1015.3,100,37.8,39.7,351.0,3.3,138.0,5.1
2026-02-04 15:00:00,2026,2,4,15,Hưng Yên,Phường Trần Hưng Đạo,20.4492199,106.3229529,158,Unhealthy,3,23.5,62,0.0,14.2,171,1014.5,100,34.8,36.7,343.0,2.6,139.0,4.3
2026-02-04 16:00:00,2026,2,4,16,Hưng Yên,Phường Trần Hưng Đạo,20.4492199,106.3229529,158,Unhealthy,3,23.2,64,0.0,15.6,169,1014.2,34,32.2,34.1,356.0,2.7,138.0,4.0
2026-02-04 17:00:00,2026,2,4,17,Hưng Yên,Phường Trần Hưng Đạo,20.4492199,106.3229529,158,Unhealthy,3,21.8,71,0.0,13.8,153,1014.2,2,30.7,32.5,401.0,4.3,131.0,4.4
2026-02-04 18:00:00,2026,2,4,18,Hưng Yên,Phường Trần Hưng Đạo,20.4492199,106.3229529,158,Unhealthy,3,19.8,82,0.0,11.5,138,1014.5,1,36.0,37.5,466.0,6.8,122.0,5.3
2026-02-04 19:00:00,2026,2,4,19,Hưng Yên,Phường Trần Hưng Đạo,20.4492199,106.3229529,157,Unhealthy,3,18.7,90,0.0,10.5,123,1015.4,2,27.6,28.3,524.0,8.7,106.0,6.0
2026-02-04 20:00:00,2026,2,4,20,Hưng Yên,Phường Trần Hưng Đạo,20.4492199,106.3229529,157,Unhealthy,3,18.1,94,0.0,9.4,119,1015.7,0,28.5,29.4,573.0,8.7,103.0,6.1
2026-02-04 21:00:00,2026,2,4,21,Hưng Yên,Phường Trần Hưng Đạo,20.4492199,106.3229529,156,Unhealthy,3,17.8,97,0.0,6.6,112,1016.2,100,29.5,30.5,613.0,8.6,98.0,6.2
2026-02-04 22:00:00,2026,2,4,22,Hưng Yên,Phường Trần Hưng Đạo,20.4492199,106.3229529,155,Unhealthy,3,17.7,98,0.0,4.6,103,1016.3,100,32.1,33.3,622.0,8.8,94.0,6.2
2026-02-04 23:00:00,2026,2,4,23,Hưng Yên,Phường Trần Hưng Đạo,20.4492199,106.3229529,154,Unhealthy,3,18.1,97,0.0,5.7,127,1016.1,81,36.7,38.3,576.0,9.5,91.0,6.0
2026-02-05 00:00:00,2026,2,5,0,Hưng Yên,Phường Trần Hưng Đạo,20.4492199,106.3229529,154,Unhealthy,3,18.2,97,0.0,5.8,146,1015.7,58,37.6,39.9,498.0,10.4,88.0,5.7
2026-02-05 01:00:00,2026,2,5,1,Hưng Yên,Phường Trần Hưng Đạo,20.4492199,106.3229529,153,Unhealthy,3,18.6,98,0.0,8.3,162,1015.4,21,36.7,39.3,431.0,10.9,85.0,5.4
2026-02-05 02:00:00,2026,2,5,2,Hưng Yên,Phường Trần Hưng Đạo,20.4492199,106.3229529,152,Unhealthy,3,18.7,98,0.0,7.8,173,1014.7,23,33.6,36.3,387.0,10.5,82.0,4.9
2026-02-05 03:00:00,2026,2,5,3,Hưng Yên,Phường Trần Hưng Đạo,20.4492199,106.3229529,152,Unhealthy,3,18.6,98,0.0,7.6,173,1014.0,25,29.9,32.8,354.0,9.7,79.0,4.4
2026-02-05 04:00:00,2026,2,5,4,Hưng Yên,Phường Trần Hưng Đạo,20.4492199,106.3229529,151,Unhealthy,3,18.4,98,0.0,6.0,177,1013.8,34,26.6,29.7,345.0,9.2,76.0,4.1
2026-02-05 05:00:00,2026,2,5,5,Hưng Yên,Phường Trần Hưng Đạo,20.4492199,106.3229529,147,Unhealthy for Sensitive Groups,2,18.0,98,0.0,4.4,171,1013.8,99,24.3,27.5,379.0,9.7,72.0,4.3
2026-02-05 06:00:00,2026,2,5,6,Hưng Yên,Phường Trần Hưng Đạo,20.4492199,106.3229529,137,Unhealthy for Sensitive Groups,2,18.2,98,0.0,4.3,165,1014.3,100,23.3,26.5,436.0,10.4,68.0,4.7
2026-02-05 07:00:00,2026,2,5,7,Hưng Yên,Phường Trần Hưng Đạo,20.4492199,106.3229529,124,Unhealthy for Sensitive Groups,2,18.5,99,0.0,1.2,63,1015.1,100,39.9,44.4,468.0,16.1,58.0,7.1
2026-02-05 08:00:00,2026,2,5,8,Hưng Yên,Phường Trần Hưng Đạo,20.4492199,106.3229529,111,Unhealthy for Sensitive Groups,2,19.9,95,0.0,4.3,114,1015.6,100,31.3,36.7,449.0,13.5,65.0,6.6
2026-02-05 09:00:00,2026,2,5,9,Hưng Yên,Phường Trần Hưng Đạo,20.4492199,106.3229529,101,Unhealthy for Sensitive Groups,2,21.5,89,0.1,9.8,174,1015.9,95,27.5,31.4,405.0,10.0,74.0,5.9
2026-02-05 10:00:00,2026,2,5,10,Hưng Yên,Phường Trần Hưng Đạo,20.4492199,106.3229529,97,Moderate,1,22.8,82,0.3,14.7,191,1016.0,100,23.3,27.7,367.0,6.9,83.0,5.2
2026-02-05 11:00:00,2026,2,5,11,Hưng Yên,Phường Trần Hưng Đạo,20.4492199,106.3229529,94,Moderate,1,24.1,73,0.2,15.1,183,1015.1,99,19.4,23.9,348.0,4.9,91.0,4.4
2026-02-05 12:00:00,2026,2,5,12,Hưng Yên,Phường Trần Hưng Đạo,20.4492199,106.3229529,92,Moderate,1,25.0,69,0.1,15.5,181,1013.8,81,17.9,22.0,335.0,3.5,98.0,3.5
2026-02-05 13:00:00,2026,2,5,13,Hưng Yên,Phường Trần Hưng Đạo,20.4492199,106.3229529,90,Moderate,1,25.5,66,0.1,15.7,181,1012.7,95,17.5,21.1,325.0,2.5,103.0,2.8
2026-02-05 14:00:00,2026,2,5,14,Hưng Yên,Phường Trần Hưng Đạo,20.4492199,106.3229529,88,Moderate,1,25.0,69,0.1,16.4,172,1011.9,100,15.9,19.2,314.0,1.9,104.0,2.1
2026-02-05 15:00:00,2026,2,5,15,Hưng Yên,Phường Trần Hưng Đạo,20.4492199,106.3229529,86,Moderate,1,25.3,68,0.1,15.9,164,1011.4,92,15.2,18.5,307.0,1.7,102.0,1.5
2026-02-05 16:00:00,2026,2,5,16,Hưng Yên,Phường Trần Hưng Đạo,20.4492199,106.3229529,84,Moderate,1,24.4,73,0.1,16.6,157,1011.6,98,14.5,18.0,310.0,2.2,99.0,1.4
2026-02-05 17:00:00,2026,2,5,17,Hưng Yên,Phường Trần Hưng Đạo,20.4492199,106.3229529,83,Moderate,1,23.5,76,0.0,14.9,153,1011.9,24,14.5,18.1,332.0,3.9,94.0,1.9
2026-02-05 18:00:00,2026,2,5,18,Hưng Yên,Phường Trần Hưng Đạo,20.4492199,106.3229529,81,Moderate,1,22.0,87,0.0,12.6,142,1012.1,8,17.3,20.4,365.0,6.2,87.0,2.9
2026-02-05 19:00:00,2026,2,5,19,Hưng Yên,Phường Trần Hưng Đạo,20.4492199,106.3229529,79,Moderate,1,20.9,95,0.0,10.3,133,1012.7,100,19.5,23.1,395.0,8.1,89.0,3.6
2026-02-05 20:00:00,2026,2,5,20,Hưng Yên,Phường Trần Hưng Đạo,20.4492199,106.3229529,79,Moderate,1,21.3,94,0.0,9.9,135,1013.4,100,20.0,23.8,422.0,8.5,84.0,4.2
2026-02-05 21:00:00,2026,2,5,21,Hưng Yên,Phường Trần Hưng Đạo,20.4492199,106.3229529,78,Moderate,1,21.8,92,0.0,9.7,146,1013.8,100,21.6,25.4,447.0,9.1,77.0,4.9
2026-02-05 22:00:00,2026,2,5,22,Hưng Yên,Phường Trần Hưng Đạo,20.4492199,106.3229529,77,Moderate,1,21.5,94,0.0,9.8,157,1014.3,100,25.3,29.3,451.0,9.7,70.0,5.4
2026-02-05 23:00:00,2026,2,5,23,Hưng Yên,Phường Trần Hưng Đạo,20.4492199,106.3229529,77,Moderate,1,20.8,97,0.0,8.0,160,1014.1,100,28.8,33.1,420.0,10.5,65.0,5.4
2026-02-06 00:00:00,2026,2,6,0,Hưng Yên,Phường Trần Hưng Đạo,20.4492199,106.3229529,76,Moderate,1,20.2,98,0.0,8.0,160,1013.7,100,29.6,34.0,369.0,11.3,60.0,5.1
2026-02-06 01:00:00,2026,2,6,1,Hưng Yên,Phường Trần Hưng Đạo,20.4492199,106.3229529,75,Moderate,1,20.6,98,0.0,9.3,164,1013.2,100,29.0,33.4,327.0,11.8,57.0,4.8
2026-02-06 02:00:00,2026,2,6,2,Hưng Yên,Phường Trần Hưng Đạo,20.4492199,106.3229529,75,Moderate,1,21.0,96,0.0,9.0,170,1012.8,100,27.9,32.2,302.0,11.5,56.0,4.5
2026-02-06 03:00:00,2026,2,6,3,Hưng Yên,Phường Trần Hưng Đạo,20.4492199,106.3229529,74,Moderate,1,21.0,96,0.0,8.1,176,1012.1,100,26.4,30.5,286.0,10.7,57.0,4.1
2026-02-06 04:00:00,2026,2,6,4,Hưng Yên,Phường Trần Hưng Đạo,20.4492199,106.3229529,74,Moderate,1,20.9,97,0.0,7.0,177,1012.1,100,23.9,27.9,283.0,10.5,57.0,4.1
2026-02-06 05:00:00,2026,2,6,5,Hưng Yên,Phường Trần Hưng Đạo,20.4492199,106.3229529,74,Moderate,1,20.7,98,0.0,5.9,166,1012.3,100,22.2,26.1,305.0,11.6,54.0,4.8
2026-02-06 06:00:00,2026,2,6,6,Hưng Yên,Phường Trần Hưng Đạo,20.4492199,106.3229529,73,Moderate,1,20.6,99,0.0,6.1,148,1012.6,100,22.6,26.4,340.0,13.1,51.0,5.8
2026-02-06 07:00:00,2026,2,6,7,Hưng Yên,Phường Trần Hưng Đạo,20.4492199,106.3229529,73,Moderate,1,20.8,99,0.0,2.4,126,1013.4,100,33.3,37.7,356.0,15.6,48.0,7.4
2026-02-06 08:00:00,2026,2,6,8,Hưng Yên,Phường Trần Hưng Đạo,20.4492199,106.3229529,73,Moderate,1,21.5,94,0.1,6.1,168,1014.0,100,23.6,28.9,332.0,13.0,57.0,6.7
2026-02-06 09:00:00,2026,2,6,9,Hưng Yên,Phường Trần Hưng Đạo,20.4492199,106.3229529,72,Moderate,1,22.6,85,0.1,8.0,174,1014.5,100,20.8,25.5,288.0,9.5,70.0,5.7
2026-02-06 10:00:00,2026,2,6,10,Hưng Yên,Phường Trần Hưng Đạo,20.4492199,106.3229529,71,Moderate,1,23.7,79,0.1,7.6,172,1014.7,100,20.2,24.9,255.0,6.4,80.0,4.6
2026-02-06 11:00:00,2026,2,6,11,Hưng Yên,Phường Trần Hưng Đạo,20.4492199,106.3229529,71,Moderate,1,24.7,73,0.2,6.3,167,1014.3,100,17.7,22.2,247.0,4.4,85.0,3.4
2026-02-06 12:00:00,2026,2,6,12,Hưng Yên,Phường Trần Hưng Đạo,20.4492199,106.3229529,71,Moderate,1,24.5,75,0.1,8.4,161,1013.7,100,15.0,19.1,250.0,2.9,87.0,2.1
2026-02-06 13:00:00,2026,2,6,13,Hưng Yên,Phường Trần Hưng Đạo,20.4492199,106.3229529,71,Moderate,1,24.6,74,0.3,8.9,155,1012.8,100,12.9,16.8,250.0,1.9,88.0,1.2
2026-02-06 14:00:00,2026,2,6,14,Hưng Yên,Phường Trần Hưng Đạo,20.4492199,106.3229529,70,Moderate,1,24.5,76,0.3,12.2,142,1011.9,100,12.0,15.8,240.0,1.3,89.0,1.0
2026-02-06 15:00:00,2026,2,6,15,Hưng Yên,Phường Trần Hưng Đạo,20.4492199,106.3229529,70,Moderate,1,23.2,84,0.5,15.5,137,1011.6,100,12.1,15.9,227.0,1.2,89.0,1.1
2026-02-06 16:00:00,2026,2,6,16,Hưng Yên,Phường Trần Hưng Đạo,20.4492199,106.3229529,70,Moderate,1,22.7,86,0.1,14.8,134,1011.7,100,13.9,18.3,226.0,2.0,87.0,1.4
2026-02-06 17:00:00,2026,2,6,17,Hưng Yên,Phường Trần Hưng Đạo,20.4492199,106.3229529,70,Moderate,1,22.5,86,0.0,13.4,139,1011.9,100,14.0,18.2,244.0,4.3,83.0,1.8
2026-02-06 18:00:00,2026,2,6,18,Hưng Yên,Phường Trần Hưng Đạo,20.4492199,106.3229529,70,Moderate,1,21.9,90,0.0,11.1,124,1012.5,16,18.8,22.4,273.0,7.4,78.0,2.3
2026-02-06 19:00:00,2026,2,6,19,Hưng Yên,Phường Trần Hưng Đạo,20.4492199,106.3229529,70,Moderate,1,21.2,97,0.0,10.8,116,1013.0,26,26.4,30.5,303.0,10.6,67.0,4.0
2026-02-06 20:00:00,2026,2,6,20,Hưng Yên,Phường Trần Hưng Đạo,20.4492199,106.3229529,70,Moderate,1,20.8,98,0.0,10.1,121,1013.8,27,26.3,30.2,333.0,10.3,68.0,4.3
2026-02-06 21:00:00,2026,2,6,21,Hưng Yên,Phường Trần Hưng Đạo,20.4492199,106.3229529,71,Moderate,1,20.5,98,0.0,7.8,127,1014.5,93,25.7,29.5,363.0,9.9,70.0,4.6
2026-02-06 22:00:00,2026,2,6,22,Hưng Yên,Phường Trần Hưng Đạo,20.4492199,106.3229529,71,Moderate,1,20.2,98,0.0,6.1,137,1014.7,100,27.1,30.9,383.0,9.9,70.0,4.9
2026-02-06 23:00:00,2026,2,6,23,Hưng Yên,Phường Trần Hưng Đạo,20.4492199,106.3229529,71,Moderate,1,20.0,98,0.0,4.0,144,1014.8,100,29.3,33.3,386.0,10.6,69.0,5.2
2026-02-07 00:00:00,2026,2,7,0,Hưng Yên,Phường Trần Hưng Đạo,20.4492199,106.3229529,72,Moderate,1,19.7,99,0.0,3.1,118,1014.8,100,31.3,35.5,379.0,11.7,66.0,5.5
2026-02-07 01:00:00,2026,2,7,1,Hưng Yên,Phường Trần Hưng Đạo,20.4492199,106.3229529,72,Moderate,1,20.8,100,0.0,7.0,134,1014.1,100,35.3,39.8,368.0,12.8,63.0,5.3
2026-02-07 02:00:00,2026,2,7,2,Hưng Yên,Phường Trần Hưng Đạo,20.4492199,106.3229529,72,Moderate,1,20.7,100,0.0,6.7,146,1013.8,100,40.7,45.5,351.0,13.7,57.0,4.2
2026-02-07 03:00:00,2026,2,7,3,Hưng Yên,Phường Trần Hưng Đạo,20.4492199,106.3229529,73,Moderate,1,20.7,99,0.0,6.0,131,1013.8,100,51.5,54.8,329.0,14.7,51.0,2.6
2026-02-07 04:00:00,2026,2,7,4,Hưng Yên,Phường Trần Hưng Đạo,20.4492199,106.3229529,76,Moderate,1,20.7,98,0.1,7.5,123,1013.9,100,52.9,54.7,316.0,15.3,47.0,1.9
2026-02-07 05:00:00,2026,2,7,5,Hưng Yên,Phường Trần Hưng Đạo,20.4492199,106.3229529,78,Moderate,1,20.5,98,0.1,9.3,114,1014.3,100,42.0,43.7,319.0,15.8,47.0,2.8
2026-02-07 06:00:00,2026,2,7,6,Hưng Yên,Phường Trần Hưng Đạo,20.4492199,106.3229529,80,Moderate,1,20.1,100,0.1,10.6,101,1015.1,100,35.9,37.3,331.0,16.0,50.0,4.6
2026-02-07 07:00:00,2026,2,7,7,Hưng Yên,Phường Trần Hưng Đạo,20.4492199,106.3229529,81,Moderate,1,20.1,98,0.0,9.4,101,1015.7,100,33.4,35.5,339.0,14.6,54.0,5.7
2026-02-07 08:00:00,2026,2,7,8,Hưng Yên,Phường Trần Hưng Đạo,20.4492199,106.3229529,81,Moderate,1,20.9,94,0.1,12.4,103,1016.6,98,23.2,25.9,338.0,12.6,60.0,5.7
2026-02-07 09:00:00,2026,2,7,9,Hưng Yên,Phường Trần Hưng Đạo,20.4492199,106.3229529,81,Moderate,1,22.0,87,0.4,13.8,102,1017.2,100,20.7,23.1,333.0,9.8,69.0,5.7
2026-02-07 10:00:00,2026,2,7,10,Hưng Yên,Phường Trần Hưng Đạo,20.4492199,106.3229529,81,Moderate,1,23.4,78,0.2,13.2,104,1017.5,100,20.5,22.5,331.0,7.2,80.0,5.7
2026-02-07 11:00:00,2026,2,7,11,Hưng Yên,Phường Trần Hưng Đạo,20.4492199,106.3229529,81,Moderate,1,24.4,71,0.0,14.2,98,1017.0,90,21.2,22.9,335.0,5.2,93.0,5.8
2026-02-07 12:00:00,2026,2,7,12,Hưng Yên,Phường Trần Hưng Đạo,20.4492199,106.3229529,81,Moderate,1,25.0,67,0.0,13.8,98,1016.1,48,23.4,24.4,342.0,3.4,108.0,6.0
2026-02-07 13:00:00,2026,2,7,13,Hưng Yên,Phường Trần Hưng Đạo,20.4492199,106.3229529,82,Moderate,1,25.3,63,0.0,13.2,112,1015.1,49,26.9,27.9,348.0,2.3,120.0,6.1
2026-02-07 14:00:00,2026,2,7,14,Hưng Yên,Phường Trần Hưng Đạo,20.4492199,106.3229529,83,Moderate,1,25.5,61,0.0,14.9,109,1014.1,34,29.3,30.4,348.0,2.0,127.0,6.2
2026-02-07 15:00:00,2026,2,7,15,Hưng Yên,Phường Trần Hưng Đạo,20.4492199,106.3229529,85,Moderate,1,24.4,65,0.0,16.8,99,1013.6,20,31.0,32.1,347.0,2.3,132.0,6.2
2026-02-07 16:00:00,2026,2,7,16,Hưng Yên,Phường Trần Hưng Đạo,20.4492199,106.3229529,87,Moderate,1,23.4,70,0.0,16.5,96,1013.7,15,34.9,36.1,357.0,3.1,134.0,6.3
2026-02-07 17:00:00,2026,2,7,17,Hưng Yên,Phường Trần Hưng Đạo,20.4492199,106.3229529,88,Moderate,1,22.0,77,0.0,16.1,95,1014.1,21,40.3,41.6,389.0,4.9,133.0,6.5
2026-02-07 18:00:00,2026,2,7,18,Hưng Yên,Phường Trần Hưng Đạo,20.4492199,106.3229529,91,Moderate,1,20.6,84,0.0,12.4,90,1014.7,22,46.8,48.0,431.0,7.2,130.0,6.7
2026-02-07 19:00:00,2026,2,7,19,Hưng Yên,Phường Trần Hưng Đạo,20.4492199,106.3229529,93,Moderate,1,20.2,90,0.0,9.7,88,1015.4,16,53.9,55.5,459.0,9.1,124.0,6.5
2026-02-07 20:00:00,2026,2,7,20,Hưng Yên,Phường Trần Hưng Đạo,20.4492199,106.3229529,96,Moderate,1,19.9,92,0.0,10.5,86,1016.3,18,54.9,56.3,458.0,8.6,122.0,6.4
2026-02-07 21:00:00,2026,2,7,21,Hưng Yên,Phường Trần Hưng Đạo,20.4492199,106.3229529,98,Moderate,1,19.6,94,0.0,11.0,84,1016.8,19,54.4,55.6,443.0,8.0,118.0,6.2
2026-02-07 22:00:00,2026,2,7,22,Hưng Yên,Phường Trần Hưng Đạo,20.4492199,106.3229529,101,Unhealthy for Sensitive Groups,2,19.5,94,0.0,11.0,92,1017.0,25,51.6,52.9,432.0,7.4,115.0,6.1
2026-02-07 23:00:00,2026,2,7,23,Hưng Yên,Phường Trần Hưng Đạo,20.4492199,106.3229529,103,Unhealthy for Sensitive Groups,2,19.6,90,0.0,11.5,92,1017.0,100,45.9,47.1,423.0,6.8,112.0,5.9
2026-02-08 00:00:00,2026,2,8,0,Hưng Yên,Phường Trần Hưng Đạo,20.4492199,106.3229529,105,Unhealthy for Sensitive Groups,2,20.6,82,0.0,13.7,88,1017.3,100,41.1,42.4,417.0,6.3,110.0,5.7
2026-02-08 01:00:00,2026,2,8,1,Hưng Yên,Phường Trần Hưng Đạo,20.4492199,106.3229529,106,Unhealthy for Sensitive Groups,2,20.6,83,0.2,20.0,82,1017.4,100,37.6,38.6,442.0,6.0,106.0,6.1
2026-02-08 02:00:00,2026,2,8,2,Hưng Yên,Phường Trần Hưng Đạo,20.4492199,106.3229529,106,Unhealthy for Sensitive Groups,2,20.0,78,0.1,21.4,77,1017.1,100,39.8,40.6,522.0,5.8,102.0,7.3
2026-02-08 03:00:00,2026,2,8,3,Hưng Yên,Phường Trần Hưng Đạo,20.4492199,106.3229529,106,Unhealthy for Sensitive Groups,2,19.4,86,0.6,21.0,74,1017.1,98,43.2,43.9,631.0,5.9,98.0,9.1
2026-02-08 04:00:00,2026,2,8,4,Hưng Yên,Phường Trần Hưng Đạo,20.4492199,106.3229529,106,Unhealthy for Sensitive Groups,2,18.9,86,0.0,22.2,73,1017.2,100,44.1,44.8,721.0,6.6,90.0,11.3
2026-02-08 05:00:00,2026,2,8,5,Hưng Yên,Phường Trần Hưng Đạo,20.4492199,106.3229529,105,Unhealthy for Sensitive Groups,2,19.0,81,0.0,23.5,73,1017.7,100,43.3,43.8,774.0,8.3,75.0,14.1
2026-02-08 06:00:00,2026,2,8,6,Hưng Yên,Phường Trần Hưng Đạo,20.4492199,106.3229529,105,Unhealthy for Sensitive Groups,2,19.0,79,0.0,24.5,70,1018.9,100,42.0,42.5,806.0,10.7,57.0,17.4
2026-02-08 07:00:00,2026,2,8,7,Hưng Yên,Phường Trần Hưng Đạo,20.4492199,106.3229529,105,Unhealthy for Sensitive Groups,2,18.9,82,0.5,21.7,61,1019.6,100,34.8,35.2,821.0,10.5,59.0,17.6
2026-02-08 08:00:00,2026,2,8,8,Hưng Yên,Phường Trần Hưng Đạo,20.4492199,106.3229529,105,Unhealthy for Sensitive Groups,2,18.4,80,0.1,23.1,58,1020.6,100,30.3,30.5,811.0,11.2,55.0,18.5
2026-02-08 09:00:00,2026,2,8,9,Hưng Yên,Phường Trần Hưng Đạo,20.4492199,106.3229529,106,Unhealthy for Sensitive Groups,2,18.1,81,0.3,22.3,58,1022.0,100,23.9,24.0,782.0,12.2,49.0,19.8
2026-02-08 10:00:00,2026,2,8,10,Hưng Yên,Phường Trần Hưng Đạo,20.4492199,106.3229529,107,Unhealthy for Sensitive Groups,2,17.5,90,1.0,18.8,49,1022.9,100,25.6,26.0,757.0,13.5,44.0,21.4
2026-02-08 11:00:00,2026,2,8,11,Hưng Yên,Phường Trần Hưng Đạo,20.4492199,106.3229529,107,Unhealthy for Sensitive Groups,2,17.3,91,1.2,15.7,24,1022.9,100,20.5,20.6,747.0,15.1,41.0,23.3
2026-02-08 12:00:00,2026,2,8,12,Hưng Yên,Phường Trần Hưng Đạo,20.4492199,106.3229529,107,Unhealthy for Sensitive Groups,2,17.0,90,1.1,13.4,11,1022.5,100,22.2,22.4,740.0,16.9,39.0,25.5
2026-02-08 13:00:00,2026,2,8,13,Hưng Yên,Phường Trần Hưng Đạo,20.4492199,106.3229529,107,Unhealthy for Sensitive Groups,2,16.6,91,0.7,13.6,7,1021.8,100,21.2,21.3,725.0,18.4,38.0,27.5
2026-02-08 14:00:00,2026,2,8,14,Hưng Yên,Phường Trần Hưng Đạo,20.4492199,106.3229529,106,Unhealthy for Sensitive Groups,2,15.6,91,1.1,14.0,351,1021.2,100,20.5,20.5,691.0,19.3,38.0,29.2
2026-02-08 15:00:00,2026,2,8,15,Hưng Yên,Phường Trần Hưng Đạo,20.4492199,106.3229529,105,Unhealthy for Sensitive Groups,2,15.1,86,0.5,17.0,351,1020.9,100,19.6,19.6,649.0,19.9,38.0,30.7
2026-02-08 16:00:00,2026,2,8,16,Hưng Yên,Phường Trần Hưng Đạo,20.4492199,106.3229529,104,Unhealthy for Sensitive Groups,2,14.4,83,0.3,18.2,357,1021.2,100,25.8,26.0,619.0,20.8,37.0,31.8
2026-02-08 17:00:00,2026,2,8,17,Hưng Yên,Phường Trần Hưng Đạo,20.4492199,106.3229529,103,Unhealthy for Sensitive Groups,2,14.3,81,0.1,17.3,358,1021.2,100,25.7,25.9,610.0,22.6,35.0,32.3
2026-02-08 18:00:00,2026,2,8,18,Hưng Yên,Phường Trần Hưng Đạo,20.4492199,106.3229529,102,Unhealthy for Sensitive Groups,2,14.1,79,0.0,15.1,351,1021.6,100,24.7,25.0,613.0,24.7,32.0,32.5
2026-02-08 19:00:00,2026,2,8,19,Hưng Yên,Phường Trần Hưng Đạo,20.4492199,106.3229529,100,Moderate,1,13.2,84,0.0,16.3,354,1022.2,100,25.7,25.7,617.0,24.6,30.0,26.8
2026-02-08 20:00:00,2026,2,8,20,Hưng Yên,Phường Trần Hưng Đạo,20.4492199,106.3229529,97,Moderate,1,13.4,83,0.0,15.5,351,1023.0,100,25.0,25.1,623.0,24.3,31.0,27.0
2026-02-08 21:00:00,2026,2,8,21,Hưng Yên,Phường Trần Hưng Đạo,20.4492199,106.3229529,94,Moderate,1,13.4,81,0.0,13.3,3,1022.6,100,24.7,24.7,630.0,23.8,31.0,27.4
2026-02-08 22:00:00,2026,2,8,22,Hưng Yên,Phường Trần Hưng Đạo,20.4492199,106.3229529,92,Moderate,1,13.4,80,0.0,12.2,340,1023.0,100,25.4,25.4,632.0,23.4,32.0,27.5
2026-02-08 23:00:00,2026,2,8,23,Hưng Yên,Phường Trần Hưng Đạo,20.4492199,106.3229529,89,Moderate,1,13.6,76,0.0,14.7,349,1022.8,100,27.9,28.1,624.0,23.1,32.0,27.3
2026-02-09 00:00:00,2026,2,9,0,Hưng Yên,Phường Trần Hưng Đạo,20.4492199,106.3229529,88,Moderate,1,13.4,76,0.0,13.1,351,1022.3,100,26.7,26.8,611.0,22.8,33.0,26.9
2026-02-09 01:00:00,2026,2,9,1,Hưng Yên,Phường Trần Hưng Đạo,20.4492199,106.3229529,87,Moderate,1,13.4,81,0.0,14.2,344,1021.8,100,27.5,27.7,598.0,22.5,33.0,26.5
2026-02-09 02:00:00,2026,2,9,2,Hưng Yên,Phường Trần Hưng Đạo,20.4492199,106.3229529,86,Moderate,1,13.1,83,0.0,14.9,342,1021.1,100,27.4,27.5,583.0,22.1,33.0,26.2
2026-02-09 03:00:00,2026,2,9,3,Hưng Yên,Phường Trần Hưng Đạo,20.4492199,106.3229529,85,Moderate,1,13.1,85,0.0,13.4,343,1020.8,100,27.0,27.2,567.0,21.7,32.0,25.9
2026-02-09 04:00:00,2026,2,9,4,Hưng Yên,Phường Trần Hưng Đạo,20.4492199,106.3229529,83,Moderate,1,13.1,84,0.0,12.6,346,1020.4,100,27.2,27.5,560.0,21.6,32.0,25.9
2026-02-09 05:00:00,2026,2,9,5,Hưng Yên,Phường Trần Hưng Đạo,20.4492199,106.3229529,82,Moderate,1,13.1,84,0.0,12.0,347,1020.2,100,30.0,30.5,565.0,22.1,31.0,26.2
2026-02-09 06:00:00,2026,2,9,6,Hưng Yên,Phường Trần Hưng Đạo,20.4492199,106.3229529,80,Moderate,1,13.1,84,0.0,13.8,346,1020.7,100,33.9,34.5,579.0,22.9,30.0,26.8
2026-02-09 07:00:00,2026,2,9,7,Hưng Yên,Phường Trần Hưng Đạo,20.4492199,106.3229529,80,Moderate,1,12.8,86,0.0,11.8,344,1021.2,94,28.9,29.3,594.0,22.0,33.0,27.2
2026-02-09 08:00:00,2026,2,9,8,Hưng Yên,Phường Trần Hưng Đạo,20.4492199,106.3229529,79,Moderate,1,13.9,81,0.0,10.7,353,1021.6,100,30.9,31.4,613.0,20.2,37.0,28.2
2026-02-09 09:00:00,2026,2,9,9,Hưng Yên,Phường Trần Hưng Đạo,20.4492199,106.3229529,79,Moderate,1,14.3,79,0.0,11.8,353,1022.5,100,34.9,35.7,634.0,17.9,43.0,29.5
2026-02-09 10:00:00,2026,2,9,10,Hưng Yên,Phường Trần Hưng Đạo,20.4492199,106.3229529,80,Moderate,1,13.9,83,0.0,13.0,343,1022.5,100,39.3,40.3,643.0,16.6,48.0,30.3
2026-02-09 11:00:00,2026,2,9,11,Hưng Yên,Phường Trần Hưng Đạo,20.4492199,106.3229529,81,Moderate,1,14.5,82,0.0,12.8,343,1021.5,100,41.4,42.6,629.0,17.4,51.0,30.0
2026-02-09 12:00:00,2026,2,9,12,Hưng Yên,Phường Trần Hưng Đạo,20.4492199,106.3229529,83,Moderate,1,17.0,72,0.0,9.8,5,1020.1,100,41.4,42.7,602.0,19.3,53.0,29.1
2026-02-09 13:00:00,2026,2,9,13,Hưng Yên,Phường Trần Hưng Đạo,20.4492199,106.3229529,85,Moderate,1,15.4,77,0.0,10.7,347,1019.3,100,41.2,42.5,580.0,20.9,54.0,28.1
2026-02-09 14:00:00,2026,2,9,14,Hưng Yên,Phường Trần Hưng Đạo,20.4492199,106.3229529,87,Moderate,1,15.8,76,0.0,10.9,348,1018.4,100,41.1,42.5,569.0,21.3,56.0,26.8
2026-02-09 15:00:00,2026,2,9,15,Hưng Yên,Phường Trần Hưng Đạo,20.4492199,106.3229529,89,Moderate,1,15.5,78,0.0,9.3,350,1017.8,100,43.7,45.2,563.0,21.5,57.0,25.3
2026-02-09 16:00:00,2026,2,9,16,Hưng Yên,Phường Trần Hưng Đạo,20.4492199,106.3229529,91,Moderate,1,16.2,76,0.0,6.1,12,1017.5,100,47.6,49.2,565.0,22.8,56.0,24.6
2026-02-09 17:00:00,2026,2,9,17,Hưng Yên,Phường Trần Hưng Đạo,20.4492199,106.3229529,93,Moderate,1,16.3,77,0.0,5.2,41,1017.2,83,49.1,50.9,582.0,26.1,51.0,24.9
2026-02-09 18:00:00,2026,2,9,18,Hưng Yên,Phường Trần Hưng Đạo,20.4492199,106.3229529,95,Moderate,1,15.8,80,0.0,3.1,36,1017.3,98,51.6,53.2,607.0,30.5,43.0,25.8
2026-02-09 19:00:00,2026,2,9,19,Hưng Yên,Phường Trần Hưng Đạo,20.4492199,106.3229529,97,Moderate,1,15.6,80,0.0,6.0,5,1017.7,100,49.4,50.1,619.0,29.8,35.0,24.8
2026-02-09 20:00:00,2026,2,9,20,Hưng Yên,Phường Trần Hưng Đạo,20.4492199,106.3229529,99,Moderate,1,15.4,82,0.0,4.0,10,1018.5,100,54.7,55.3,605.0,34.5,28.0,27.5
2026-02-09 21:00:00,2026,2,9,21,Hưng Yên,Phường Trần Hưng Đạo,20.4492199,106.3229529,102,Unhealthy for Sensitive Groups,2,15.8,81,0.0,5.3,45,1018.4,100,60.5,61.0,578.0,41.0,18.0,31.2
2026-02-09 22:00:00,2026,2,9,22,Hưng Yên,Phường Trần Hưng Đạo,20.4492199,106.3229529,106,Unhealthy for Sensitive Groups,2,15.8,83,0.0,2.5,30,1018.4,100,69.2,69.8,557.0,46.2,11.0,34.0
2026-02-09 23:00:00,2026,2,9,23,Hưng Yên,Phường Trần Hưng Đạo,20.4492199,106.3229529,110,Unhealthy for Sensitive Groups,2,15.9,83,0.0,3.3,354,1018.2,100,77.3,78.2,548.0,48.7,8.0,34.6
2026-02-10 00:00:00,2026,2,10,0,Hưng Yên,Phường Trần Hưng Đạo,20.4492199,106.3229529,116,Unhealthy for Sensitive Groups,2,15.9,83,0.0,3.7,331,1018.0,100,79.6,80.3,544.0,49.9,7.0,34.3
2026-02-10 01:00:00,2026,2,10,1,Hưng Yên,Phường Trần Hưng Đạo,20.4492199,106.3229529,121,Unhealthy for Sensitive Groups,2,15.7,86,0.0,3.7,337,1017.7,100,78.7,79.6,543.0,51.2,6.0,34.5
2026-02-10 02:00:00,2026,2,10,2,Hưng Yên,Phường Trần Hưng Đạo,20.4492199,106.3229529,126,Unhealthy for Sensitive Groups,2,15.8,85,0.0,5.2,340,1017.3,100,79.2,80.1,539.0,53.6,4.0,35.9
2026-02-10 03:00:00,2026,2,10,3,Hưng Yên,Phường Trần Hưng Đạo,20.4492199,106.3229529,132,Unhealthy for Sensitive Groups,2,15.8,86,0.0,6.2,338,1016.8,100,81.3,82.2,537.0,56.1,3.0,37.9
2026-02-10 04:00:00,2026,2,10,4,Hưng Yên,Phường Trần Hưng Đạo,20.4492199,106.3229529,138,Unhealthy for Sensitive Groups,2,15.7,86,0.0,7.0,328,1016.8,100,82.9,83.8,557.0,57.5,2.0,39.9
2026-02-10 05:00:00,2026,2,10,5,Hưng Yên,Phường Trần Hưng Đạo,20.4492199,106.3229529,143,Unhealthy for Sensitive Groups,2,15.6,86,0.0,5.9,320,1017.0,100,84.5,85.4,619.0,57.5,2.0,41.5
2026-02-10 06:00:00,2026,2,10,6,Hưng Yên,Phường Trần Hưng Đạo,20.4492199,106.3229529,149,Unhealthy for Sensitive Groups,2,15.6,87,0.0,6.1,315,1017.6,100,86.1,86.8,702.0,56.5,2.0,43.0
2026-02-10 07:00:00,2026,2,10,7,Hưng Yên,Phường Trần Hưng Đạo,20.4492199,106.3229529,151,Unhealthy,3,15.6,86,0.0,6.3,325,1018.5,100,86.6,87.5,759.0,55.6,4.0,44.9
2026-02-10 08:00:00,2026,2,10,8,Hưng Yên,Phường Trần Hưng Đạo,20.4492199,106.3229529,152,Unhealthy,3,16.2,84,0.0,7.5,323,1019.2,100,83.6,84.8,771.0,53.1,9.0,49.8
2026-02-10 09:00:00,2026,2,10,9,Hưng Yên,Phường Trần Hưng Đạo,20.4492199,106.3229529,153,Unhealthy,3,17.0,82,0.0,7.5,323,1019.6,100,80.6,81.7,757.0,49.5,17.0,56.2
2026-02-10 10:00:00,2026,2,10,10,Hưng Yên,Phường Trần Hưng Đạo,20.4492199,106.3229529,154,Unhealthy,3,18.5,78,0.0,6.2,316,1019.7,99,75.9,77.5,724.0,44.9,27.0,58.7
2026-02-10 11:00:00,2026,2,10,11,Hưng Yên,Phường Trần Hưng Đạo,20.4492199,106.3229529,155,Unhealthy,3,20.5,73,0.0,8.0,318,1018.9,71,70.5,72.2,664.0,38.9,42.0,54.0
2026-02-10 12:00:00,2026,2,10,12,Hưng Yên,Phường Trần Hưng Đạo,20.4492199,106.3229529,156,Unhealthy,3,22.4,68,0.0,3.1,260,1017.9,100,63.3,65.2,586.0,32.0,61.0,45.4
2026-02-10 13:00:00,2026,2,10,13,Hưng Yên,Phường Trần Hưng Đạo,20.4492199,106.3229529,156,Unhealthy,3,21.6,70,0.0,2.4,222,1016.9,100,50.5,52.3,520.0,26.1,76.0,37.3
2026-02-10 14:00:00,2026,2,10,14,Hưng Yên,Phường Trần Hưng Đạo,20.4492199,106.3229529,156,Unhealthy,3,22.0,69,0.0,2.2,180,1015.9,100,44.4,46.2,476.0,21.2,87.0,30.8
2026-02-10 15:00:00,2026,2,10,15,Hưng Yên,Phường Trần Hưng Đạo,20.4492199,106.3229529,157,Unhealthy,3,22.5,68,0.0,2.5,150,1015.3,100,44.0,45.9,445.0,17.3,94.0,24.9
2026-02-10 16:00:00,2026,2,10,16,Hưng Yên,Phường Trần Hưng Đạo,20.4492199,106.3229529,157,Unhealthy,3,22.6,69,0.0,1.9,131,1015.3,100,45.2,47.0,429.0,16.1,96.0,20.9
2026-02-10 17:00:00,2026,2,10,17,Hưng Yên,Phường Trần Hưng Đạo,20.4492199,106.3229529,157,Unhealthy,3,22.8,69,0.0,5.4,124,1015.4,41,48.3,50.1,434.0,19.8,88.0,19.9
2026-02-10 18:00:00,2026,2,10,18,Hưng Yên,Phường Trần Hưng Đạo,20.4492199,106.3229529,156,Unhealthy,3,21.1,77,0.0,9.4,122,1016.1,8,60.3,61.7,455.0,26.4,73.0,20.8
2026-02-10 19:00:00,2026,2,10,19,Hưng Yên,Phường Trần Hưng Đạo,20.4492199,106.3229529,157,Unhealthy,3,19.5,87,0.0,8.4,100,1016.8,20,90.6,92.7,476.0,31.7,49.0,28.5
2026-02-10 20:00:00,2026,2,10,20,Hưng Yên,Phường Trần Hưng Đạo,20.4492199,106.3229529,158,Unhealthy,3,19.3,88,0.0,7.1,83,1017.6,2,96.2,98.0,501.0,33.4,44.0,29.3
2026-02-10 21:00:00,2026,2,10,21,Hưng Yên,Phường Trần Hưng Đạo,20.4492199,106.3229529,158,Unhealthy,3,18.2,94,0.0,5.9,78,1018.4,12,95.9,97.6,527.0,35.8,37.0,30.2
2026-02-10 22:00:00,2026,2,10,22,Hưng Yên,Phường Trần Hưng Đạo,20.4492199,106.3229529,159,Unhealthy,3,17.9,95,0.0,5.9,92,1018.8,12,95.0,96.6,527.0,37.1,32.0,29.9
2026-02-10 23:00:00,2026,2,10,23,Hưng Yên,Phường Trần Hưng Đạo,20.4492199,106.3229529,160,Unhealthy,3,17.8,97,0.0,5.8,88,1018.7,26,91.0,92.7,480.0,37.1,30.0,27.9
2026-02-11 00:00:00,2026,2,11,0,Hưng Yên,Phường Trần Hưng Đạo,20.4492199,106.3229529,160,Unhealthy,3,18.0,97,0.0,8.1,87,1018.9,92,82.4,84.1,407.0,36.1,30.0,24.6
2026-02-11 01:00:00,2026,2,11,1,Hưng Yên,Phường Trần Hưng Đạo,20.4492199,106.3229529,160,Unhealthy,3,18.6,98,0.0,9.2,88,1019.1,100,70.5,71.9,346.0,33.6,32.0,20.8
2026-02-11 02:00:00,2026,2,11,2,Hưng Yên,Phường Trần Hưng Đạo,20.4492199,106.3229529,160,Unhealthy,3,19.2,97,0.0,11.2,91,1018.7,100,57.4,58.9,306.0,28.3,39.0,15.8
2026-02-11 03:00:00,2026,2,11,3,Hưng Yên,Phường Trần Hưng Đạo,20.4492199,106.3229529,160,Unhealthy,3,19.4,97,0.0,11.9,91,1018.4,100,46.0,47.5,278.0,21.4,49.0,10.1
2026-02-11 04:00:00,2026,2,11,4,Hưng Yên,Phường Trần Hưng Đạo,20.4492199,106.3229529,159,Unhealthy,3,19.4,95,0.0,11.9,87,1018.5,52,36.7,38.4,267.0,16.3,56.0,6.1
2026-02-11 05:00:00,2026,2,11,5,Hưng Yên,Phường Trần Hưng Đạo,20.4492199,106.3229529,158,Unhealthy,3,18.7,97,0.0,10.8,90,1018.7,100,29.9,32.4,287.0,14.7,59.0,4.9
2026-02-11 06:00:00,2026,2,11,6,Hưng Yên,Phường Trần Hưng Đạo,20.4492199,106.3229529,157,Unhealthy,3,18.7,98,0.0,9.9,91,1019.5,100,26.8,29.6,324.0,14.8,59.0,5.4
2026-02-11 07:00:00,2026,2,11,7,Hưng Yên,Phường Trần Hưng Đạo,20.4492199,106.3229529,155,Unhealthy,3,19.1,94,0.0,7.9,78,1020.5,100,36.6,38.9,346.0,18.8,49.0,7.6
2026-02-11 08:00:00,2026,2,11,8,Hưng Yên,Phường Trần Hưng Đạo,20.4492199,106.3229529,154,Unhealthy,3,19.7,91,0.1,6.7,74,1021.2,100,31.0,33.9,337.0,17.5,52.0,8.0
2026-02-11 09:00:00,2026,2,11,9,Hưng Yên,Phường Trần Hưng Đạo,20.4492199,106.3229529,153,Unhealthy,3,19.9,90,0.1,9.1,76,1022.1,100,26.5,29.2,312.0,15.5,55.0,8.6
2026-02-11 10:00:00,2026,2,11,10,Hưng Yên,Phường Trần Hưng Đạo,20.4492199,106.3229529,152,Unhealthy,3,20.6,84,0.0,13.5,81,1022.3,100,21.8,23.5,290.0,13.4,61.0,8.8
2026-02-11 11:00:00,2026,2,11,11,Hưng Yên,Phường Trần Hưng Đạo,20.4492199,106.3229529,151,Unhealthy,3,21.1,80,0.0,12.6,73,1021.5,100,17.4,18.5,276.0,10.9,69.0,8.4
2026-02-11 12:00:00,2026,2,11,12,Hưng Yên,Phường Trần Hưng Đạo,20.4492199,106.3229529,147,Unhealthy for Sensitive Groups,2,21.7,74,0.0,13.2,75,1020.1,100,13.4,14.3,264.0,8.1,79.0,7.7
2026-02-11 13:00:00,2026,2,11,13,Hưng Yên,Phường Trần Hưng Đạo,20.4492199,106.3229529,142,Unhealthy for Sensitive Groups,2,21.1,75,0.0,14.0,77,1019.2,100,11.3,11.8,256.0,6.0,88.0,7.0
2026-02-11 14:00:00,2026,2,11,14,Hưng Yên,Phường Trần Hưng Đạo,20.4492199,106.3229529,138,Unhealthy for Sensitive Groups,2,21.1,75,0.0,13.5,80,1018.3,100,12.0,12.5,252.0,4.9,98.0,6.5
2026-02-11 15:00:00,2026,2,11,15,Hưng Yên,Phường Trần Hưng Đạo,20.4492199,106.3229529,135,Unhealthy for Sensitive Groups,2,21.1,75,0.0,13.4,78,1017.6,100,13.2,13.8,252.0,4.6,107.0,6.2
2026-02-11 16:00:00,2026,2,11,16,Hưng Yên,Phường Trần Hưng Đạo,20.4492199,106.3229529,132,Unhealthy for Sensitive Groups,2,20.9,76,0.0,12.4,80,1017.3,100,14.5,15.2,258.0,4.7,113.0,5.9
2026-02-11 17:00:00,2026,2,11,17,Hưng Yên,Phường Trần Hưng Đạo,20.4492199,106.3229529,128,Unhealthy for Sensitive Groups,2,20.4,78,0.0,11.3,83,1017.3,100,16.2,17.1,275.0,5.6,113.0,5.8
2026-02-11 18:00:00,2026,2,11,18,Hưng Yên,Phường Trần Hưng Đạo,20.4492199,106.3229529,125,Unhealthy for Sensitive Groups,2,19.7,82,0.0,9.0,77,1017.6,100,19.1,20.0,298.0,7.1,108.0,5.7
2026-02-11 19:00:00,2026,2,11,19,Hưng Yên,Phường Trần Hưng Đạo,20.4492199,106.3229529,121,Unhealthy for Sensitive Groups,2,19.1,87,0.0,9.5,71,1017.7,100,25.4,26.0,319.0,13.7,69.0,8.5
2026-02-11 20:00:00,2026,2,11,20,Hưng Yên,Phường Trần Hưng Đạo,20.4492199,106.3229529,114,Unhealthy for Sensitive Groups,2,18.9,88,0.0,8.5,90,1018.0,99,28.8,29.3,338.0,13.6,68.0,8.6
2026-02-11 21:00:00,2026,2,11,21,Hưng Yên,Phường Trần Hưng Đạo,20.4492199,106.3229529,107,Unhealthy for Sensitive Groups,2,18.9,89,0.0,9.4,101,1018.3,92,31.0,31.3,356.0,13.5,66.0,8.6
2026-02-11 22:00:00,2026,2,11,22,Hưng Yên,Phường Trần Hưng Đạo,20.4492199,106.3229529,100,Moderate,1,18.7,89,0.0,11.2,102,1018.1,66,31.3,31.7,365.0,13.2,65.0,8.4
2026-02-11 23:00:00,2026,2,11,23,Hưng Yên,Phường Trần Hưng Đạo,20.4492199,106.3229529,95,Moderate,1,18.1,93,0.0,9.9,102,1018.1,61,30.4,30.9,360.0,12.5,65.0,7.7
2026-02-12 00:00:00,2026,2,12,0,Hưng Yên,Phường Trần Hưng Đạo,20.4492199,106.3229529,89,Moderate,1,17.6,95,0.0,5.6,63,1018.3,91,29.5,30.0,348.0,11.5,64.0,6.7
2026-02-12 01:00:00,2026,2,12,1,Hưng Yên,Phường Trần Hưng Đạo,20.4492199,106.3229529,84,Moderate,1,17.4,97,0.0,5.2,25,1018.1,100,29.8,30.5,338.0,10.9,63.0,6.0
2026-02-12 02:00:00,2026,2,12,2,Hưng Yên,Phường Trần Hưng Đạo,20.4492199,106.3229529,81,Moderate,1,18.1,94,0.0,5.6,48,1017.6,100,30.5,31.2,332.0,10.9,60.0,5.8
2026-02-12 03:00:00,2026,2,12,3,Hưng Yên,Phường Trần Hưng Đạo,20.4492199,106.3229529,78,Moderate,1,18.4,94,0.1,6.6,57,1016.9,100,31.1,31.9,328.0,11.1,56.0,5.9
2026-02-12 04:00:00,2026,2,12,4,Hưng Yên,Phường Trần Hưng Đạo,20.4492199,106.3229529,77,Moderate,1,18.5,94,0.0,9.2,69,1016.7,100,31.7,32.5,337.0,11.5,52.0,6.1
2026-02-12 05:00:00,2026,2,12,5,Hưng Yên,Phường Trần Hưng Đạo,20.4492199,106.3229529,77,Moderate,1,18.5,93,0.0,9.2,84,1016.7,99,32.4,33.2,373.0,12.3,49.0,6.6
2026-02-12 06:00:00,2026,2,12,6,Hưng Yên,Phường Trần Hưng Đạo,20.4492199,106.3229529,77,Moderate,1,18.5,93,0.0,9.7,89,1017.3,98,33.4,34.2,421.0,13.1,46.0,7.3
2026-02-12 07:00:00,2026,2,12,7,Hưng Yên,Phường Trần Hưng Đạo,20.4492199,106.3229529,78,Moderate,1,18.1,93,0.0,10.6,94,1018.1,91,33.2,34.3,446.0,12.8,48.0,7.2
2026-02-12 08:00:00,2026,2,12,8,Hưng Yên,Phường Trần Hưng Đạo,20.4492199,106.3229529,77,Moderate,1,19.3,89,0.0,10.1,95,1018.8,53,33.2,34.3,424.0,11.3,53.0,7.1
2026-02-12 09:00:00,2026,2,12,9,Hưng Yên,Phường Trần Hưng Đạo,20.4492199,106.3229529,77,Moderate,1,21.2,80,0.0,10.4,105,1019.2,58,34.1,35.7,379.0,9.1,60.0,7.0
2026-02-12 10:00:00,2026,2,12,10,Hưng Yên,Phường Trần Hưng Đạo,20.4492199,106.3229529,78,Moderate,1,22.8,73,0.0,13.1,134,1019.5,100,33.9,36.2,341.0,7.1,69.0,6.6
2026-02-12 11:00:00,2026,2,12,11,Hưng Yên,Phường Trần Hưng Đạo,20.4492199,106.3229529,79,Moderate,1,22.9,73,0.0,13.0,139,1018.6,100,32.4,34.6,322.0,5.4,79.0,5.9
2026-02-12 12:00:00,2026,2,12,12,Hưng Yên,Phường Trần Hưng Đạo,20.4492199,106.3229529,80,Moderate,1,22.9,74,0.0,12.6,144,1017.4,100,30.2,32.9,311.0,3.9,91.0,5.0
2026-02-12 13:00:00,2026,2,12,13,Hưng Yên,Phường Trần Hưng Đạo,20.4492199,106.3229529,82,Moderate,1,22.6,75,0.0,11.1,148,1016.6,100,27.5,30.4,301.0,2.8,100.0,4.2
2026-02-12 14:00:00,2026,2,12,14,Hưng Yên,Phường Trần Hưng Đạo,20.4492199,106.3229529,83,Moderate,1,22.7,75,0.0,10.9,144,1015.8,100,27.8,30.9,288.0,2.2,106.0,3.5
2026-02-12 15:00:00,2026,2,12,15,Hưng Yên,Phường Trần Hưng Đạo,20.4492199,106.3229529,85,Moderate,1,22.5,76,0.0,11.6,132,1015.1,100,25.2,28.2,277.0,2.2,110.0,3.0
2026-02-12 16:00:00,2026,2,12,16,Hưng Yên,Phường Trần Hưng Đạo,20.4492199,106.3229529,86,Moderate,1,21.9,79,0.0,12.1,120,1014.7,100,23.4,26.6,278.0,2.9,110.0,2.9
2026-02-12 17:00:00,2026,2,12,17,Hưng Yên,Phường Trần Hưng Đạo,20.4492199,106.3229529,87,Moderate,1,21.4,82,0.0,11.8,113,1014.6,100,23.9,27.4,302.0,5.1,106.0,3.5
2026-02-12 18:00:00,2026,2,12,18,Hưng Yên,Phường Trần Hưng Đạo,20.4492199,106.3229529,87,Moderate,1,20.6,86,0.0,10.6,105,1014.9,73,26.9,30.4,339.0,8.0,98.0,4.5
2026-02-12 19:00:00,2026,2,12,19,Hưng Yên,Phường Trần Hưng Đạo,20.4492199,106.3229529,88,Moderate,1,19.3,95,0.0,9.9,95,1015.2,56,30.4,33.2,368.0,10.6,82.0,5.4
2026-02-12 20:00:00,2026,2,12,20,Hưng Yên,Phường Trần Hưng Đạo,20.4492199,106.3229529,88,Moderate,1,18.9,97,0.0,10.1,94,1015.6,49,31.7,34.3,387.0,10.8,79.0,5.8
2026-02-12 21:00:00,2026,2,12,21,Hưng Yên,Phường Trần Hưng Đạo,20.4492199,106.3229529,89,Moderate,1,18.8,97,0.0,9.1,107,1015.8,1,30.6,33.4,399.0,11.0,76.0,6.2
2026-02-12 22:00:00,2026,2,12,22,Hưng Yên,Phường Trần Hưng Đạo,20.4492199,106.3229529,89,Moderate,1,18.6,98,0.0,7.7,121,1015.9,30,30.2,32.9,394.0,11.1,73.0,6.3
2026-02-12 23:00:00,2026,2,12,23,Hưng Yên,Phường Trần Hưng Đạo,20.4492199,106.3229529,89,Moderate,1,18.7,98,0.0,6.5,129,1015.7,100,29.7,32.6,360.0,10.8,71.0,5.7
2026-02-13 00:00:00,2026,2,13,0,Hưng Yên,Phường Trần Hưng Đạo,20.4492199,106.3229529,89,Moderate,1,19.3,97,0.0,7.4,133,1015.2,99,27.8,30.7,309.0,10.3,70.0,4.7
2026-02-13 01:00:00,2026,2,13,1,Hưng Yên,Phường Trần Hưng Đạo,20.4492199,106.3229529,88,Moderate,1,19.8,98,0.0,8.3,129,1014.6,100,26.5,29.6,271.0,10.0,69.0,4.0
2026-02-13 02:00:00,2026,2,13,2,Hưng Yên,Phường Trần Hưng Đạo,20.4492199,106.3229529,88,Moderate,1,19.9,98,0.0,9.2,129,1014.4,100,27.0,30.2,253.0,10.1,68.0,3.9
2026-02-13 03:00:00,2026,2,13,3,Hưng Yên,Phường Trần Hưng Đạo,20.4492199,106.3229529,88,Moderate,1,19.9,99,0.0,8.9,130,1014.1,100,27.8,31.2,247.0,10.4,66.0,4.1
2026-02-13 04:00:00,2026,2,13,4,Hưng Yên,Phường Trần Hưng Đạo,20.4492199,106.3229529,87,Moderate,1,19.8,98,0.0,8.1,129,1014.2,100,27.5,31.1,260.0,11.0,65.0,4.5
2026-02-13 05:00:00,2026,2,13,5,Hưng Yên,Phường Trần Hưng Đạo,20.4492199,106.3229529,87,Moderate,1,19.9,98,0.0,7.1,126,1014.3,100,27.1,30.7,314.0,12.5,62.0,5.5
2026-02-13 06:00:00,2026,2,13,6,Hưng Yên,Phường Trần Hưng Đạo,20.4492199,106.3229529,87,Moderate,1,19.9,98,0.0,6.7,121,1014.9,100,27.1,30.9,388.0,14.3,59.0,6.7
2026-02-13 07:00:00,2026,2,13,7,Hưng Yên,Phường Trần Hưng Đạo,20.4492199,106.3229529,86,Moderate,1,19.9,98,0.0,5.9,121,1015.6,100,36.2,41.1,424.0,15.5,57.0,7.1
2026-02-13 08:00:00,2026,2,13,8,Hưng Yên,Phường Trần Hưng Đạo,20.4492199,106.3229529,86,Moderate,1,21.1,94,0.1,7.9,139,1016.0,64,26.2,31.3,386.0,12.3,67.0,6.1
2026-02-13 09:00:00,2026,2,13,9,Hưng Yên,Phường Trần Hưng Đạo,20.4492199,106.3229529,86,Moderate,1,22.8,84,0.1,12.0,164,1016.7,51,22.7,27.5,310.0,7.8,81.0,4.7
2026-02-13 10:00:00,2026,2,13,10,Hưng Yên,Phường Trần Hưng Đạo,20.4492199,106.3229529,85,Moderate,1,24.2,73,0.1,13.0,170,1017.1,70,18.4,23.9,251.0,4.3,92.0,3.5
2026-02-13 11:00:00,2026,2,13,11,Hưng Yên,Phường Trần Hưng Đạo,20.4492199,106.3229529,83,Moderate,1,25.0,69,0.1,14.9,165,1016.2,98,16.8,22.3,231.0,2.5,99.0,2.6
2026-02-13 12:00:00,2026,2,13,12,Hưng Yên,Phường Trần Hưng Đạo,20.4492199,106.3229529,82,Moderate,1,25.5,66,0.1,13.9,161,1015.1,94,15.1,20.4,229.0,1.7,103.0,2.0
2026-02-13 13:00:00,2026,2,13,13,Hưng Yên,Phường Trần Hưng Đạo,20.4492199,106.3229529,81,Moderate,1,25.1,64,0.0,13.9,163,1014.5,100,13.9,18.7,229.0,1.2,106.0,1.5
2026-02-13 14:00:00,2026,2,13,14,Hưng Yên,Phường Trần Hưng Đạo,20.4492199,106.3229529,79,Moderate,1,25.1,63,0.0,15.8,163,1013.6,98,13.6,18.1,226.0,0.9,107.0,1.3
2026-02-13 15:00:00,2026,2,13,15,Hưng Yên,Phường Trần Hưng Đạo,20.4492199,106.3229529,78,Moderate,1,24.9,64,0.0,16.2,159,1012.9,72,13.3,17.6,227.0,1.0,106.0,1.3
2026-02-13 16:00:00,2026,2,13,16,Hưng Yên,Phường Trần Hưng Đạo,20.4492199,106.3229529,77,Moderate,1,24.4,65,0.0,14.9,158,1012.7,30,13.5,17.8,236.0,1.8,103.0,1.3
2026-02-13 17:00:00,2026,2,13,17,Hưng Yên,Phường Trần Hưng Đạo,20.4492199,106.3229529,76,Moderate,1,23.5,69,0.0,14.4,160,1012.9,6,14.7,18.9,261.0,3.8,97.0,1.4
2026-02-13 18:00:00,2026,2,13,18,Hưng Yên,Phường Trần Hưng Đạo,20.4492199,106.3229529,75,Moderate,1,21.9,82,0.0,11.6,150,1013.5,16,20.0,23.3,295.0,6.4,90.0,1.4
2026-02-13 19:00:00,2026,2,13,19,Hưng Yên,Phường Trần Hưng Đạo,20.4492199,106.3229529,75,Moderate,1,21.2,93,0.0,11.7,137,1013.9,52,24.3,27.9,319.0,9.5,81.0,3.8
2026-02-13 20:00:00,2026,2,13,20,Hưng Yên,Phường Trần Hưng Đạo,20.4492199,106.3229529,74,Moderate,1,20.9,97,0.0,13.1,137,1014.6,87,31.2,34.2,325.0,9.6,76.0,3.1
2026-02-13 21:00:00,2026,2,13,21,Hưng Yên,Phường Trần Hưng Đạo,20.4492199,106.3229529,74,Moderate,1,20.9,94,0.0,12.2,144,1015.2,70,36.3,39.1,322.0,9.6,68.0,2.0
2026-02-13 22:00:00,2026,2,13,22,Hưng Yên,Phường Trần Hưng Đạo,20.4492199,106.3229529,75,Moderate,1,20.4,95,0.0,9.2,138,1015.7,3,41.1,43.9,317.0,9.5,64.0,1.2
2026-02-13 23:00:00,2026,2,13,23,Hưng Yên,Phường Trần Hưng Đạo,20.4492199,106.3229529,76,Moderate,1,19.6,97,0.0,7.3,132,1015.7,7,41.8,44.9,312.0,9.0,66.0,0.8
2026-02-14 00:00:00,2026,2,14,0,Hưng Yên,Phường Trần Hưng Đạo,20.4492199,106.3229529,77,Moderate,1,19.3,97,0.0,6.4,135,1015.6,9,37.1,41.0,305.0,8.4,71.0,0.6
2026-02-14 01:00:00,2026,2,14,1,Hưng Yên,Phường Trần Hưng Đạo,20.4492199,106.3229529,78,Moderate,1,19.5,99,0.0,5.0,125,1015.4,10,35.5,39.8,302.0,8.0,74.0,0.5
2026-02-14 02:00:00,2026,2,14,2,Hưng Yên,Phường Trần Hưng Đạo,20.4492199,106.3229529,78,Moderate,1,19.4,99,0.0,5.2,119,1014.8,38,37.6,41.9,300.0,8.0,71.0,0.3
2026-02-14 03:00:00,2026,2,14,3,Hưng Yên,Phường Trần Hưng Đạo,20.4492199,106.3229529,79,Moderate,1,19.4,99,0.0,4.8,121,1014.4,94,38.9,42.3,302.0,8.1,65.0,0.2
2026-02-14 04:00:00,2026,2,14,4,Hưng Yên,Phường Trần Hưng Đạo,20.4492199,106.3229529,80,Moderate,1,19.5,100,0.0,6.4,119,1014.2,100,41.3,43.3,318.0,8.4,61.0,0.1
2026-02-14 05:00:00,2026,2,14,5,Hưng Yên,Phường Trần Hưng Đạo,20.4492199,106.3229529,82,Moderate,1,19.4,100,0.0,6.7,114,1014.2,100,42.1,43.8,368.0,9.0,58.0,0.0
2026-02-14 06:00:00,2026,2,14,6,Hưng Yên,Phường Trần Hưng Đạo,20.4492199,106.3229529,83,Moderate,1,19.5,99,0.0,6.6,112,1014.7,38,44.1,45.4,432.0,9.6,56.0,0.0
2026-02-14 07:00:00,2026,2,14,7,Hưng Yên,Phường Trần Hưng Đạo,20.4492199,106.3229529,84,Moderate,1,20.4,96,0.0,6.1,93,1015.7,100,47.5,48.7,459.0,11.0,52.0,0.0
2026-02-14 08:00:00,2026,2,14,8,Hưng Yên,Phường Trần Hưng Đạo,20.4492199,106.3229529,85,Moderate,1,21.6,90,0.0,6.4,108,1016.0,47,39.2,40.5,415.0,9.3,64.0,0.5
2026-02-14 09:00:00,2026,2,14,9,Hưng Yên,Phường Trần Hưng Đạo,20.4492199,106.3229529,87,Moderate,1,23.4,78,0.0,8.9,153,1016.4,41,28.9,30.5,334.0,6.9,80.0,1.2
2026-02-14 10:00:00,2026,2,14,10,Hưng Yên,Phường Trần Hưng Đạo,20.4492199,106.3229529,87,Moderate,1,24.8,69,0.1,11.2,169,1016.2,55,24.1,25.8,273.0,4.8,93.0,1.7
2026-02-14 11:00:00,2026,2,14,11,Hưng Yên,Phường Trần Hưng Đạo,20.4492199,106.3229529,88,Moderate,1,25.7,65,0.0,12.9,171,1015.6,63,20.3,22.1,255.0,3.4,101.0,1.8
2026-02-14 12:00:00,2026,2,14,12,Hưng Yên,Phường Trần Hưng Đạo,20.4492199,106.3229529,88,Moderate,1,26.1,63,0.0,12.0,167,1014.4,57,19.6,22.5,256.0,2.3,106.0,1.8
2026-02-14 13:00:00,2026,2,14,13,Hưng Yên,Phường Trần Hưng Đạo,20.4492199,106.3229529,88,Moderate,1,25.9,64,0.0,13.4,160,1013.7,100,16.1,18.6,260.0,1.7,109.0,1.7
2026-02-14 14:00:00,2026,2,14,14,Hưng Yên,Phường Trần Hưng Đạo,20.4492199,106.3229529,88,Moderate,1,25.2,65,0.0,15.6,150,1013.1,91,15.7,18.0,258.0,1.5,109.0,1.6
2026-02-14 15:00:00,2026,2,14,15,Hưng Yên,Phường Trần Hưng Đạo,20.4492199,106.3229529,89,Moderate,1,25.6,61,0.0,13.5,161,1012.0,34,15.7,17.9,258.0,1.7,106.0,1.4
2026-02-14 16:00:00,2026,2,14,16,Hưng Yên,Phường Trần Hưng Đạo,20.4492199,106.3229529,89,Moderate,1,25.2,62,0.0,14.4,164,1012.0,80,16.9,19.3,269.0,2.4,102.0,1.3
2026-02-14 17:00:00,2026,2,14,17,Hưng Yên,Phường Trần Hưng Đạo,20.4492199,106.3229529,89,Moderate,1,22.8,78,0.0,15.9,147,1012.6,23,18.7,20.7,300.0,3.8,98.0,1.3
2026-02-14 18:00:00,2026,2,14,18,Hưng Yên,Phường Trần Hưng Đạo,20.4492199,106.3229529,90,Moderate,1,21.5,85,0.0,12.5,147,1013.1,9,24.0,25.7,342.0,5.6,92.0,1.4
2026-02-14 19:00:00,2026,2,14,19,Hưng Yên,Phường Trần Hưng Đạo,20.4492199,106.3229529,90,Moderate,1,20.8,93,0.0,10.8,134,1013.5,2,27.4,29.4,377.0,7.5,82.0,2.6
2026-02-14 20:00:00,2026,2,14,20,Hưng Yên,Phường Trần Hưng Đạo,20.4492199,106.3229529,90,Moderate,1,20.4,96,0.0,9.3,136,1014.1,2,28.6,30.7,402.0,7.6,81.0,3.0
2026-02-14 21:00:00,2026,2,14,21,Hưng Yên,Phường Trần Hưng Đạo,20.4492199,106.3229529,90,Moderate,1,20.1,98,0.0,8.7,133,1014.4,4,29.0,31.3,420.0,7.7,78.0,3.6
2026-02-14 22:00:00,2026,2,14,22,Hưng Yên,Phường Trần Hưng Đạo,20.4492199,106.3229529,89,Moderate,1,20.0,98,0.0,8.8,137,1014.6,3,28.1,30.5,419.0,7.9,76.0,4.0
2026-02-14 23:00:00,2026,2,14,23,Hưng Yên,Phường Trần Hưng Đạo,20.4492199,106.3229529,88,Moderate,1,19.9,98,0.0,9.3,146,1014.6,4,26.9,29.4,386.0,8.2,73.0,4.1
2026-02-15 00:00:00,2026,2,15,0,Hưng Yên,Phường Trần Hưng Đạo,20.4492199,106.3229529,87,Moderate,1,19.8,97,0.0,7.9,163,1014.3,12,25.7,29.2,334.0,8.6,71.0,4.0
2026-02-15 01:00:00,2026,2,15,1,Hưng Yên,Phường Trần Hưng Đạo,20.4492199,106.3229529,86,Moderate,1,20.0,98,0.0,8.7,173,1014.2,21,27.9,31.9,295.0,9.3,68.0,4.1
2026-02-15 02:00:00,2026,2,15,2,Hưng Yên,Phường Trần Hưng Đạo,20.4492199,106.3229529,85,Moderate,1,19.9,98,0.0,7.4,174,1013.6,100,30.4,34.9,277.0,10.3,66.0,4.5
2026-02-15 03:00:00,2026,2,15,3,Hưng Yên,Phường Trần Hưng Đạo,20.4492199,106.3229529,84,Moderate,1,19.9,99,0.0,6.6,171,1013.1,100,34.1,39.2,270.0,11.7,64.0,5.1
2026-02-15 04:00:00,2026,2,15,4,Hưng Yên,Phường Trần Hưng Đạo,20.4492199,106.3229529,84,Moderate,1,20.2,99,0.0,6.8,177,1012.9,100,38.9,44.6,279.0,13.2,61.0,5.7
2026-02-15 05:00:00,2026,2,15,5,Hưng Yên,Phường Trần Hưng Đạo,20.4492199,106.3229529,84,Moderate,1,20.6,98,0.0,7.7,181,1013.1,100,44.9,50.4,319.0,15.8,53.0,6.4
2026-02-15 06:00:00,2026,2,15,6,Hưng Yên,Phường Trần Hưng Đạo,20.4492199,106.3229529,84,Moderate,1,20.9,95,0.0,9.4,185,1013.5,100,52.5,57.0,373.0,18.6,44.0,7.1
2026-02-15 07:00:00,2026,2,15,7,Hưng Yên,Phường Trần Hưng Đạo,20.4492199,106.3229529,85,Moderate,1,20.5,93,0.0,7.6,177,1014.3,16,59.8,63.8,397.0,19.5,37.0,5.5
2026-02-15 08:00:00,2026,2,15,8,Hưng Yên,Phường Trần Hưng Đạo,20.4492199,106.3229529,86,Moderate,1,21.6,84,0.0,11.2,180,1015.0,40,39.7,43.7,358.0,14.9,54.0,4.8
2026-02-15 09:00:00,2026,2,15,9,Hưng Yên,Phường Trần Hưng Đạo,20.4492199,106.3229529,86,Moderate,1,23.4,74,0.0,13.2,176,1015.5,55,22.9,28.3,289.0,8.5,77.0,3.9
2026-02-15 10:00:00,2026,2,15,10,Hưng Yên,Phường Trần Hưng Đạo,20.4492199,106.3229529,85,Moderate,1,24.6,66,0.0,13.5,175,1015.5,52,17.1,22.1,235.0,3.6,95.0,3.0
2026-02-15 11:00:00,2026,2,15,11,Hưng Yên,Phường Trần Hưng Đạo,20.4492199,106.3229529,85,Moderate,1,26.0,58,0.0,13.7,177,1015.2,81,15.8,20.7,218.0,1.7,102.0,2.4
2026-02-15 12:00:00,2026,2,15,12,Hưng Yên,Phường Trần Hưng Đạo,20.4492199,106.3229529,84,Moderate,1,26.5,58,0.0,14.5,173,1013.9,25,14.8,19.4,216.0,1.2,104.0,1.9
2026-02-15 13:00:00,2026,2,15,13,Hưng Yên,Phường Trần Hưng Đạo,20.4492199,106.3229529,84,Moderate,1,26.0,59,0.0,14.7,162,1013.1,20,14.7,19.3,217.0,1.1,104.0,1.5
2026-02-15 14:00:00,2026,2,15,14,Hưng Yên,Phường Trần Hưng Đạo,20.4492199,106.3229529,84,Moderate,1,25.9,60,0.0,15.6,156,1012.2,30,14.6,19.1,211.0,0.9,103.0,1.3
2026-02-15 15:00:00,2026,2,15,15,Hưng Yên,Phường Trần Hưng Đạo,20.4492199,106.3229529,84,Moderate,1,25.8,59,0.0,17.0,157,1011.4,46,14.6,18.9,207.0,1.0,101.0,1.2
2026-02-15 16:00:00,2026,2,15,16,Hưng Yên,Phường Trần Hưng Đạo,20.4492199,106.3229529,84,Moderate,1,24.7,65,0.0,18.7,158,1011.2,27,15.3,19.6,216.0,1.8,98.0,1.4
2026-02-15 17:00:00,2026,2,15,17,Hưng Yên,Phường Trần Hưng Đạo,20.4492199,106.3229529,84,Moderate,1,23.8,70,0.0,19.3,155,1011.3,30,17.0,21.5,247.0,3.8,93.0,2.0
2026-02-15 18:00:00,2026,2,15,18,Hưng Yên,Phường Trần Hưng Đạo,20.4492199,106.3229529,83,Moderate,1,21.9,83,0.0,12.5,147,1011.9,3,19.3,22.6,292.0,6.4,88.0,2.8
2026-02-15 19:00:00,2026,2,15,19,Hưng Yên,Phường Trần Hưng Đạo,20.4492199,106.3229529,83,Moderate,1,21.3,94,0.0,8.4,130,1012.2,27,23.3,26.5,335.0,8.5,77.0,3.9
2026-02-15 20:00:00,2026,2,15,20,Hưng Yên,Phường Trần Hưng Đạo,20.4492199,106.3229529,83,Moderate,1,20.8,98,0.0,7.2,127,1012.9,92,26.5,29.9,374.0,10.0,73.0,4.9
2026-02-15 21:00:00,2026,2,15,21,Hưng Yên,Phường Trần Hưng Đạo,20.4492199,106.3229529,82,Moderate,1,20.5,99,0.0,7.1,142,1013.3,100,30.0,33.8,411.0,12.0,68.0,6.3
2026-02-15 22:00:00,2026,2,15,22,Hưng Yên,Phường Trần Hưng Đạo,20.4492199,106.3229529,83,Moderate,1,20.2,99,0.0,5.9,153,1013.5,100,38.4,41.9,435.0,13.8,64.0,7.2
2026-02-15 23:00:00,2026,2,15,23,Hưng Yên,Phường Trần Hưng Đạo,20.4492199,106.3229529,83,Moderate,1,19.6,100,0.0,5.0,161,1013.4,100,50.1,53.7,438.0,15.0,62.0,7.2
2026-02-16 00:00:00,2026,2,16,0,Hưng Yên,Phường Trần Hưng Đạo,20.4492199,106.3229529,85,Moderate,1,19.5,100,0.0,4.2,133,1013.2,100,49.4,53.0,428.0,16.0,61.0,6.6
2026-02-16 01:00:00,2026,2,16,1,Hưng Yên,Phường Trần Hưng Đạo,20.4492199,106.3229529,88,Moderate,1,19.9,100,0.0,6.3,129,1013.2,100,47.4,51.1,415.0,16.7,59.0,6.2
2026-02-16 02:00:00,2026,2,16,2,Hưng Yên,Phường Trần Hưng Đạo,20.4492199,106.3229529,89,Moderate,1,20.0,99,0.0,5.5,128,1012.9,100,39.2,42.4,399.0,16.7,55.0,5.9
2026-02-16 03:00:00,2026,2,16,3,Hưng Yên,Phường Trần Hưng Đạo,20.4492199,106.3229529,90,Moderate,1,20.1,99,0.0,4.8,135,1012.5,100,39.9,43.0,380.0,16.5,51.0,5.8
2026-02-16 04:00:00,2026,2,16,4,Hưng Yên,Phường Trần Hưng Đạo,20.4492199,106.3229529,91,Moderate,1,20.3,99,0.0,4.8,138,1012.6,100,42.3,45.1,374.0,17.0,46.0,6.1
2026-02-16 05:00:00,2026,2,16,5,Hưng Yên,Phường Trần Hưng Đạo,20.4492199,106.3229529,91,Moderate,1,20.5,97,0.0,5.0,136,1012.8,100,46.2,49.0,402.0,19.9,38.0,7.5
2026-02-16 06:00:00,2026,2,16,6,Hưng Yên,Phường Trần Hưng Đạo,20.4492199,106.3229529,91,Moderate,1,20.6,97,0.0,4.8,132,1013.3,100,51.3,54.1,442.0,23.5,31.0,9.5
2026-02-16 07:00:00,2026,2,16,7,Hưng Yên,Phường Trần Hưng Đạo,20.4492199,106.3229529,91,Moderate,1,20.5,98,0.0,4.3,85,1014.3,100,61.5,65.0,449.0,26.8,27.0,12.9
2026-02-16 08:00:00,2026,2,16,8,Hưng Yên,Phường Trần Hưng Đạo,20.4492199,106.3229529,91,Moderate,1,21.9,90,0.0,7.9,114,1015.0,100,36.2,40.3,387.0,21.1,44.0,11.7
2026-02-16 09:00:00,2026,2,16,9,Hưng Yên,Phường Trần Hưng Đạo,20.4492199,106.3229529,91,Moderate,1,23.5,77,0.0,7.6,162,1015.6,20,25.9,31.2,292.0,13.2,68.0,9.9
2026-02-16 10:00:00,2026,2,16,10,Hưng Yên,Phường Trần Hưng Đạo,20.4492199,106.3229529,91,Moderate,1,25.0,68,0.0,8.5,175,1015.7,44,22.2,27.5,219.0,7.0,87.0,8.2
2026-02-16 11:00:00,2026,2,16,11,Hưng Yên,Phường Trần Hưng Đạo,20.4492199,106.3229529,91,Moderate,1,26.1,62,0.0,9.5,171,1015.3,34,19.1,24.2,194.0,4.2,97.0,6.5
2026-02-16 12:00:00,2026,2,16,12,Hưng Yên,Phường Trần Hưng Đạo,20.4492199,106.3229529,92,Moderate,1,26.9,57,0.0,10.2,170,1014.3,37,17.5,22.2,191.0,3.2,101.0,4.7
2026-02-16 13:00:00,2026,2,16,13,Hưng Yên,Phường Trần Hưng Đạo,20.4492199,106.3229529,92,Moderate,1,26.8,57,0.0,9.8,167,1013.1,53,16.8,21.3,193.0,2.6,104.0,3.4
2026-02-16 14:00:00,2026,2,16,14,Hưng Yên,Phường Trần Hưng Đạo,20.4492199,106.3229529,92,Moderate,1,27.4,53,0.0,10.0,167,1012.2,93,16.2,20.4,190.0,2.0,105.0,2.6
2026-02-16 15:00:00,2026,2,16,15,Hưng Yên,Phường Trần Hưng Đạo,20.4492199,106.3229529,92,Moderate,1,26.8,57,0.0,11.2,169,1011.5,9,15.5,19.3,191.0,1.8,105.0,2.3
2026-02-16 16:00:00,2026,2,16,16,Hưng Yên,Phường Trần Hưng Đạo,20.4492199,106.3229529,92,Moderate,1,26.0,59,0.0,13.4,158,1011.7,9,14.8,18.3,203.0,2.3,103.0,2.1
2026-02-16 17:00:00,2026,2,16,17,Hưng Yên,Phường Trần Hưng Đạo,20.4492199,106.3229529,92,Moderate,1,24.2,68,0.0,15.8,150,1011.9,2,15.5,18.5,233.0,3.8,100.0,2.1
2026-02-16 18:00:00,2026,2,16,18,Hưng Yên,Phường Trần Hưng Đạo,20.4492199,106.3229529,92,Moderate,1,22.6,77,0.0,11.1,144,1012.3,4,20.7,22.8,273.0,5.8,97.0,2.4
2026-02-16 19:00:00,2026,2,16,19,Hưng Yên,Phường Trần Hưng Đạo,20.4492199,106.3229529,92,Moderate,1,21.7,90,0.0,10.2,129,1012.6,5,21.6,24.2,306.0,7.9,99.0,3.5
2026-02-16 20:00:00,2026,2,16,20,Hưng Yên,Phường Trần Hưng Đạo,20.4492199,106.3229529,92,Moderate,1,21.0,95,0.0,8.9,114,1013.3,2,25.2,27.5,327.0,9.0,94.0,4.6
2026-02-16 21:00:00,2026,2,16,21,Hưng Yên,Phường Trần Hưng Đạo,20.4492199,106.3229529,92,Moderate,1,20.5,96,0.0,8.3,103,1013.4,2,29.6,32.0,341.0,10.5,86.0,6.0
2026-02-16 22:00:00,2026,2,16,22,Hưng Yên,Phường Trần Hưng Đạo,20.4492199,106.3229529,92,Moderate,1,20.1,97,0.0,5.6,105,1013.9,16,35.0,37.7,343.0,11.9,79.0,6.7
2026-02-16 23:00:00,2026,2,16,23,Hưng Yên,Phường Trần Hưng Đạo,20.4492199,106.3229529,92,Moderate,1,20.4,97,0.0,5.9,104,1014.1,100,40.5,43.3,325.0,12.9,73.0,6.0
2026-02-17 00:00:00,2026,2,17,0,Hưng Yên,Phường Trần Hưng Đạo,20.4492199,106.3229529,91,Moderate,1,21.0,92,0.0,7.0,100,1014.2,100,50.1,52.0,296.0,13.7,68.0,4.6
2026-02-17 01:00:00,2026,2,17,1,Hưng Yên,Phường Trần Hưng Đạo,20.4492199,106.3229529,91,Moderate,1,22.0,92,0.0,7.8,94,1013.9,100,51.8,53.4,274.0,14.2,64.0,3.7
2026-02-17 02:00:00,2026,2,17,2,Hưng Yên,Phường Trần Hưng Đạo,20.4492199,106.3229529,91,Moderate,1,22.2,90,0.0,7.0,87,1013.5,100,50.8,52.2,262.0,14.4,61.0,3.9
2026-02-17 03:00:00,2026,2,17,3,Hưng Yên,Phường Trần Hưng Đạo,20.4492199,106.3229529,92,Moderate,1,22.1,89,0.0,6.5,66,1013.3,100,47.1,48.3,258.0,14.3,59.0,4.7
2026-02-17 04:00:00,2026,2,17,4,Hưng Yên,Phường Trần Hưng Đạo,20.4492199,106.3229529,93,Moderate,1,21.8,90,0.0,6.9,60,1013.6,100,41.7,42.5,269.0,14.4,58.0,5.7
2026-02-17 05:00:00,2026,2,17,5,Hưng Yên,Phường Trần Hưng Đạo,20.4492199,106.3229529,93,Moderate,1,21.5,91,0.0,8.3,63,1013.9,100,38.3,39.0,308.0,15.1,59.0,6.8
2026-02-17 06:00:00,2026,2,17,6,Hưng Yên,Phường Trần Hưng Đạo,20.4492199,106.3229529,92,Moderate,1,21.3,91,0.0,10.4,75,1015.0,100,37.0,37.6,364.0,16.1,62.0,8.1
2026-02-17 07:00:00,2026,2,17,7,Hưng Yên,Phường Trần Hưng Đạo,20.4492199,106.3229529,91,Moderate,1,21.6,91,0.0,12.5,74,1016.0,100,48.9,49.2,408.0,16.8,44.0,4.5
2026-02-17 08:00:00,2026,2,17,8,Hưng Yên,Phường Trần Hưng Đạo,20.4492199,106.3229529,90,Moderate,1,21.6,83,0.0,15.5,77,1017.0,23,35.9,36.2,431.0,15.7,47.0,6.5
2026-02-17 09:00:00,2026,2,17,9,Hưng Yên,Phường Trần Hưng Đạo,20.4492199,106.3229529,90,Moderate,1,22.2,74,0.0,15.9,77,1018.0,77,28.6,28.9,442.0,14.0,52.0,9.3
2026-02-17 10:00:00,2026,2,17,10,Hưng Yên,Phường Trần Hưng Đạo,20.4492199,106.3229529,90,Moderate,1,22.2,72,0.1,16.4,73,1018.5,61,26.8,27.0,445.0,12.1,59.0,10.9
2026-02-17 11:00:00,2026,2,17,11,Hưng Yên,Phường Trần Hưng Đạo,20.4492199,106.3229529,91,Moderate,1,22.9,71,0.1,17.0,77,1018.2,100,26.8,27.1,439.0,9.8,70.0,10.5
2026-02-17 12:00:00,2026,2,17,12,Hưng Yên,Phường Trần Hưng Đạo,20.4492199,106.3229529,91,Moderate,1,23.1,69,0.0,18.1,79,1017.5,98,25.6,26.0,425.0,7.2,83.0,8.9
2026-02-17 13:00:00,2026,2,17,13,Hưng Yên,Phường Trần Hưng Đạo,20.4492199,106.3229529,92,Moderate,1,24.5,64,0.0,18.4,84,1016.5,94,25.9,26.5,407.0,5.3,94.0,7.5
2026-02-17 14:00:00,2026,2,17,14,Hưng Yên,Phường Trần Hưng Đạo,20.4492199,106.3229529,93,Moderate,1,24.4,64,0.0,19.5,84,1015.7,24,26.5,27.2,381.0,4.4,101.0,6.4
2026-02-17 15:00:00,2026,2,17,15,Hưng Yên,Phường Trần Hưng Đạo,20.4492199,106.3229529,94,Moderate,1,23.7,66,0.0,18.9,82,1015.1,7,25.9,26.6,352.0,4.2,104.0,5.4
2026-02-17 16:00:00,2026,2,17,16,Hưng Yên,Phường Trần Hưng Đạo,20.4492199,106.3229529,95,Moderate,1,23.2,67,0.0,18.8,81,1015.2,4,24.4,25.0,336.0,4.9,105.0,5.0
2026-02-17 17:00:00,2026,2,17,17,Hưng Yên,Phường Trần Hưng Đạo,20.4492199,106.3229529,95,Moderate,1,22.1,70,0.0,19.1,82,1015.4,6,24.0,24.6,347.0,6.9,101.0,5.6
2026-02-17 18:00:00,2026,2,17,18,Hưng Yên,Phường Trần Hưng Đạo,20.4492199,106.3229529,96,Moderate,1,20.8,75,0.0,16.0,82,1016.0,20,25.8,26.2,371.0,9.8,93.0,6.8
2026-02-17 19:00:00,2026,2,17,19,Hưng Yên,Phường Trần Hưng Đạo,20.4492199,106.3229529,97,Moderate,1,20.5,80,0.0,12.4,74,1016.4,14,43.7,44.4,391.0,10.4,81.0,7.8
2026-02-17 20:00:00,2026,2,17,20,Hưng Yên,Phường Trần Hưng Đạo,20.4492199,106.3229529,99,Moderate,1,20.5,79,0.0,11.9,80,1016.7,13,44.4,45.1,399.0,10.4,79.0,8.0
2026-02-17 21:00:00,2026,2,17,21,Hưng Yên,Phường Trần Hưng Đạo,20.4492199,106.3229529,100,Moderate,1,20.2,80,0.0,10.7,77,1017.4,15,43.4,44.1,402.0,10.5,76.0,8.3
2026-02-17 22:00:00,2026,2,17,22,Hưng Yên,Phường Trần Hưng Đạo,20.4492199,106.3229529,102,Unhealthy for Sensitive Groups,2,20.0,81,0.0,11.0,75,1018.0,25,42.3,43.0,405.0,10.6,73.0,8.7
2026-02-17 23:00:00,2026,2,17,23,Hưng Yên,Phường Trần Hưng Đạo,20.4492199,106.3229529,103,Unhealthy for Sensitive Groups,2,19.8,79,0.0,12.0,72,1018.1,100,41.4,41.9,409.0,10.7,69.0,9.0
2026-02-18 00:00:00,2026,2,18,0,Hưng Yên,Phường Trần Hưng Đạo,20.4492199,106.3229529,103,Unhealthy for Sensitive Groups,2,19.9,75,0.0,14.5,65,1018.3,100,41.0,41.3,414.0,10.9,64.0,9.4
2026-02-18 01:00:00,2026,2,18,1,Hưng Yên,Phường Trần Hưng Đạo,20.4492199,106.3229529,102,Unhealthy for Sensitive Groups,2,20.5,75,0.0,16.9,76,1018.0,100,40.9,41.1,418.0,10.9,60.0,9.9
2026-02-18 02:00:00,2026,2,18,2,Hưng Yên,Phường Trần Hưng Đạo,20.4492199,106.3229529,101,Unhealthy for Sensitive Groups,2,20.5,73,0.0,19.1,72,1017.9,100,41.3,41.4,419.0,10.6,58.0,10.6
2026-02-18 03:00:00,2026,2,18,3,Hưng Yên,Phường Trần Hưng Đạo,20.4492199,106.3229529,100,Moderate,1,19.6,78,0.1,18.0,65,1017.8,100,43.0,43.2,421.0,10.2,58.0,11.4
2026-02-18 04:00:00,2026,2,18,4,Hưng Yên,Phường Trần Hưng Đạo,20.4492199,106.3229529,99,Moderate,1,18.9,84,0.5,16.6,58,1018.0,100,43.5,43.8,430.0,10.0,58.0,12.1
2026-02-18 05:00:00,2026,2,18,5,Hưng Yên,Phường Trần Hưng Đạo,20.4492199,106.3229529,99,Moderate,1,18.5,86,0.3,15.7,57,1018.1,100,45.2,45.4,457.0,10.2,57.0,12.5
2026-02-18 06:00:00,2026,2,18,6,Hưng Yên,Phường Trần Hưng Đạo,20.4492199,106.3229529,100,Moderate,1,18.5,84,0.0,16.0,61,1018.9,100,49.2,49.8,491.0,10.6,56.0,12.7
2026-02-18 07:00:00,2026,2,18,7,Hưng Yên,Phường Trần Hưng Đạo,20.4492199,106.3229529,101,Unhealthy for Sensitive Groups,2,18.6,86,0.0,15.1,49,1019.9,100,45.9,46.3,514.0,9.4,60.0,11.6
2026-02-18 08:00:00,2026,2,18,8,Hưng Yên,Phường Trần Hưng Đạo,20.4492199,106.3229529,101,Unhealthy for Sensitive Groups,2,19.3,81,0.0,15.9,51,1020.5,100,47.4,47.8,513.0,9.1,61.0,11.9
2026-02-18 09:00:00,2026,2,18,9,Hưng Yên,Phường Trần Hưng Đạo,20.4492199,106.3229529,102,Unhealthy for Sensitive Groups,2,20.1,76,0.0,16.2,53,1021.2,98,45.4,45.9,501.0,8.7,63.0,12.3
2026-02-18 10:00:00,2026,2,18,10,Hưng Yên,Phường Trần Hưng Đạo,20.4492199,106.3229529,104,Unhealthy for Sensitive Groups,2,21.4,71,0.0,17.4,64,1021.6,100,43.7,44.0,488.0,7.9,70.0,12.2
2026-02-18 11:00:00,2026,2,18,11,Hưng Yên,Phường Trần Hưng Đạo,20.4492199,106.3229529,106,Unhealthy for Sensitive Groups,2,22.0,68,0.0,19.8,68,1021.1,100,38.6,39.1,480.0,6.4,85.0,11.2
2026-02-18 12:00:00,2026,2,18,12,Hưng Yên,Phường Trần Hưng Đạo,20.4492199,106.3229529,107,Unhealthy for Sensitive Groups,2,21.9,69,0.0,20.7,73,1020.3,99,34.9,35.4,471.0,4.5,104.0,9.8
2026-02-18 13:00:00,2026,2,18,13,Hưng Yên,Phường Trần Hưng Đạo,20.4492199,106.3229529,108,Unhealthy for Sensitive Groups,2,21.2,71,0.0,18.5,75,1020.0,100,32.8,33.3,465.0,3.4,118.0,8.8
2026-02-18 14:00:00,2026,2,18,14,Hưng Yên,Phường Trần Hưng Đạo,20.4492199,106.3229529,109,Unhealthy for Sensitive Groups,2,20.8,72,0.0,17.0,72,1019.4,100,32.1,32.7,459.0,3.5,124.0,8.6
2026-02-18 15:00:00,2026,2,18,15,Hưng Yên,Phường Trần Hưng Đạo,20.4492199,106.3229529,109,Unhealthy for Sensitive Groups,2,20.1,73,0.0,16.4,71,1018.8,100,32.6,33.1,455.0,4.3,126.0,8.9
2026-02-18 16:00:00,2026,2,18,16,Hưng Yên,Phường Trần Hưng Đạo,20.4492199,106.3229529,110,Unhealthy for Sensitive Groups,2,19.8,74,0.0,15.1,72,1018.7,100,34.1,34.7,457.0,5.4,125.0,9.3
2026-02-18 17:00:00,2026,2,18,17,Hưng Yên,Phường Trần Hưng Đạo,20.4492199,106.3229529,111,Unhealthy for Sensitive Groups,2,19.4,76,0.0,14.9,77,1018.6,100,36.2,36.8,468.0,7.0,121.0,10.0
2026-02-18 18:00:00,2026,2,18,18,Hưng Yên,Phường Trần Hưng Đạo,20.4492199,106.3229529,112,Unhealthy for Sensitive Groups,2,18.8,79,0.0,14.6,80,1018.8,100,38.6,39.1,485.0,8.8,115.0,10.9
2026-02-18 19:00:00,2026,2,18,19,Hưng Yên,Phường Trần Hưng Đạo,20.4492199,106.3229529,114,Unhealthy for Sensitive Groups,2,18.9,78,0.0,9.1,60,1019.2,80,46.9,47.5,498.0,10.4,96.0,9.4
2026-02-18 20:00:00,2026,2,18,20,Hưng Yên,Phường Trần Hưng Đạo,20.4492199,106.3229529,114,Unhealthy for Sensitive Groups,2,18.8,79,0.0,9.0,57,1019.6,98,50.1,50.6,506.0,10.2,95.0,10.1
2026-02-18 21:00:00,2026,2,18,21,Hưng Yên,Phường Trần Hưng Đạo,20.4492199,106.3229529,114,Unhealthy for Sensitive Groups,2,18.7,79,0.0,8.7,52,1019.9,100,51.6,52.0,510.0,10.0,94.0,11.0
2026-02-18 22:00:00,2026,2,18,22,Hưng Yên,Phường Trần Hưng Đạo,20.4492199,106.3229529,115,Unhealthy for Sensitive Groups,2,18.8,79,0.0,7.6,63,1019.9,94,53.2,53.7,509.0,9.7,93.0,11.7
2026-02-18 23:00:00,2026,2,18,23,Hưng Yên,Phường Trần Hưng Đạo,20.4492199,106.3229529,116,Unhealthy for Sensitive Groups,2,18.4,81,0.0,6.9,73,1019.8,50,54.4,54.9,499.0,9.4,91.0,12.0
2026-02-19 00:00:00,2026,2,19,0,Hưng Yên,Phường Trần Hưng Đạo,20.4492199,106.3229529,118,Unhealthy for Sensitive Groups,2,18.0,84,0.0,6.3,63,1020.0,100,54.1,54.7,484.0,9.2,88.0,12.1
2026-02-19 01:00:00,2026,2,19,1,Hưng Yên,Phường Trần Hưng Đạo,20.4492199,106.3229529,119,Unhealthy for Sensitive Groups,2,18.5,82,0.0,6.8,32,1020.0,100,54.1,54.7,471.0,9.0,85.0,12.1
2026-02-19 02:00:00,2026,2,19,2,Hưng Yên,Phường Trần Hưng Đạo,20.4492199,106.3229529,121,Unhealthy for Sensitive Groups,2,18.6,81,0.0,8.4,35,1019.8,100,52.7,53.2,461.0,8.8,81.0,11.9
2026-02-19 03:00:00,2026,2,19,3,Hưng Yên,Phường Trần Hưng Đạo,20.4492199,106.3229529,122,Unhealthy for Sensitive Groups,2,18.8,80,0.0,10.5,39,1019.6,100,51.1,51.7,452.0,8.8,76.0,11.5
2026-02-19 04:00:00,2026,2,19,4,Hưng Yên,Phường Trần Hưng Đạo,20.4492199,106.3229529,123,Unhealthy for Sensitive Groups,2,18.9,79,0.0,11.9,41,1019.3,100,49.7,50.3,451.0,8.9,71.0,11.2
2026-02-19 05:00:00,2026,2,19,5,Hưng Yên,Phường Trần Hưng Đạo,20.4492199,106.3229529,123,Unhealthy for Sensitive Groups,2,18.9,78,0.0,12.2,43,1019.6,100,46.0,46.4,464.0,9.5,66.0,11.0
2026-02-19 06:00:00,2026,2,19,6,Hưng Yên,Phường Trần Hưng Đạo,20.4492199,106.3229529,123,Unhealthy for Sensitive Groups,2,18.9,78,0.0,12.0,43,1020.1,100,43.3,43.8,484.0,10.3,60.0,10.9
2026-02-19 07:00:00,2026,2,19,7,Hưng Yên,Phường Trần Hưng Đạo,20.4492199,106.3229529,123,Unhealthy for Sensitive Groups,2,18.9,81,0.0,11.5,42,1020.9,100,36.3,37.1,495.0,8.3,71.0,7.2
2026-02-19 08:00:00,2026,2,19,8,Hưng Yên,Phường Trần Hưng Đạo,20.4492199,106.3229529,122,Unhealthy for Sensitive Groups,2,19.4,80,0.0,10.9,45,1021.6,100,36.8,37.8,490.0,8.3,73.0,7.4
2026-02-19 09:00:00,2026,2,19,9,Hưng Yên,Phường Trần Hưng Đạo,20.4492199,106.3229529,121,Unhealthy for Sensitive Groups,2,20.0,78,0.0,11.7,47,1022.2,100,39.9,41.3,475.0,8.2,76.0,7.8
2026-02-19 10:00:00,2026,2,19,10,Hưng Yên,Phường Trần Hưng Đạo,20.4492199,106.3229529,120,Unhealthy for Sensitive Groups,2,20.6,76,0.0,13.6,64,1022.6,100,34.7,35.9,459.0,7.7,83.0,7.8
2026-02-19 11:00:00,2026,2,19,11,Hưng Yên,Phường Trần Hưng Đạo,20.4492199,106.3229529,119,Unhealthy for Sensitive Groups,2,21.2,74,0.0,15.6,67,1022.1,100,34.0,35.2,440.0,6.3,95.0,7.3
2026-02-19 12:00:00,2026,2,19,12,Hưng Yên,Phường Trần Hưng Đạo,20.4492199,106.3229529,119,Unhealthy for Sensitive Groups,2,21.7,73,0.0,15.5,70,1021.2,100,31.7,32.8,418.0,4.4,110.0,6.4
2026-02-19 13:00:00,2026,2,19,13,Hưng Yên,Phường Trần Hưng Đạo,20.4492199,106.3229529,118,Unhealthy for Sensitive Groups,2,22.2,71,0.0,13.9,71,1020.6,100,29.3,30.5,403.0,3.1,123.0,5.9
2026-02-19 14:00:00,2026,2,19,14,Hưng Yên,Phường Trần Hưng Đạo,20.4492199,106.3229529,118,Unhealthy for Sensitive Groups,2,23.1,68,0.0,12.3,69,1019.7,100,28.2,29.5,394.0,2.7,131.0,5.8
2026-02-19 15:00:00,2026,2,19,15,Hưng Yên,Phường Trần Hưng Đạo,20.4492199,106.3229529,117,Unhealthy for Sensitive Groups,2,23.0,68,0.0,11.3,68,1019.4,100,27.8,28.9,391.0,2.9,137.0,6.1
2026-02-19 16:00:00,2026,2,19,16,Hưng Yên,Phường Trần Hưng Đạo,20.4492199,106.3229529,117,Unhealthy for Sensitive Groups,2,22.6,68,0.0,11.6,75,1019.1,99,28.4,29.4,401.0,3.5,141.0,6.6
2026-02-19 17:00:00,2026,2,19,17,Hưng Yên,Phường Trần Hưng Đạo,20.4492199,106.3229529,116,Unhealthy for Sensitive Groups,2,21.9,70,0.0,11.5,80,1019.0,100,32.1,32.9,432.0,4.5,143.0,7.7
2026-02-19 18:00:00,2026,2,19,18,Hưng Yên,Phường Trần Hưng Đạo,20.4492199,106.3229529,116,Unhealthy for Sensitive Groups,2,20.7,75,0.0,9.6,85,1019.3,99,38.5,39.1,476.0,5.9,143.0,9.0
2026-02-19 19:00:00,2026,2,19,19,Hưng Yên,Phường Trần Hưng Đạo,20.4492199,106.3229529,116,Unhealthy for Sensitive Groups,2,20.4,78,0.0,8.5,96,1020.3,100,41.9,42.4,515.0,9.7,125.0,10.5
2026-02-19 20:00:00,2026,2,19,20,Hưng Yên,Phường Trần Hưng Đạo,20.4492199,106.3229529,115,Unhealthy for Sensitive Groups,2,20.1,79,0.0,7.9,93,1020.8,100,45.5,46.0,545.0,10.2,122.0,10.9
2026-02-19 21:00:00,2026,2,19,21,Hưng Yên,Phường Trần Hưng Đạo,20.4492199,106.3229529,115,Unhealthy for Sensitive Groups,2,20.0,81,0.0,7.2,77,1021.2,100,46.6,46.9,571.0,10.9,117.0,11.4
2026-02-19 22:00:00,2026,2,19,22,Hưng Yên,Phường Trần Hưng Đạo,20.4492199,106.3229529,114,Unhealthy for Sensitive Groups,2,19.9,80,0.0,8.9,69,1021.1,44,47.5,47.8,582.0,11.8,111.0,12.1
2026-02-19 23:00:00,2026,2,19,23,Hưng Yên,Phường Trần Hưng Đạo,20.4492199,106.3229529,114,Unhealthy for Sensitive Groups,2,19.1,82,0.0,8.1,55,1021.0,96,49.7,49.9,570.0,13.0,103.0,12.8
2026-02-20 00:00:00,2026,2,20,0,Hưng Yên,Phường Trần Hưng Đạo,20.4492199,106.3229529,113,Unhealthy for Sensitive Groups,2,18.5,85,0.0,8.0,48,1021.6,40,51.5,51.7,545.0,14.4,93.0,13.6
2026-02-20 01:00:00,2026,2,20,1,Hưng Yên,Phường Trần Hưng Đạo,20.4492199,106.3229529,113,Unhealthy for Sensitive Groups,2,19.0,84,0.0,8.5,42,1021.9,88,52.2,52.3,526.0,15.9,82.0,14.8
2026-02-20 02:00:00,2026,2,20,2,Hưng Yên,Phường Trần Hưng Đạo,20.4492199,106.3229529,113,Unhealthy for Sensitive Groups,2,19.0,83,0.0,7.8,46,1021.5,100,51.1,51.1,518.0,17.3,69.0,16.8
2026-02-20 03:00:00,2026,2,20,3,Hưng Yên,Phường Trần Hưng Đạo,20.4492199,106.3229529,113,Unhealthy for Sensitive Groups,2,18.9,85,0.0,4.8,31,1021.3,98,48.4,48.4,517.0,18.8,55.0,19.2
2026-02-20 04:00:00,2026,2,20,4,Hưng Yên,Phường Trần Hưng Đạo,20.4492199,106.3229529,112,Unhealthy for Sensitive Groups,2,18.9,85,0.0,4.8,15,1020.8,45,48.0,48.1,531.0,20.4,43.0,21.2
2026-02-20 05:00:00,2026,2,20,5,Hưng Yên,Phường Trần Hưng Đạo,20.4492199,106.3229529,112,Unhealthy for Sensitive Groups,2,17.8,90,0.0,4.0,8,1020.8,6,46.4,46.6,576.0,22.7,32.0,22.5
2026-02-20 06:00:00,2026,2,20,6,Hưng Yên,Phường Trần Hưng Đạo,20.4492199,106.3229529,112,Unhealthy for Sensitive Groups,2,17.0,90,0.0,4.4,353,1021.0,3,48.1,48.1,635.0,25.2,23.0,23.4
2026-02-20 07:00:00,2026,2,20,7,Hưng Yên,Phường Trần Hưng Đạo,20.4492199,106.3229529,113,Unhealthy for Sensitive Groups,2,17.5,84,0.0,6.1,358,1021.4,19,38.0,38.0,668.0,21.1,31.0,17.7
2026-02-20 08:00:00,2026,2,20,8,Hưng Yên,Phường Trần Hưng Đạo,20.4492199,106.3229529,113,Unhealthy for Sensitive Groups,2,18.9,77,0.0,6.1,355,1021.7,4,33.1,33.1,651.0,18.9,39.0,17.8
2026-02-20 09:00:00,2026,2,20,9,Hưng Yên,Phường Trần Hưng Đạo,20.4492199,106.3229529,113,Unhealthy for Sensitive Groups,2,20.2,73,0.0,4.9,354,1021.9,1,29.5,29.5,607.0,15.8,51.0,17.8
2026-02-20 10:00:00,2026,2,20,10,Hưng Yên,Phường Trần Hưng Đạo,20.4492199,106.3229529,111,Unhealthy for Sensitive Groups,2,21.6,69,0.0,4.7,7,1021.7,0,28.0,28.1,564.0,12.7,67.0,17.0
2026-02-20 11:00:00,2026,2,20,11,Hưng Yên,Phường Trần Hưng Đạo,20.4492199,106.3229529,111,Unhealthy for Sensitive Groups,2,23.2,63,0.0,4.5,23,1020.9,45,28.9,29.0,531.0,9.5,90.0,14.7
2026-02-20 12:00:00,2026,2,20,12,Hưng Yên,Phường Trần Hưng Đạo,20.4492199,106.3229529,110,Unhealthy for Sensitive Groups,2,24.0,61,0.0,3.5,9,1019.4,100,30.9,31.0,500.0,6.2,116.0,11.5
2026-02-20 13:00:00,2026,2,20,13,Hưng Yên,Phường Trần Hưng Đạo,20.4492199,106.3229529,110,Unhealthy for Sensitive Groups,2,23.5,62,0.0,2.4,347,1018.3,77,29.7,30.0,473.0,3.8,134.0,8.8
2026-02-20 14:00:00,2026,2,20,14,Hưng Yên,Phường Trần Hưng Đạo,20.4492199,106.3229529,110,Unhealthy for Sensitive Groups,2,24.7,58,0.0,3.1,273,1016.9,100,28.8,29.0,447.0,2.5,139.0,7.0
2026-02-20 15:00:00,2026,2,20,15,Hưng Yên,Phường Trần Hưng Đạo,20.4492199,106.3229529,110,Unhealthy for Sensitive Groups,2,24.9,57,0.0,4.6,201,1015.7,100,26.8,27.2,426.0,2.0,137.0,5.8
2026-02-20 16:00:00,2026,2,20,16,Hưng Yên,Phường Trần Hưng Đạo,20.4492199,106.3229529,110,Unhealthy for Sensitive Groups,2,23.5,61,0.0,13.5,151,1014.9,100,23.9,24.6,418.0,2.2,132.0,4.9
2026-02-20 17:00:00,2026,2,20,17,Hưng Yên,Phường Trần Hưng Đạo,20.4492199,106.3229529,110,Unhealthy for Sensitive Groups,2,21.7,66,0.0,14.7,147,1014.7,1,22.1,23.0,436.0,3.4,124.0,4.5
2026-02-20 18:00:00,2026,2,20,18,Hưng Yên,Phường Trần Hưng Đạo,20.4492199,106.3229529,109,Unhealthy for Sensitive Groups,2,20.2,74,0.0,11.2,156,1014.7,8,22.8,23.8,468.0,5.3,113.0,4.5
2026-02-20 19:00:00,2026,2,20,19,Hưng Yên,Phường Trần Hưng Đạo,20.4492199,106.3229529,107,Unhealthy for Sensitive Groups,2,18.8,85,0.0,10.7,153,1015.1,0,24.0,25.6,491.0,6.5,92.0,4.8
2026-02-20 20:00:00,2026,2,20,20,Hưng Yên,Phường Trần Hưng Đạo,20.4492199,106.3229529,105,Unhealthy for Sensitive Groups,2,18.5,90,0.0,11.0,155,1015.0,0,27.0,28.3,495.0,6.6,90.0,5.0
2026-02-20 21:00:00,2026,2,20,21,Hưng Yên,Phường Trần Hưng Đạo,20.4492199,106.3229529,103,Unhealthy for Sensitive Groups,2,18.2,93,0.0,10.5,153,1015.0,0,28.6,30.0,491.0,6.8,88.0,5.4
2026-02-20 22:00:00,2026,2,20,22,Hưng Yên,Phường Trần Hưng Đạo,20.4492199,106.3229529,101,Unhealthy for Sensitive Groups,2,18.2,94,0.0,10.2,157,1014.9,0,30.2,31.7,483.0,6.9,85.0,5.4
2026-02-20 23:00:00,2026,2,20,23,Hưng Yên,Phường Trần Hưng Đạo,20.4492199,106.3229529,100,Moderate,1,18.1,95,0.0,9.3,164,1014.5,0,31.8,33.3,473.0,6.8,83.0,4.9
2026-02-21 00:00:00,2026,2,21,0,Hưng Yên,Phường Trần Hưng Đạo,20.4492199,106.3229529,98,Moderate,1,18.2,96,0.0,9.4,177,1014.2,0,31.8,33.3,459.0,6.8,81.0,4.1
2026-02-21 01:00:00,2026,2,21,1,Hưng Yên,Phường Trần Hưng Đạo,20.4492199,106.3229529,96,Moderate,1,18.3,96,0.0,9.0,179,1013.9,0,32.0,33.6,448.0,7.0,79.0,3.6
2026-02-21 02:00:00,2026,2,21,2,Hưng Yên,Phường Trần Hưng Đạo,20.4492199,106.3229529,94,Moderate,1,18.3,97,0.0,7.4,181,1013.3,1,33.2,34.9,437.0,7.8,76.0,3.7
2026-02-21 03:00:00,2026,2,21,3,Hưng Yên,Phường Trần Hưng Đạo,20.4492199,106.3229529,93,Moderate,1,18.3,97,0.0,7.7,180,1012.5,28,35.0,36.8,428.0,8.9,73.0,4.2
2026-02-21 04:00:00,2026,2,21,4,Hưng Yên,Phường Trần Hưng Đạo,20.4492199,106.3229529,92,Moderate,1,18.4,97,0.0,8.1,174,1011.8,100,36.7,38.5,430.0,10.0,70.0,4.7
2026-02-21 05:00:00,2026,2,21,5,Hưng Yên,Phường Trần Hưng Đạo,20.4492199,106.3229529,91,Moderate,1,18.5,97,0.0,7.8,171,1011.5,88,38.0,39.9,460.0,11.3,67.0,5.4
2026-02-21 06:00:00,2026,2,21,6,Hưng Yên,Phường Trần Hưng Đạo,20.4492199,106.3229529,90,Moderate,1,18.8,96,0.0,8.2,172,1011.5,100,38.0,40.2,502.0,12.6,65.0,6.2
2026-02-21 07:00:00,2026,2,21,7,Hưng Yên,Phường Trần Hưng Đạo,20.4492199,106.3229529,89,Moderate,1,19.5,93,0.0,9.3,171,1011.9,100,41.6,44.5,515.0,12.2,69.0,6.2
2026-02-21 08:00:00,2026,2,21,8,Hưng Yên,Phường Trần Hưng Đạo,20.4492199,106.3229529,89,Moderate,1,20.9,86,0.0,13.7,182,1012.5,100,30.9,34.1,473.0,9.6,78.0,5.3
2026-02-21 09:00:00,2026,2,21,9,Hưng Yên,Phường Trần Hưng Đạo,20.4492199,106.3229529,89,Moderate,1,22.2,78,0.1,15.9,185,1012.4,100,24.4,27.2,402.0,6.0,90.0,4.1
2026-02-21 10:00:00,2026,2,21,10,Hưng Yên,Phường Trần Hưng Đạo,20.4492199,106.3229529,89,Moderate,1,23.4,73,0.0,16.8,184,1012.3,100,19.4,21.9,346.0,3.2,100.0,3.2
2026-02-21 11:00:00,2026,2,21,11,Hưng Yên,Phường Trần Hưng Đạo,20.4492199,106.3229529,88,Moderate,1,24.6,67,0.0,18.2,187,1011.3,100,17.0,19.7,323.0,2.0,104.0,2.8
2026-02-21 12:00:00,2026,2,21,12,Hưng Yên,Phường Trần Hưng Đạo,20.4492199,106.3229529,87,Moderate,1,25.5,63,0.0,18.1,186,1009.7,100,15.5,18.3,316.0,1.6,106.0,2.6
2026-02-21 13:00:00,2026,2,21,13,Hưng Yên,Phường Trần Hưng Đạo,20.4492199,106.3229529,86,Moderate,1,24.5,67,0.0,18.2,181,1008.9,100,14.6,17.8,309.0,1.4,105.0,2.4
2026-02-21 14:00:00,2026,2,21,14,Hưng Yên,Phường Trần Hưng Đạo,20.4492199,106.3229529,84,Moderate,1,25.0,67,0.0,17.3,180,1007.7,100,13.0,16.2,297.0,1.1,102.0,1.9
2026-02-21 15:00:00,2026,2,21,15,Hưng Yên,Phường Trần Hưng Đạo,20.4492199,106.3229529,83,Moderate,1,24.7,69,0.0,15.1,172,1006.9,100,11.3,14.5,285.0,1.1,96.0,1.4
2026-02-21 16:00:00,2026,2,21,16,Hưng Yên,Phường Trần Hưng Đạo,20.4492199,106.3229529,81,Moderate,1,24.5,69,0.0,16.2,165,1006.3,47,10.7,14.1,284.0,1.6,91.0,1.2
2026-02-21 17:00:00,2026,2,21,17,Hưng Yên,Phường Trần Hưng Đạo,20.4492199,106.3229529,80,Moderate,1,23.4,74,0.0,19.1,159,1006.0,5,11.5,15.1,301.0,3.1,86.0,1.7
2026-02-21 18:00:00,2026,2,21,18,Hưng Yên,Phường Trần Hưng Đạo,20.4492199,106.3229529,79,Moderate,1,22.0,81,0.0,14.8,157,1006.1,70,13.8,17.0,327.0,5.2,81.0,2.6
2026-02-21 19:00:00,2026,2,21,19,Hưng Yên,Phường Trần Hưng Đạo,20.4492199,106.3229529,79,Moderate,1,21.3,87,0.0,12.4,150,1006.6,85,16.4,19.6,346.0,6.0,81.0,2.9
2026-02-21 20:00:00,2026,2,21,20,Hưng Yên,Phường Trần Hưng Đạo,20.4492199,106.3229529,78,Moderate,1,21.1,89,0.0,13.1,162,1007.0,70,16.3,19.7,351.0,6.0,80.0,3.1
2026-02-21 21:00:00,2026,2,21,21,Hưng Yên,Phường Trần Hưng Đạo,20.4492199,106.3229529,77,Moderate,1,20.8,91,0.0,9.7,165,1007.5,73,16.8,20.3,348.0,6.1,77.0,3.4
2026-02-21 22:00:00,2026,2,21,22,Hưng Yên,Phường Trần Hưng Đạo,20.4492199,106.3229529,76,Moderate,1,20.5,94,0.0,8.5,173,1008.2,74,18.5,21.9,340.0,6.2,75.0,3.6
2026-02-21 23:00:00,2026,2,21,23,Hưng Yên,Phường Trần Hưng Đạo,20.4492199,106.3229529,75,Moderate,1,20.2,95,0.0,8.6,172,1008.4,79,19.6,23.2,325.0,6.6,72.0,3.5
2026-02-22 00:00:00,2026,2,22,0,Hưng Yên,Phường Trần Hưng Đạo,20.4492199,106.3229529,74,Moderate,1,20.1,96,0.0,9.5,161,1008.3,77,20.2,24.0,306.0,7.0,68.0,3.2
2026-02-22 01:00:00,2026,2,22,1,Hưng Yên,Phường Trần Hưng Đạo,20.4492199,106.3229529,73,Moderate,1,20.9,98,0.0,10.3,142,1008.1,99,18.9,22.5,289.0,7.1,66.0,2.9
2026-02-22 02:00:00,2026,2,22,2,Hưng Yên,Phường Trần Hưng Đạo,20.4492199,106.3229529,72,Moderate,1,21.0,98,0.0,9.4,133,1007.8,100,17.7,21.4,275.0,6.6,66.0,2.6
2026-02-22 03:00:00,2026,2,22,3,Hưng Yên,Phường Trần Hưng Đạo,20.4492199,106.3229529,70,Moderate,1,21.4,97,0.0,11.3,134,1007.5,100,16.8,20.5,263.0,5.8,67.0,2.2
2026-02-22 04:00:00,2026,2,22,4,Hưng Yên,Phường Trần Hưng Đạo,20.4492199,106.3229529,69,Moderate,1,21.6,96,0.0,11.1,132,1007.7,100,15.7,19.5,261.0,5.2,69.0,2.0
2026-02-22 05:00:00,2026,2,22,5,Hưng Yên,Phường Trần Hưng Đạo,20.4492199,106.3229529,67,Moderate,1,21.7,95,0.0,11.4,123,1007.8,100,14.8,18.6,278.0,5.1,70.0,2.0
2026-02-22 06:00:00,2026,2,22,6,Hưng Yên,Phường Trần Hưng Đạo,20.4492199,106.3229529,65,Moderate,1,21.5,95,0.0,11.1,124,1008.5,100,14.3,18.2,303.0,5.1,71.0,2.2
2026-02-22 07:00:00,2026,2,22,7,Hưng Yên,Phường Trần Hưng Đạo,20.4492199,106.3229529,63,Moderate,1,21.8,95,0.0,10.6,111,1009.3,100,17.6,21.2,314.0,7.6,64.0,3.3
2026-02-22 08:00:00,2026,2,22,8,Hưng Yên,Phường Trần Hưng Đạo,20.4492199,106.3229529,60,Moderate,1,22.5,91,0.0,11.9,121,1010.1,100,13.4,18.0,291.0,6.9,68.0,3.2
2026-02-22 09:00:00,2026,2,22,9,Hưng Yên,Phường Trần Hưng Đạo,20.4492199,106.3229529,59,Moderate,1,23.0,88,0.0,16.2,126,1010.5,100,12.5,16.2,252.0,5.9,73.0,3.1
2026-02-22 10:00:00,2026,2,22,10,Hưng Yên,Phường Trần Hưng Đạo,20.4492199,106.3229529,58,Moderate,1,23.5,86,0.1,15.9,124,1011.0,100,13.3,16.5,230.0,5.0,80.0,3.1
2026-02-22 11:00:00,2026,2,22,11,Hưng Yên,Phường Trần Hưng Đạo,20.4492199,106.3229529,57,Moderate,1,23.6,85,0.1,13.8,111,1010.8,100,12.2,16.2,241.0,4.1,88.0,3.2
2026-02-22 12:00:00,2026,2,22,12,Hưng Yên,Phường Trần Hưng Đạo,20.4492199,106.3229529,57,Moderate,1,23.0,86,0.1,14.4,99,1010.0,100,12.6,16.6,268.0,3.2,97.0,3.3
2026-02-22 13:00:00,2026,2,22,13,Hưng Yên,Phường Trần Hưng Đạo,20.4492199,106.3229529,57,Moderate,1,22.3,86,0.1,13.5,95,1009.2,100,13.2,17.1,289.0,2.7,105.0,3.5
2026-02-22 14:00:00,2026,2,22,14,Hưng Yên,Phường Trần Hưng Đạo,20.4492199,106.3229529,56,Moderate,1,22.7,82,0.1,14.6,94,1008.3,100,13.6,17.2,294.0,2.9,110.0,3.7
2026-02-22 15:00:00,2026,2,22,15,Hưng Yên,Phường Trần Hưng Đạo,20.4492199,106.3229529,57,Moderate,1,22.6,80,0.0,13.6,95,1008.1,100,14.3,17.5,293.0,3.6,113.0,4.0
2026-02-22 16:00:00,2026,2,22,16,Hưng Yên,Phường Trần Hưng Đạo,20.4492199,106.3229529,57,Moderate,1,22.5,80,0.1,14.0,91,1008.0,100,15.3,17.5,292.0,4.4,115.0,4.3
2026-02-22 17:00:00,2026,2,22,17,Hưng Yên,Phường Trần Hưng Đạo,20.4492199,106.3229529,57,Moderate,1,22.0,83,0.0,11.9,90,1008.4,100,17.9,19.6,294.0,5.5,114.0,4.6
2026-02-22 18:00:00,2026,2,22,18,Hưng Yên,Phường Trần Hưng Đạo,20.4492199,106.3229529,58,Moderate,1,21.5,87,0.0,13.5,91,1008.4,100,20.0,21.7,297.0,6.7,112.0,4.9
2026-02-22 19:00:00,2026,2,22,19,Hưng Yên,Phường Trần Hưng Đạo,20.4492199,106.3229529,58,Moderate,1,21.6,87,0.0,13.0,92,1009.0,100,20.9,22.7,300.0,7.6,103.0,5.2
2026-02-22 20:00:00,2026,2,22,20,Hưng Yên,Phường Trần Hưng Đạo,20.4492199,106.3229529,59,Moderate,1,21.7,87,0.0,13.8,98,1009.5,100,19.9,22.0,304.0,7.9,99.0,5.3
2026-02-22 21:00:00,2026,2,22,21,Hưng Yên,Phường Trần Hưng Đạo,20.4492199,106.3229529,59,Moderate,1,21.5,87,0.0,12.5,110,1009.8,100,20.7,22.6,307.0,8.4,94.0,5.5
2026-02-22 22:00:00,2026,2,22,22,Hưng Yên,Phường Trần Hưng Đạo,20.4492199,106.3229529,59,Moderate,1,21.5,86,0.0,11.8,113,1010.2,91,22.1,24.3,304.0,8.8,89.0,5.5
2026-02-22 23:00:00,2026,2,22,23,Hưng Yên,Phường Trần Hưng Đạo,20.4492199,106.3229529,60,Moderate,1,21.0,89,0.0,8.6,120,1010.6,91,23.3,25.8,290.0,9.0,86.0,5.1
2026-02-23 00:00:00,2026,2,23,0,Hưng Yên,Phường Trần Hưng Đạo,20.4492199,106.3229529,60,Moderate,1,21.0,89,0.0,9.0,136,1010.5,87,22.4,25.0,270.0,9.1,83.0,4.5
2026-02-23 01:00:00,2026,2,23,1,Hưng Yên,Phường Trần Hưng Đạo,20.4492199,106.3229529,60,Moderate,1,21.2,90,0.0,9.7,124,1009.7,100,22.2,24.9,254.0,9.3,80.0,4.1
2026-02-23 02:00:00,2026,2,23,2,Hưng Yên,Phường Trần Hưng Đạo,20.4492199,106.3229529,61,Moderate,1,21.9,87,0.0,10.2,122,1009.3,100,22.5,25.3,244.0,9.7,77.0,4.1
2026-02-23 03:00:00,2026,2,23,3,Hưng Yên,Phường Trần Hưng Đạo,20.4492199,106.3229529,61,Moderate,1,21.9,87,0.0,10.3,126,1008.8,100,22.8,25.7,237.0,10.2,74.0,4.2
2026-02-23 04:00:00,2026,2,23,4,Hưng Yên,Phường Trần Hưng Đạo,20.4492199,106.3229529,61,Moderate,1,21.9,88,0.0,11.2,130,1008.5,99,22.9,25.9,235.0,10.6,72.0,4.4
2026-02-23 05:00:00,2026,2,23,5,Hưng Yên,Phường Trần Hưng Đạo,20.4492199,106.3229529,62,Moderate,1,21.8,92,0.0,11.9,138,1008.6,100,22.8,26.0,244.0,11.0,70.0,4.7
2026-02-23 06:00:00,2026,2,23,6,Hưng Yên,Phường Trần Hưng Đạo,20.4492199,106.3229529,63,Moderate,1,22.0,93,0.0,13.6,148,1009.0,95,22.3,25.6,259.0,11.3,69.0,5.1
2026-02-23 07:00:00,2026,2,23,7,Hưng Yên,Phường Trần Hưng Đạo,20.4492199,106.3229529,64,Moderate,1,22.0,97,0.0,6.3,127,1010.5,100,22.9,26.9,265.0,9.8,72.0,4.7
2026-02-23 08:00:00,2026,2,23,8,Hưng Yên,Phường Trần Hưng Đạo,20.4492199,106.3229529,64,Moderate,1,22.9,93,0.1,12.9,150,1011.1,100,19.0,24.4,255.0,7.8,78.0,4.0
2026-02-23 09:00:00,2026,2,23,9,Hưng Yên,Phường Trần Hưng Đạo,20.4492199,106.3229529,65,Moderate,1,24.0,86,0.0,16.8,161,1011.5,100,24.3,31.9,236.0,5.1,86.0,3.1
2026-02-23 10:00:00,2026,2,23,10,Hưng Yên,Phường Trần Hưng Đạo,20.4492199,106.3229529,66,Moderate,1,24.9,79,0.0,16.5,167,1012.0,100,17.9,23.7,222.0,2.9,93.0,2.3
2026-02-23 11:00:00,2026,2,23,11,Hưng Yên,Phường Trần Hưng Đạo,20.4492199,106.3229529,66,Moderate,1,26.0,71,0.0,16.9,164,1011.4,83,17.6,23.5,218.0,1.9,98.0,1.9
2026-02-23 12:00:00,2026,2,23,12,Hưng Yên,Phường Trần Hưng Đạo,20.4492199,106.3229529,66,Moderate,1,26.8,66,0.0,19.1,169,1010.3,100,16.2,21.8,218.0,1.5,101.0,1.6
2026-02-23 13:00:00,2026,2,23,13,Hưng Yên,Phường Trần Hưng Đạo,20.4492199,106.3229529,67,Moderate,1,24.5,75,0.0,16.3,169,1010.0,100,16.0,21.5,220.0,1.3,103.0,1.5
2026-02-23 14:00:00,2026,2,23,14,Hưng Yên,Phường Trần Hưng Đạo,20.4492199,106.3229529,67,Moderate,1,25.0,73,0.0,16.1,166,1009.1,95,14.8,19.8,221.0,1.1,103.0,1.4
2026-02-23 15:00:00,2026,2,23,15,Hưng Yên,Phường Trần Hưng Đạo,20.4492199,106.3229529,67,Moderate,1,25.9,69,0.0,15.7,164,1008.1,65,14.1,18.9,223.0,1.2,101.0,1.3
2026-02-23 16:00:00,2026,2,23,16,Hưng Yên,Phường Trần Hưng Đạo,20.4492199,106.3229529,67,Moderate,1,25.5,70,0.0,17.3,165,1007.9,100,15.1,20.2,230.0,1.8,98.0,1.5
2026-02-23 17:00:00,2026,2,23,17,Hưng Yên,Phường Trần Hưng Đạo,20.4492199,106.3229529,67,Moderate,1,24.5,75,0.0,15.9,158,1008.1,100,14.5,19.1,246.0,3.5,93.0,2.1
2026-02-23 18:00:00,2026,2,23,18,Hưng Yên,Phường Trần Hưng Đạo,20.4492199,106.3229529,67,Moderate,1,23.4,85,0.0,12.7,165,1008.4,95,16.1,19.9,266.0,5.7,87.0,2.9
2026-02-23 19:00:00,2026,2,23,19,Hưng Yên,Phường Trần Hưng Đạo,20.4492199,106.3229529,66,Moderate,1,23.0,89,0.0,9.8,150,1008.7,90,20.8,24.7,281.0,8.3,78.0,3.9
2026-02-23 20:00:00,2026,2,23,20,Hưng Yên,Phường Trần Hưng Đạo,20.4492199,106.3229529,66,Moderate,1,22.5,93,0.0,9.7,156,1009.6,60,22.2,26.1,287.0,7.8,78.0,3.9
2026-02-23 21:00:00,2026,2,23,21,Hưng Yên,Phường Trần Hưng Đạo,20.4492199,106.3229529,67,Moderate,1,22.2,94,0.0,12.6,158,1010.0,100,21.0,24.9,288.0,7.1,77.0,3.8
2026-02-23 22:00:00,2026,2,23,22,Hưng Yên,Phường Trần Hưng Đạo,20.4492199,106.3229529,67,Moderate,1,22.4,92,0.0,11.7,165,1010.2,100,19.8,23.5,283.0,6.6,76.0,3.7
2026-02-23 23:00:00,2026,2,23,23,Hưng Yên,Phường Trần Hưng Đạo,20.4492199,106.3229529,66,Moderate,1,22.4,92,0.2,11.2,162,1010.0,100,19.3,22.9,267.0,6.4,74.0,3.4
2026-02-24 00:00:00,2026,2,24,0,Hưng Yên,Phường Trần Hưng Đạo,20.4492199,106.3229529,66,Moderate,1,22.2,93,0.0,11.1,166,1009.7,100,18.6,22.1,246.0,6.3,71.0,3.0
2026-02-24 01:00:00,2026,2,24,1,Hưng Yên,Phường Trần Hưng Đạo,20.4492199,106.3229529,66,Moderate,1,22.5,94,0.0,11.0,170,1009.5,100,17.9,21.5,229.0,6.2,69.0,2.7
2026-02-24 02:00:00,2026,2,24,2,Hưng Yên,Phường Trần Hưng Đạo,20.4492199,106.3229529,65,Moderate,1,22.4,94,0.0,10.7,167,1009.1,98,17.2,20.9,219.0,6.0,68.0,2.5
2026-02-24 03:00:00,2026,2,24,3,Hưng Yên,Phường Trần Hưng Đạo,20.4492199,106.3229529,65,Moderate,1,22.1,95,0.0,11.2,159,1008.8,98,16.9,20.8,215.0,5.9,67.0,2.4
2026-02-24 04:00:00,2026,2,24,4,Hưng Yên,Phường Trần Hưng Đạo,20.4492199,106.3229529,64,Moderate,1,22.0,96,0.0,12.5,157,1008.6,95,16.9,20.7,223.0,5.9,66.0,2.5
2026-02-24 05:00:00,2026,2,24,5,Hưng Yên,Phường Trần Hưng Đạo,20.4492199,106.3229529,64,Moderate,1,22.0,96,0.0,10.7,158,1009.2,98,16.6,20.4,256.0,6.3,65.0,2.9
2026-02-24 06:00:00,2026,2,24,6,Hưng Yên,Phường Trần Hưng Đạo,20.4492199,106.3229529,63,Moderate,1,22.0,97,0.0,9.3,158,1010.3,100,16.6,20.5,302.0,6.9,64.0,3.3
2026-02-24 07:00:00,2026,2,24,7,Hưng Yên,Phường Trần Hưng Đạo,20.4492199,106.3229529,63,Moderate,1,22.4,94,0.0,10.7,150,1011.3,100,17.3,21.2,327.0,6.3,67.0,3.3
2026-02-24 08:00:00,2026,2,24,8,Hưng Yên,Phường Trần Hưng Đạo,20.4492199,106.3229529,62,Moderate,1,23.1,90,0.1,13.6,158,1012.0,100,15.3,20.3,310.0,5.4,72.0,3.0
2026-02-24 09:00:00,2026,2,24,9,Hưng Yên,Phường Trần Hưng Đạo,20.4492199,106.3229529,62,Moderate,1,24.0,84,0.0,14.8,158,1012.7,100,15.4,20.1,273.0,4.1,80.0,2.5
2026-02-24 10:00:00,2026,2,24,10,Hưng Yên,Phường Trần Hưng Đạo,20.4492199,106.3229529,61,Moderate,1,24.6,81,0.0,14.5,158,1013.2,100,15.7,20.6,244.0,3.0,86.0,2.1
2026-02-24 11:00:00,2026,2,24,11,Hưng Yên,Phường Trần Hưng Đạo,20.4492199,106.3229529,61,Moderate,1,25.5,74,0.0,13.6,160,1012.8,100,15.4,20.4,236.0,2.4,91.0,1.8
2026-02-24 12:00:00,2026,2,24,12,Hưng Yên,Phường Trần Hưng Đạo,20.4492199,106.3229529,61,Moderate,1,25.2,76,0.0,13.3,157,1011.6,100,15.8,20.9,235.0,2.0,95.0,1.5
2026-02-24 13:00:00,2026,2,24,13,Hưng Yên,Phường Trần Hưng Đạo,20.4492199,106.3229529,61,Moderate,1,24.8,76,0.0,10.5,155,1011.6,100,15.3,20.0,236.0,1.8,97.0,1.4
2026-02-24 14:00:00,2026,2,24,14,Hưng Yên,Phường Trần Hưng Đạo,20.4492199,106.3229529,61,Moderate,1,25.0,75,0.1,9.8,149,1010.5,100,15.0,19.5,233.0,1.7,98.0,1.4
2026-02-24 15:00:00,2026,2,24,15,Hưng Yên,Phường Trần Hưng Đạo,20.4492199,106.3229529,61,Moderate,1,24.8,76,0.0,11.4,149,1010.2,100,14.7,18.9,230.0,1.8,98.0,1.5
2026-02-24 16:00:00,2026,2,24,16,Hưng Yên,Phường Trần Hưng Đạo,20.4492199,106.3229529,61,Moderate,1,23.8,82,0.0,10.1,129,1010.3,100,15.1,19.2,234.0,2.5,96.0,1.7
2026-02-24 17:00:00,2026,2,24,17,Hưng Yên,Phường Trần Hưng Đạo,20.4492199,106.3229529,61,Moderate,1,23.5,84,0.0,11.2,118,1010.2,100,15.5,19.5,246.0,4.2,91.0,2.0
2026-02-24 18:00:00,2026,2,24,18,Hưng Yên,Phường Trần Hưng Đạo,20.4492199,106.3229529,61,Moderate,1,22.9,87,0.0,12.7,123,1010.6,100,18.2,21.6,265.0,6.5,85.0,2.4
2026-02-24 19:00:00,2026,2,24,19,Hưng Yên,Phường Trần Hưng Đạo,20.4492199,106.3229529,61,Moderate,1,22.9,90,0.0,13.2,112,1010.7,91,22.2,25.7,288.0,9.2,76.0,3.9
2026-02-24 20:00:00,2026,2,24,20,Hưng Yên,Phường Trần Hưng Đạo,20.4492199,106.3229529,61,Moderate,1,22.3,91,0.0,12.0,122,1011.3,27,24.3,27.9,321.0,9.7,74.0,4.4
2026-02-24 21:00:00,2026,2,24,21,Hưng Yên,Phường Trần Hưng Đạo,20.4492199,106.3229529,61,Moderate,1,21.8,94,0.0,9.4,122,1011.9,30,25.8,29.3,358.0,10.3,71.0,5.1
2026-02-24 22:00:00,2026,2,24,22,Hưng Yên,Phường Trần Hưng Đạo,20.4492199,106.3229529,62,Moderate,1,21.2,96,0.0,6.1,140,1012.8,40,27.8,31.3,383.0,10.6,68.0,5.4
2026-02-24 23:00:00,2026,2,24,23,Hưng Yên,Phường Trần Hưng Đạo,20.4492199,106.3229529,62,Moderate,1,21.1,97,0.0,6.0,147,1012.7,34,28.3,31.8,388.0,10.3,67.0,5.0
2026-02-25 00:00:00,2026,2,25,0,Hưng Yên,Phường Trần Hưng Đạo,20.4492199,106.3229529,63,Moderate,1,20.9,98,0.0,6.5,134,1012.3,16,27.3,30.6,380.0,9.7,67.0,4.2
2026-02-25 01:00:00,2026,2,25,1,Hưng Yên,Phường Trần Hưng Đạo,20.4492199,106.3229529,64,Moderate,1,21.2,99,0.0,6.0,127,1011.5,99,27.3,30.5,365.0,9.6,65.0,3.7
2026-02-25 02:00:00,2026,2,25,2,Hưng Yên,Phường Trần Hưng Đạo,20.4492199,106.3229529,65,Moderate,1,21.2,99,0.0,7.1,135,1011.2,100,28.2,31.5,337.0,10.5,61.0,3.9
2026-02-25 03:00:00,2026,2,25,3,Hưng Yên,Phường Trần Hưng Đạo,20.4492199,106.3229529,66,Moderate,1,21.1,100,0.0,5.1,144,1011.3,100,31.4,35.0,303.0,11.9,55.0,4.5
2026-02-25 04:00:00,2026,2,25,4,Hưng Yên,Phường Trần Hưng Đạo,20.4492199,106.3229529,67,Moderate,1,21.1,100,0.0,3.7,141,1011.5,100,34.7,38.2,288.0,13.1,52.0,5.1
2026-02-25 05:00:00,2026,2,25,5,Hưng Yên,Phường Trần Hưng Đạo,20.4492199,106.3229529,69,Moderate,1,21.1,99,0.1,4.3,132,1011.7,100,36.6,39.8,319.0,14.2,52.0,5.9
2026-02-25 06:00:00,2026,2,25,6,Hưng Yên,Phường Trần Hưng Đạo,20.4492199,106.3229529,70,Moderate,1,21.2,99,0.3,5.3,135,1012.3,100,34.1,36.9,370.0,15.0,55.0,6.7
2026-02-25 07:00:00,2026,2,25,7,Hưng Yên,Phường Trần Hưng Đạo,20.4492199,106.3229529,72,Moderate,1,21.0,99,0.2,5.0,131,1013.2,99,33.5,36.1,391.0,15.9,54.0,7.4
2026-02-25 08:00:00,2026,2,25,8,Hưng Yên,Phường Trần Hưng Đạo,20.4492199,106.3229529,73,Moderate,1,22.0,94,0.0,9.3,136,1013.3,91,27.8,30.5,351.0,12.3,65.0,6.0
2026-02-25 09:00:00,2026,2,25,9,Hưng Yên,Phường Trần Hưng Đạo,20.4492199,106.3229529,75,Moderate,1,24.2,81,0.0,13.2,158,1013.5,89,21.8,24.4,282.0,7.2,81.0,4.1
2026-02-25 10:00:00,2026,2,25,10,Hưng Yên,Phường Trần Hưng Đạo,20.4492199,106.3229529,75,Moderate,1,25.2,75,0.0,12.5,148,1013.5,99,17.2,19.7,230.0,3.4,93.0,2.7
2026-02-25 11:00:00,2026,2,25,11,Hưng Yên,Phường Trần Hưng Đạo,20.4492199,106.3229529,75,Moderate,1,25.5,74,0.2,13.3,142,1012.7,100,16.6,19.0,218.0,2.0,98.0,2.4
2026-02-25 12:00:00,2026,2,25,12,Hưng Yên,Phường Trần Hưng Đạo,20.4492199,106.3229529,75,Moderate,1,24.5,77,0.1,14.0,147,1012.1,100,16.5,18.6,224.0,1.8,100.0,2.7
2026-02-25 13:00:00,2026,2,25,13,Hưng Yên,Phường Trần Hưng Đạo,20.4492199,106.3229529,75,Moderate,1,25.1,73,0.0,11.1,158,1012.0,100,17.2,19.3,230.0,1.8,101.0,2.9
2026-02-25 14:00:00,2026,2,25,14,Hưng Yên,Phường Trần Hưng Đạo,20.4492199,106.3229529,76,Moderate,1,25.1,71,0.0,11.8,159,1010.9,100,17.3,19.2,227.0,1.4,103.0,2.8
2026-02-25 15:00:00,2026,2,25,15,Hưng Yên,Phường Trần Hưng Đạo,20.4492199,106.3229529,76,Moderate,1,25.1,70,0.0,13.4,151,1010.0,80,18.5,20.3,224.0,1.2,105.0,2.8
2026-02-25 16:00:00,2026,2,25,16,Hưng Yên,Phường Trần Hưng Đạo,20.4492199,106.3229529,76,Moderate,1,25.3,69,0.0,13.0,143,1009.6,33,18.5,20.1,232.0,2.0,104.0,3.0
2026-02-25 17:00:00,2026,2,25,17,Hưng Yên,Phường Trần Hưng Đạo,20.4492199,106.3229529,76,Moderate,1,24.5,71,0.0,11.6,137,1009.8,14,19.9,21.5,252.0,4.4,100.0,3.6
2026-02-25 18:00:00,2026,2,25,18,Hưng Yên,Phường Trần Hưng Đạo,20.4492199,106.3229529,77,Moderate,1,22.9,80,0.0,8.2,139,1010.4,17,24.0,25.4,283.0,7.7,93.0,4.6
2026-02-25 19:00:00,2026,2,25,19,Hưng Yên,Phường Trần Hưng Đạo,20.4492199,106.3229529,77,Moderate,1,22.4,85,0.0,8.3,131,1010.8,16,28.9,29.8,336.0,11.3,78.0,6.1
2026-02-25 20:00:00,2026,2,25,20,Hưng Yên,Phường Trần Hưng Đạo,20.4492199,106.3229529,78,Moderate,1,21.6,90,0.0,5.9,125,1011.6,22,32.5,33.6,437.0,12.5,74.0,7.1
2026-02-25 21:00:00,2026,2,25,21,Hưng Yên,Phường Trần Hưng Đạo,20.4492199,106.3229529,79,Moderate,1,21.0,93,0.0,5.0,131,1012.1,20,35.7,37.3,560.0,14.1,69.0,8.5
2026-02-25 22:00:00,2026,2,25,22,Hưng Yên,Phường Trần Hưng Đạo,20.4492199,106.3229529,80,Moderate,1,20.5,95,0.0,4.1,135,1012.4,12,40.5,42.8,640.0,15.4,65.0,9.3
2026-02-25 23:00:00,2026,2,25,23,Hưng Yên,Phường Trần Hưng Đạo,20.4492199,106.3229529,81,Moderate,1,20.1,96,0.0,3.3,135,1012.0,8,47.5,50.2,645.0,16.3,62.0,9.2
2026-02-26 00:00:00,2026,2,26,0,Hưng Yên,Phường Trần Hưng Đạo,20.4492199,106.3229529,82,Moderate,1,19.8,96,0.0,3.4,106,1011.6,7,48.0,51.3,607.0,16.9,59.0,8.5
2026-02-26 01:00:00,2026,2,26,1,Hưng Yên,Phường Trần Hưng Đạo,20.4492199,106.3229529,84,Moderate,1,20.1,100,0.0,5.0,109,1011.1,97,41.7,44.7,556.0,16.7,57.0,7.5
2026-02-26 02:00:00,2026,2,26,2,Hưng Yên,Phường Trần Hưng Đạo,20.4492199,106.3229529,86,Moderate,1,20.2,100,0.0,4.8,101,1010.5,100,37.3,40.2,490.0,15.0,56.0,5.9
2026-02-26 03:00:00,2026,2,26,3,Hưng Yên,Phường Trần Hưng Đạo,20.4492199,106.3229529,86,Moderate,1,20.1,100,0.0,6.6,101,1010.2,100,37.1,39.6,412.0,12.4,56.0,4.0
2026-02-26 04:00:00,2026,2,26,4,Hưng Yên,Phường Trần Hưng Đạo,20.4492199,106.3229529,87,Moderate,1,20.2,100,0.0,8.2,116,1010.1,100,36.8,39.0,357.0,10.6,57.0,2.7
2026-02-26 05:00:00,2026,2,26,5,Hưng Yên,Phường Trần Hưng Đạo,20.4492199,106.3229529,87,Moderate,1,20.1,100,0.0,8.5,119,1010.3,100,36.9,39.1,350.0,10.4,58.0,2.6
2026-02-26 06:00:00,2026,2,26,6,Hưng Yên,Phường Trần Hưng Đạo,20.4492199,106.3229529,87,Moderate,1,20.0,100,0.0,7.7,118,1010.7,100,38.5,40.9,367.0,10.9,59.0,3.3
2026-02-26 07:00:00,2026,2,26,7,Hưng Yên,Phường Trần Hưng Đạo,20.4492199,106.3229529,87,Moderate,1,20.4,99,0.0,5.8,88,1011.6,100,32.6,35.7,371.0,9.7,73.0,4.9
2026-02-26 08:00:00,2026,2,26,8,Hưng Yên,Phường Trần Hưng Đạo,20.4492199,106.3229529,87,Moderate,1,21.2,94,0.0,7.5,111,1011.9,100,26.3,29.5,344.0,8.2,78.0,4.9
2026-02-26 09:00:00,2026,2,26,9,Hưng Yên,Phường Trần Hưng Đạo,20.4492199,106.3229529,87,Moderate,1,22.4,88,0.0,7.9,131,1011.9,100,22.1,25.0,304.0,6.1,86.0,4.8
2026-02-26 10:00:00,2026,2,26,10,Hưng Yên,Phường Trần Hưng Đạo,20.4492199,106.3229529,87,Moderate,1,23.5,80,0.1,6.4,162,1012.0,100,20.1,23.4,270.0,4.4,92.0,4.6
2026-02-26 11:00:00,2026,2,26,11,Hưng Yên,Phường Trần Hưng Đạo,20.4492199,106.3229529,88,Moderate,1,23.8,78,0.1,7.2,177,1011.2,100,17.9,21.8,249.0,3.4,96.0,4.3
2026-02-26 12:00:00,2026,2,26,12,Hưng Yên,Phường Trần Hưng Đạo,20.4492199,106.3229529,88,Moderate,1,24.1,76,0.0,8.7,176,1010.3,100,16.8,20.9,235.0,2.7,98.0,3.9
2026-02-26 13:00:00,2026,2,26,13,Hưng Yên,Phường Trần Hưng Đạo,20.4492199,106.3229529,88,Moderate,1,22.7,86,0.0,6.4,172,1009.6,99,16.2,20.5,223.0,2.2,99.0,3.4
2026-02-26 14:00:00,2026,2,26,14,Hưng Yên,Phường Trần Hưng Đạo,20.4492199,106.3229529,88,Moderate,1,24.5,74,0.0,9.4,163,1007.7,100,14.8,18.9,212.0,1.6,99.0,2.6
2026-02-26 15:00:00,2026,2,26,15,Hưng Yên,Phường Trần Hưng Đạo,20.4492199,106.3229529,87,Moderate,1,24.1,74,0.0,8.7,175,1006.9,100,13.7,17.6,203.0,1.1,99.0,1.7
2026-02-26 16:00:00,2026,2,26,16,Hưng Yên,Phường Trần Hưng Đạo,20.4492199,106.3229529,87,Moderate,1,23.6,78,0.1,10.2,167,1006.4,100,13.0,16.9,204.0,1.6,96.0,1.3
2026-02-26 17:00:00,2026,2,26,17,Hưng Yên,Phường Trần Hưng Đạo,20.4492199,106.3229529,86,Moderate,1,23.1,81,0.0,11.1,167,1006.2,69,13.0,16.8,222.0,3.8,90.0,2.0
2026-02-26 18:00:00,2026,2,26,18,Hưng Yên,Phường Trần Hưng Đạo,20.4492199,106.3229529,86,Moderate,1,22.0,88,0.0,8.8,163,1006.3,68,15.2,18.5,249.0,6.9,81.0,3.2
2026-02-26 19:00:00,2026,2,26,19,Hưng Yên,Phường Trần Hưng Đạo,20.4492199,106.3229529,85,Moderate,1,22.5,88,0.0,10.5,158,1006.2,88,21.8,24.8,268.0,9.0,76.0,3.7
2026-02-26 20:00:00,2026,2,26,20,Hưng Yên,Phường Trần Hưng Đạo,20.4492199,106.3229529,84,Moderate,1,21.9,93,0.0,11.3,160,1006.8,88,22.9,26.0,273.0,9.1,73.0,4.1
2026-02-26 21:00:00,2026,2,26,21,Hưng Yên,Phường Trần Hưng Đạo,20.4492199,106.3229529,84,Moderate,1,21.7,90,0.0,11.3,171,1007.2,74,22.9,26.0,270.0,9.2,69.0,4.7
2026-02-26 22:00:00,2026,2,26,22,Hưng Yên,Phường Trần Hưng Đạo,20.4492199,106.3229529,82,Moderate,1,21.5,88,0.0,11.6,173,1007.6,93,23.4,26.5,262.0,9.3,65.0,5.0
2026-02-26 23:00:00,2026,2,26,23,Hưng Yên,Phường Trần Hưng Đạo,20.4492199,106.3229529,81,Moderate,1,21.5,88,0.0,10.8,182,1007.6,58,23.3,26.5,249.0,9.4,62.0,4.8
2026-02-27 00:00:00,2026,2,27,0,Hưng Yên,Phường Trần Hưng Đạo,20.4492199,106.3229529,79,Moderate,1,21.1,90,0.0,9.4,182,1007.6,80,22.5,25.8,231.0,9.5,60.0,4.4
2026-02-27 01:00:00,2026,2,27,1,Hưng Yên,Phường Trần Hưng Đạo,20.4492199,106.3229529,76,Moderate,1,21.5,93,0.0,8.1,184,1007.0,95,22.3,25.7,216.0,9.9,58.0,4.2
2026-02-27 02:00:00,2026,2,27,2,Hưng Yên,Phường Trần Hưng Đạo,20.4492199,106.3229529,75,Moderate,1,21.5,94,0.0,9.9,190,1006.8,79,22.5,26.1,203.0,10.7,55.0,4.4
2026-02-27 03:00:00,2026,2,27,3,Hưng Yên,Phường Trần Hưng Đạo,20.4492199,106.3229529,73,Moderate,1,21.5,95,0.0,10.2,189,1006.3,81,23.5,27.1,192.0,11.8,53.0,4.8
2026-02-27 04:00:00,2026,2,27,4,Hưng Yên,Phường Trần Hưng Đạo,20.4492199,106.3229529,72,Moderate,1,21.3,96,0.0,8.8,191,1006.4,97,25.0,28.7,195.0,13.2,50.0,5.5
2026-02-27 05:00:00,2026,2,27,5,Hưng Yên,Phường Trần Hưng Đạo,20.4492199,106.3229529,71,Moderate,1,21.5,97,0.0,8.0,189,1006.8,94,26.7,30.5,226.0,15.6,45.0,6.7
2026-02-27 06:00:00,2026,2,27,6,Hưng Yên,Phường Trần Hưng Đạo,20.4492199,106.3229529,70,Moderate,1,21.4,97,0.0,6.7,183,1007.3,100,29.2,33.1,269.0,18.3,40.0,8.2
2026-02-27 07:00:00,2026,2,27,7,Hưng Yên,Phường Trần Hưng Đạo,20.4492199,106.3229529,69,Moderate,1,21.5,96,0.0,6.0,153,1007.7,7,49.0,52.7,293.0,19.6,38.0,7.6
2026-02-27 08:00:00,2026,2,27,8,Hưng Yên,Phường Trần Hưng Đạo,20.4492199,106.3229529,71,Moderate,1,23.4,90,0.0,8.3,180,1008.4,50,40.6,44.4,276.0,16.8,47.0,7.8
2026-02-27 09:00:00,2026,2,27,9,Hưng Yên,Phường Trần Hưng Đạo,20.4492199,106.3229529,72,Moderate,1,25.1,80,0.0,11.9,181,1008.5,100,25.1,29.9,238.0,13.0,59.0,8.0
2026-02-27 10:00:00,2026,2,27,10,Hưng Yên,Phường Trần Hưng Đạo,20.4492199,106.3229529,72,Moderate,1,26.0,76,0.0,13.4,173,1009.0,99,21.4,24.9,210.0,9.9,69.0,8.0
2026-02-27 11:00:00,2026,2,27,11,Hưng Yên,Phường Trần Hưng Đạo,20.4492199,106.3229529,73,Moderate,1,26.8,74,0.2,15.8,173,1008.2,100,21.5,24.5,206.0,8.5,74.0,7.8
2026-02-27 12:00:00,2026,2,27,12,Hưng Yên,Phường Trần Hưng Đạo,20.4492199,106.3229529,73,Moderate,1,26.7,76,0.2,16.0,179,1007.4,100,20.6,23.2,212.0,7.9,77.0,7.4
2026-02-27 13:00:00,2026,2,27,13,Hưng Yên,Phường Trần Hưng Đạo,20.4492199,106.3229529,73,Moderate,1,26.0,74,0.0,14.5,169,1006.8,100,21.0,23.1,213.0,7.2,78.0,6.5
2026-02-27 14:00:00,2026,2,27,14,Hưng Yên,Phường Trần Hưng Đạo,20.4492199,106.3229529,74,Moderate,1,25.7,76,0.0,15.9,164,1005.5,100,18.0,19.6,202.0,5.9,77.0,4.7
2026-02-27 15:00:00,2026,2,27,15,Hưng Yên,Phường Trần Hưng Đạo,20.4492199,106.3229529,74,Moderate,1,25.8,76,0.0,14.8,164,1004.5,100,14.7,16.2,186.0,4.5,75.0,2.5
2026-02-27 16:00:00,2026,2,27,16,Hưng Yên,Phường Trần Hưng Đạo,20.4492199,106.3229529,74,Moderate,1,25.7,77,0.0,15.0,159,1004.2,100,12.5,14.1,179.0,3.9,72.0,1.0
2026-02-27 17:00:00,2026,2,27,17,Hưng Yên,Phường Trần Hưng Đạo,20.4492199,106.3229529,74,Moderate,1,25.0,80,0.0,15.3,162,1004.3,83,11.3,13.0,189.0,4.6,69.0,0.7
2026-02-27 18:00:00,2026,2,27,18,Hưng Yên,Phường Trần Hưng Đạo,20.4492199,106.3229529,74,Moderate,1,23.9,88,0.0,13.7,155,1004.6,40,14.8,16.6,208.0,6.0,65.0,1.1
2026-02-27 19:00:00,2026,2,27,19,Hưng Yên,Phường Trần Hưng Đạo,20.4492199,106.3229529,74,Moderate,1,23.8,97,0.0,13.8,145,1004.9,99,17.3,18.7,220.0,9.8,56.0,2.9
2026-02-27 20:00:00,2026,2,27,20,Hưng Yên,Phường Trần Hưng Đạo,20.4492199,106.3229529,73,Moderate,1,23.6,96,0.0,14.1,143,1005.6,100,16.9,18.5,216.0,9.2,58.0,3.3
2026-02-27 21:00:00,2026,2,27,21,Hưng Yên,Phường Trần Hưng Đạo,20.4492199,106.3229529,73,Moderate,1,23.6,96,0.0,14.6,150,1006.0,100,15.6,17.5,205.0,8.3,61.0,3.9
2026-02-27 22:00:00,2026,2,27,22,Hưng Yên,Phường Trần Hưng Đạo,20.4492199,106.3229529,72,Moderate,1,23.5,97,0.0,14.7,155,1006.1,100,16.6,18.8,200.0,7.6,64.0,4.2
2026-02-27 23:00:00,2026,2,27,23,Hưng Yên,Phường Trần Hưng Đạo,20.4492199,106.3229529,72,Moderate,1,23.3,97,0.0,13.5,161,1006.1,100,16.8,19.3,208.0,7.1,66.0,3.9
2026-02-28 00:00:00,2026,2,28,0,Hưng Yên,Phường Trần Hưng Đạo,20.4492199,106.3229529,71,Moderate,1,23.0,97,0.0,12.5,164,1005.9,100,16.6,19.4,222.0,6.8,67.0,3.2
2026-02-28 01:00:00,2026,2,28,1,Hưng Yên,Phường Trần Hưng Đạo,20.4492199,106.3229529,71,Moderate,1,23.0,98,0.0,9.3,164,1005.5,100,17.9,20.9,239.0,6.5,69.0,2.7
2026-02-28 02:00:00,2026,2,28,2,Hưng Yên,Phường Trần Hưng Đạo,20.4492199,106.3229529,70,Moderate,1,23.0,97,0.0,8.9,155,1005.1,100,19.6,22.8,259.0,6.2,72.0,2.5
2026-02-28 03:00:00,2026,2,28,3,Hưng Yên,Phường Trần Hưng Đạo,20.4492199,106.3229529,70,Moderate,1,22.9,97,0.0,10.4,144,1004.5,100,20.5,23.9,281.0,6.0,76.0,2.5
2026-02-28 04:00:00,2026,2,28,4,Hưng Yên,Phường Trần Hưng Đạo,20.4492199,106.3229529,70,Moderate,1,22.8,96,0.0,10.1,147,1004.4,100,20.8,24.3,297.0,6.0,79.0,2.7
2026-02-28 05:00:00,2026,2,28,5,Hưng Yên,Phường Trần Hưng Đạo,20.4492199,106.3229529,69,Moderate,1,23.0,94,0.0,10.0,146,1005.0,99,20.4,23.6,306.0,6.4,81.0,3.2
2026-02-28 06:00:00,2026,2,28,6,Hưng Yên,Phường Trần Hưng Đạo,20.4492199,106.3229529,69,Moderate,1,22.4,96,0.0,8.3,139,1005.7,41,19.7,23.1,309.0,7.1,83.0,3.8
2026-02-28 07:00:00,2026,2,28,7,Hưng Yên,Phường Trần Hưng Đạo,20.4492199,106.3229529,68,Moderate,1,23.0,95,0.0,10.1,145,1006.1,85,21.5,25.2,299.0,7.8,82.0,4.4
2026-02-28 08:00:00,2026,2,28,8,Hưng Yên,Phường Trần Hưng Đạo,20.4492199,106.3229529,65,Moderate,1,24.6,89,0.0,17.9,158,1006.6,48,17.4,21.1,266.0,6.5,81.0,3.8
2026-02-28 09:00:00,2026,2,28,9,Hưng Yên,Phường Trần Hưng Đạo,20.4492199,106.3229529,63,Moderate,1,26.0,82,0.0,20.9,165,1007.0,27,16.2,19.8,221.0,4.7,81.0,2.9
2026-02-28 10:00:00,2026,2,28,10,Hưng Yên,Phường Trần Hưng Đạo,20.4492199,106.3229529,63,Moderate,1,27.2,76,0.0,23.0,173,1007.5,23,12.9,15.9,190.0,3.2,82.0,2.4
2026-02-28 11:00:00,2026,2,28,11,Hưng Yên,Phường Trần Hưng Đạo,20.4492199,106.3229529,62,Moderate,1,28.0,72,0.0,23.4,180,1006.9,32,11.1,13.5,187.0,2.4,89.0,2.5
2026-02-28 12:00:00,2026,2,28,12,Hưng Yên,Phường Trần Hưng Đạo,20.4492199,106.3229529,61,Moderate,1,28.2,71,0.3,23.1,182,1005.8,60,11.5,13.1,198.0,2.1,97.0,2.8
2026-02-28 13:00:00,2026,2,28,13,Hưng Yên,Phường Trần Hưng Đạo,20.4492199,106.3229529,60,Moderate,1,26.9,77,0.0,23.1,176,1005.2,92,11.8,13.3,205.0,1.9,102.0,3.0
2026-02-28 14:00:00,2026,2,28,14,Hưng Yên,Phường Trần Hưng Đạo,20.4492199,106.3229529,59,Moderate,1,27.1,76,0.0,20.8,170,1004.0,23,11.6,13.1,198.0,1.9,99.0,2.8
2026-02-28 15:00:00,2026,2,28,15,Hưng Yên,Phường Trần Hưng Đạo,20.4492199,106.3229529,59,Moderate,1,27.4,75,0.0,20.6,168,1003.1,44,11.3,13.5,187.0,2.0,93.0,2.5
2026-02-28 16:00:00,2026,2,28,16,Hưng Yên,Phường Trần Hưng Đạo,20.4492199,106.3229529,58,Moderate,1,26.6,78,0.0,17.2,167,1002.9,29,10.6,13.1,182.0,2.6,86.0,2.3
2026-02-28 17:00:00,2026,2,28,17,Hưng Yên,Phường Trần Hưng Đạo,20.4492199,106.3229529,58,Moderate,1,25.6,83,0.0,17.1,156,1002.8,4,11.1,14.0,190.0,3.9,80.0,2.6
2026-02-28 18:00:00,2026,2,28,18,Hưng Yên,Phường Trần Hưng Đạo,20.4492199,106.3229529,58,Moderate,1,24.2,89,0.0,14.8,158,1003.2,4,12.6,15.7,203.0,5.6,75.0,3.0
2026-02-28 19:00:00,2026,2,28,19,Hưng Yên,Phường Trần Hưng Đạo,20.4492199,106.3229529,58,Moderate,1,24.0,94,0.0,14.8,149,1003.7,2,14.6,17.8,214.0,6.7,71.0,2.9
2026-02-28 20:00:00,2026,2,28,20,Hưng Yên,Phường Trần Hưng Đạo,20.4492199,106.3229529,58,Moderate,1,23.6,95,0.0,13.1,153,1004.4,2,16.9,19.8,219.0,6.6,72.0,3.1
2026-02-28 21:00:00,2026,2,28,21,Hưng Yên,Phường Trần Hưng Đạo,20.4492199,106.3229529,58,Moderate,1,23.3,96,0.0,12.0,161,1004.7,57,17.8,20.6,220.0,6.4,74.0,3.3
2026-02-28 22:00:00,2026,2,28,22,Hưng Yên,Phường Trần Hưng Đạo,20.4492199,106.3229529,58,Moderate,1,23.2,95,0.0,12.9,171,1005.1,88,15.5,18.5,219.0,6.0,76.0,3.3
2026-02-28 23:00:00,2026,2,28,23,Hưng Yên,Phường Trần Hưng Đạo,20.4492199,106.3229529,58,Moderate,1,23.3,93,0.0,13.4,174,1005.2,68,13.9,16.8,211.0,5.3,78.0,2.8
2026-03-01 00:00:00,2026,3,1,0,Hưng Yên,Phường Trần Hưng Đạo,20.4492199,106.3229529,58,Moderate,1,23.3,92,0.0,14.3,175,1004.8,75,12.2,15.1,201.0,4.5,81.0,2.1
2026-03-01 01:00:00,2026,3,1,1,Hưng Yên,Phường Trần Hưng Đạo,20.4492199,106.3229529,57,Moderate,1,23.5,94,0.0,13.6,169,1004.5,70,11.7,14.6,195.0,4.0,83.0,1.7
2026-03-01 02:00:00,2026,3,1,2,Hưng Yên,Phường Trần Hưng Đạo,20.4492199,106.3229529,57,Moderate,1,23.2,95,0.0,12.8,170,1003.9,65,12.2,15.0,196.0,4.1,85.0,1.7
2026-03-01 03:00:00,2026,3,1,3,Hưng Yên,Phường Trần Hưng Đạo,20.4492199,106.3229529,56,Moderate,1,23.0,96,0.0,12.2,166,1003.7,77,13.2,16.0,203.0,4.5,88.0,2.0
2026-03-01 04:00:00,2026,3,1,4,Hưng Yên,Phường Trần Hưng Đạo,20.4492199,106.3229529,55,Moderate,1,22.9,96,0.0,11.6,165,1004.0,77,14.3,17.1,216.0,5.0,90.0,2.4
2026-03-01 05:00:00,2026,3,1,5,Hưng Yên,Phường Trần Hưng Đạo,20.4492199,106.3229529,55,Moderate,1,22.7,96,0.0,9.5,159,1004.3,84,15.3,18.1,241.0,5.8,90.0,2.9
2026-03-01 06:00:00,2026,3,1,6,Hưng Yên,Phường Trần Hưng Đạo,20.4492199,106.3229529,54,Moderate,1,22.5,96,0.0,9.0,160,1004.8,100,16.2,19.0,273.0,6.8,90.0,3.4
2026-03-01 07:00:00,2026,3,1,7,Hưng Yên,Phường Trần Hưng Đạo,20.4492199,106.3229529,54,Moderate,1,22.9,95,0.0,9.2,157,1005.8,45,19.4,23.3,301.0,8.6,78.0,4.2
2026-03-01 08:00:00,2026,3,1,8,Hưng Yên,Phường Trần Hưng Đạo,20.4492199,106.3229529,54,Moderate,1,25.0,87,0.0,13.1,178,1006.5,68,17.3,21.3,324.0,7.5,91.0,5.2
2026-03-01 09:00:00,2026,3,1,9,Hưng Yên,Phường Trần Hưng Đạo,20.4492199,106.3229529,54,Moderate,1,26.7,82,0.0,10.8,175,1007.1,70,17.8,22.1,343.0,6.1,110.0,6.6
2026-03-01 10:00:00,2026,3,1,10,Hưng Yên,Phường Trần Hưng Đạo,20.4492199,106.3229529,54,Moderate,1,27.5,79,0.0,11.5,178,1007.1,80,19.3,23.5,349.0,4.8,128.0,7.4
2026-03-01 11:00:00,2026,3,1,11,Hưng Yên,Phường Trần Hưng Đạo,20.4492199,106.3229529,55,Moderate,1,28.0,75,0.0,10.3,167,1006.6,2,20.1,23.4,334.0,3.9,144.0,7.0
2026-03-01 12:00:00,2026,3,1,12,Hưng Yên,Phường Trần Hưng Đạo,20.4492199,106.3229529,55,Moderate,1,29.6,69,0.0,12.0,172,1005.4,21,20.7,23.3,307.0,3.2,158.0,5.9
2026-03-01 13:00:00,2026,3,1,13,Hưng Yên,Phường Trần Hưng Đạo,20.4492199,106.3229529,56,Moderate,1,29.1,69,0.0,13.7,167,1004.9,0,20.5,23.2,283.0,2.8,165.0,4.8
2026-03-01 14:00:00,2026,3,1,14,Hưng Yên,Phường Trần Hưng Đạo,20.4492199,106.3229529,72,Moderate,1,29.5,69,0.0,15.1,168,1003.7,9,19.2,22.1,269.0,2.9,159.0,3.8
2026-03-01 15:00:00,2026,3,1,15,Hưng Yên,Phường Trần Hưng Đạo,20.4492199,106.3229529,86,Moderate,1,28.7,72,0.0,16.4,163,1003.2,22,18.2,21.2,259.0,3.3,146.0,2.8
2026-03-01 16:00:00,2026,3,1,16,Hưng Yên,Phường Trần Hưng Đạo,20.4492199,106.3229529,101,Unhealthy for Sensitive Groups,2,27.9,76,0.0,15.8,165,1003.2,20,17.8,21.2,252.0,4.0,132.0,2.1
2026-03-01 17:00:00,2026,3,1,17,Hưng Yên,Phường Trần Hưng Đạo,20.4492199,106.3229529,109,Unhealthy for Sensitive Groups,2,26.6,82,0.0,15.5,155,1003.3,7,17.9,21.5,247.0,5.2,119.0,2.1
2026-03-01 18:00:00,2026,3,1,18,Hưng Yên,Phường Trần Hưng Đạo,20.4492199,106.3229529,111,Unhealthy for Sensitive Groups,2,25.0,88,0.0,14.9,149,1003.6,3,19.3,22.5,245.0,6.7,106.0,2.4
2026-03-01 19:00:00,2026,3,1,19,Hưng Yên,Phường Trần Hưng Đạo,20.4492199,106.3229529,107,Unhealthy for Sensitive Groups,2,24.9,92,0.0,12.3,141,1003.6,16,21.7,25.0,244.0,10.4,83.0,2.7
2026-03-01 20:00:00,2026,3,1,20,Hưng Yên,Phường Trần Hưng Đạo,20.4492199,106.3229529,94,Moderate,1,24.5,92,0.0,13.3,147,1004.2,48,22.1,25.4,243.0,8.8,83.0,2.8
2026-03-01 21:00:00,2026,3,1,21,Hưng Yên,Phường Trần Hưng Đạo,20.4492199,106.3229529,78,Moderate,1,24.2,92,0.0,12.1,163,1005.2,63,21.9,24.7,243.0,6.7,83.0,2.9
2026-03-01 22:00:00,2026,3,1,22,Hưng Yên,Phường Trần Hưng Đạo,20.4492199,106.3229529,61,Moderate,1,24.2,91,0.0,12.1,174,1005.8,2,15.1,18.4,242.0,5.0,84.0,2.8
2026-03-01 23:00:00,2026,3,1,23,Hưng Yên,Phường Trần Hưng Đạo,20.4492199,106.3229529,61,Moderate,1,24.1,91,0.0,14.8,177,1006.0,0,13.0,16.0,239.0,4.1,86.0,2.4
2026-03-02 00:00:00,2026,3,2,0,Hưng Yên,Phường Trần Hưng Đạo,20.4492199,106.3229529,61,Moderate,1,24.0,92,0.0,16.1,174,1005.8,0,11.4,14.4,235.0,3.7,87.0,1.8
2026-03-02 01:00:00,2026,3,2,1,Hưng Yên,Phường Trần Hưng Đạo,20.4492199,106.3229529,61,Moderate,1,23.8,95,0.0,12.1,175,1005.5,0,11.5,14.6,234.0,3.7,89.0,1.5
2026-03-02 02:00:00,2026,3,2,2,Hưng Yên,Phường Trần Hưng Đạo,20.4492199,106.3229529,61,Moderate,1,23.5,96,0.0,7.1,159,1005.4,2,12.8,15.9,234.0,4.1,90.0,1.6
2026-03-02 03:00:00,2026,3,2,3,Hưng Yên,Phường Trần Hưng Đạo,20.4492199,106.3229529,61,Moderate,1,23.2,96,0.0,7.7,155,1005.1,2,15.4,18.7,237.0,4.8,91.0,2.0
2026-03-02 04:00:00,2026,3,2,4,Hưng Yên,Phường Trần Hưng Đạo,20.4492199,106.3229529,62,Moderate,1,23.0,96,0.0,8.1,163,1005.0,0,18.3,21.8,257.0,5.9,90.0,2.6
2026-03-02 05:00:00,2026,3,2,5,Hưng Yên,Phường Trần Hưng Đạo,20.4492199,106.3229529,62,Moderate,1,22.8,96,0.0,6.7,153,1005.7,2,20.9,24.5,316.0,7.8,85.0,3.5
2026-03-02 06:00:00,2026,3,2,6,Hưng Yên,Phường Trần Hưng Đạo,20.4492199,106.3229529,62,Moderate,1,22.2,97,0.0,4.6,135,1006.4,6,23.2,26.8,393.0,10.0,78.0,4.5
2026-03-02 07:00:00,2026,3,2,7,Hưng Yên,Phường Trần Hưng Đạo,20.4492199,106.3229529,63,Moderate,1,23.4,96,0.0,8.6,106,1007.5,19,41.0,45.1,437.0,11.4,65.0,2.5
2026-03-02 08:00:00,2026,3,2,8,Hưng Yên,Phường Trần Hưng Đạo,20.4492199,106.3229529,65,Moderate,1,25.2,89,0.0,10.4,136,1008.1,29,30.5,36.3,419.0,10.5,80.0,5.3
2026-03-02 09:00:00,2026,3,2,9,Hưng Yên,Phường Trần Hưng Đạo,20.4492199,106.3229529,66,Moderate,1,26.9,83,0.0,10.3,147,1008.4,98,28.2,33.5,368.0,9.2,101.0,9.1
2026-03-02 10:00:00,2026,3,2,10,Hưng Yên,Phường Trần Hưng Đạo,20.4492199,106.3229529,67,Moderate,1,28.3,77,0.0,9.5,158,1008.8,89,30.0,34.2,327.0,7.7,120.0,11.3
2026-03-02 11:00:00,2026,3,2,11,Hưng Yên,Phường Trần Hưng Đạo,20.4492199,106.3229529,68,Moderate,1,29.8,70,0.0,9.8,167,1008.4,73,30.7,34.6,311.0,5.9,135.0,10.4
2026-03-02 12:00:00,2026,3,2,12,Hưng Yên,Phường Trần Hưng Đạo,20.4492199,106.3229529,69,Moderate,1,30.7,66,0.0,8.9,166,1007.5,38,31.2,34.8,304.0,4.0,147.0,7.9
2026-03-02 13:00:00,2026,3,2,13,Hưng Yên,Phường Trần Hưng Đạo,20.4492199,106.3229529,70,Moderate,1,30.4,66,0.0,9.2,157,1006.6,25,29.2,32.8,299.0,2.6,151.0,5.5
2026-03-02 14:00:00,2026,3,2,14,Hưng Yên,Phường Trần Hưng Đạo,20.4492199,106.3229529,71,Moderate,1,30.4,69,0.0,11.9,149,1005.5,46,23.9,27.5,295.0,2.1,142.0,3.9
2026-03-02 15:00:00,2026,3,2,15,Hưng Yên,Phường Trần Hưng Đạo,20.4492199,106.3229529,71,Moderate,1,29.8,73,0.1,14.7,147,1004.8,50,19.5,23.9,292.0,2.2,124.0,2.4
2026-03-02 16:00:00,2026,3,2,16,Hưng Yên,Phường Trần Hưng Đạo,20.4492199,106.3229529,79,Moderate,1,28.2,80,0.1,9.8,140,1005.0,1,15.3,19.1,288.0,2.8,107.0,1.3
2026-03-02 17:00:00,2026,3,2,17,Hưng Yên,Phường Trần Hưng Đạo,20.4492199,106.3229529,85,Moderate,1,27.5,81,0.0,10.9,112,1005.3,20,14.7,18.3,282.0,4.3,91.0,0.7
2026-03-02 18:00:00,2026,3,2,18,Hưng Yên,Phường Trần Hưng Đạo,20.4492199,106.3229529,83,Moderate,1,25.9,87,0.0,14.9,117,1005.4,4,17.5,21.4,275.0,6.3,75.0,0.5
2026-03-02 19:00:00,2026,3,2,19,Hưng Yên,Phường Trần Hưng Đạo,20.4492199,106.3229529,73,Moderate,1,25.4,93,0.0,11.6,122,1005.5,6,27.5,31.3,263.0,10.0,62.0,0.7
2026-03-02 20:00:00,2026,3,2,20,Hưng Yên,Phường Trần Hưng Đạo,20.4492199,106.3229529,71,Moderate,1,24.9,96,0.0,11.4,108,1006.3,2,32.5,34.2,236.0,9.3,61.0,0.6
2026-03-02 21:00:00,2026,3,2,21,Hưng Yên,Phường Trần Hưng Đạo,20.4492199,106.3229529,72,Moderate,1,24.5,97,0.0,13.0,101,1007.0,4,31.0,32.8,204.0,8.4,60.0,0.4
2026-03-02 22:00:00,2026,3,2,22,Hưng Yên,Phường Trần Hưng Đạo,20.4492199,106.3229529,73,Moderate,1,24.1,97,0.0,14.6,104,1007.8,91,27.8,29.7,193.0,7.7,59.0,0.4
2026-03-02 23:00:00,2026,3,2,23,Hưng Yên,Phường Trần Hưng Đạo,20.4492199,106.3229529,74,Moderate,1,23.8,96,0.0,12.6,101,1008.4,97,24.6,27.4,220.0,7.2,59.0,0.5
2026-03-03 00:00:00,2026,3,3,0,Hưng Yên,Phường Trần Hưng Đạo,20.4492199,106.3229529,75,Moderate,1,23.5,95,0.2,12.9,98,1008.8,100,21.9,24.7,268.0,6.9,59.0,0.6
2026-03-03 01:00:00,2026,3,3,1,Hưng Yên,Phường Trần Hưng Đạo,20.4492199,106.3229529,76,Moderate,1,23.6,95,0.2,16.0,101,1007.8,100,19.2,21.7,315.0,7.1,59.0,1.4
2026-03-03 02:00:00,2026,3,3,2,Hưng Yên,Phường Trần Hưng Đạo,20.4492199,106.3229529,76,Moderate,1,24.0,90,0.0,17.0,94,1007.4,100,18.7,20.4,355.0,8.0,61.0,3.0
2026-03-03 03:00:00,2026,3,3,3,Hưng Yên,Phường Trần Hưng Đạo,20.4492199,106.3229529,77,Moderate,1,21.4,91,4.3,19.5,45,1008.6,100,20.3,21.8,395.0,9.3,63.0,5.1
2026-03-03 04:00:00,2026,3,3,4,Hưng Yên,Phường Trần Hưng Đạo,20.4492199,106.3229529,77,Moderate,1,20.4,92,7.1,19.3,39,1009.3,98,22.2,22.4,427.0,10.8,64.0,7.4
2026-03-03 05:00:00,2026,3,3,5,Hưng Yên,Phường Trần Hưng Đạo,20.4492199,106.3229529,78,Moderate,1,20.5,92,16.7,7.4,51,1010.0,94,23.9,23.9,448.0,12.6,64.0,9.8
2026-03-03 06:00:00,2026,3,3,6,Hưng Yên,Phường Trần Hưng Đạo,20.4492199,106.3229529,78,Moderate,1,20.8,92,5.4,7.2,18,1010.7,78,27.4,27.4,462.0,14.6,63.0,12.3
2026-03-03 07:00:00,2026,3,3,7,Hưng Yên,Phường Trần Hưng Đạo,20.4492199,106.3229529,78,Moderate,1,21.5,93,0.1,11.8,36,1010.8,88,26.7,26.7,476.0,14.3,62.0,12.2
2026-03-03 08:00:00,2026,3,3,8,Hưng Yên,Phường Trần Hưng Đạo,20.4492199,106.3229529,77,Moderate,1,21.6,87,0.0,16.8,24,1011.8,99,25.6,25.7,495.0,15.8,58.0,14.7
2026-03-03 09:00:00,2026,3,3,9,Hưng Yên,Phường Trần Hưng Đạo,20.4492199,106.3229529,77,Moderate,1,21.5,77,0.0,15.8,32,1012.9,63,26.0,26.0,513.0,17.9,54.0,18.3
2026-03-03 10:00:00,2026,3,3,10,Hưng Yên,Phường Trần Hưng Đạo,20.4492199,106.3229529,77,Moderate,1,23.0,69,0.0,14.3,43,1013.6,59,28.1,28.1,520.0,19.2,51.0,21.1
2026-03-03 11:00:00,2026,3,3,11,Hưng Yên,Phường Trần Hưng Đạo,20.4492199,106.3229529,76,Moderate,1,24.0,67,0.0,12.2,31,1013.6,70,30.9,30.9,508.0,19.1,52.0,22.7
2026-03-03 12:00:00,2026,3,3,12,Hưng Yên,Phường Trần Hưng Đạo,20.4492199,106.3229529,76,Moderate,1,24.8,64,0.0,12.4,47,1012.8,100,32.9,33.1,486.0,18.2,54.0,23.5
2026-03-03 13:00:00,2026,3,3,13,Hưng Yên,Phường Trần Hưng Đạo,20.4492199,106.3229529,77,Moderate,1,23.5,70,0.0,15.2,77,1011.9,100,35.5,35.6,467.0,17.5,58.0,23.9
2026-03-03 14:00:00,2026,3,3,14,Hưng Yên,Phường Trần Hưng Đạo,20.4492199,106.3229529,77,Moderate,1,24.6,66,0.0,15.8,69,1011.3,100,35.3,35.4,458.0,17.3,64.0,23.7
2026-03-03 15:00:00,2026,3,3,15,Hưng Yên,Phường Trần Hưng Đạo,20.4492199,106.3229529,78,Moderate,1,23.2,68,0.0,17.7,85,1011.0,100,34.8,34.9,453.0,17.3,71.0,23.0
2026-03-03 16:00:00,2026,3,3,16,Hưng Yên,Phường Trần Hưng Đạo,20.4492199,106.3229529,79,Moderate,1,21.9,71,0.0,17.2,85,1011.2,100,34.6,34.7,451.0,17.7,75.0,21.9
2026-03-03 17:00:00,2026,3,3,17,Hưng Yên,Phường Trần Hưng Đạo,20.4492199,106.3229529,81,Moderate,1,21.6,73,0.0,15.8,83,1011.6,100,33.8,33.9,452.0,18.7,75.0,20.0
2026-03-03 18:00:00,2026,3,3,18,Hưng Yên,Phường Trần Hưng Đạo,20.4492199,106.3229529,83,Moderate,1,21.0,75,0.0,14.5,79,1012.5,100,34.0,34.1,456.0,20.1,72.0,17.8
2026-03-03 19:00:00,2026,3,3,19,Hưng Yên,Phường Trần Hưng Đạo,20.4492199,106.3229529,84,Moderate,1,20.9,77,0.0,16.2,78,1012.9,100,43.5,43.7,457.0,16.8,71.0,12.9
2026-03-03 20:00:00,2026,3,3,20,Hưng Yên,Phường Trần Hưng Đạo,20.4492199,106.3229529,86,Moderate,1,20.1,83,2.6,16.1,68,1014.0,99,43.9,44.0,454.0,17.5,66.0,14.0
2026-03-03 21:00:00,2026,3,3,21,Hưng Yên,Phường Trần Hưng Đạo,20.4492199,106.3229529,87,Moderate,1,19.8,86,0.2,17.0,60,1014.8,86,45.6,45.9,448.0,18.5,58.0,15.5
2026-03-03 22:00:00,2026,3,3,22,Hưng Yên,Phường Trần Hưng Đạo,20.4492199,106.3229529,88,Moderate,1,19.4,85,0.0,17.1,61,1015.7,100,46.3,46.4,441.0,19.4,52.0,17.0
2026-03-03 23:00:00,2026,3,3,23,Hưng Yên,Phường Trần Hưng Đạo,20.4492199,106.3229529,90,Moderate,1,19.1,84,0.0,15.0,63,1015.8,100,45.8,46.0,430.0,20.4,48.0,18.5
2026-03-04 00:00:00,2026,3,4,0,Hưng Yên,Phường Trần Hưng Đạo,20.4492199,106.3229529,92,Moderate,1,19.2,83,0.0,12.5,44,1016.0,100,45.3,45.5,417.0,21.3,44.0,20.0
2026-03-04 01:00:00,2026,3,4,1,Hưng Yên,Phường Trần Hưng Đạo,20.4492199,106.3229529,94,Moderate,1,19.3,85,0.0,7.7,359,1016.0,100,46.7,47.0,411.0,21.8,42.0,21.0
2026-03-04 02:00:00,2026,3,4,2,Hưng Yên,Phường Trần Hưng Đạo,20.4492199,106.3229529,96,Moderate,1,19.0,81,0.1,9.6,357,1016.1,100,41.8,42.0,411.0,21.4,41.0,21.2
2026-03-04 03:00:00,2026,3,4,3,Hưng Yên,Phường Trần Hưng Đạo,20.4492199,106.3229529,98,Moderate,1,18.4,82,0.1,12.8,15,1015.9,100,35.9,36.1,418.0,20.6,41.0,20.9
2026-03-04 04:00:00,2026,3,4,4,Hưng Yên,Phường Trần Hưng Đạo,20.4492199,106.3229529,100,Moderate,1,17.8,83,0.2,10.6,357,1016.3,100,30.3,30.4,438.0,20.1,41.0,21.0
2026-03-04 05:00:00,2026,3,4,5,Hưng Yên,Phường Trần Hưng Đạo,20.4492199,106.3229529,100,Moderate,1,17.3,84,0.4,11.6,5,1016.5,85,28.2,28.4,486.0,20.6,40.0,21.9
2026-03-04 06:00:00,2026,3,4,6,Hưng Yên,Phường Trần Hưng Đạo,20.4492199,106.3229529,101,Unhealthy for Sensitive Groups,2,16.8,86,0.0,11.8,6,1017.0,84,28.6,28.9,547.0,21.4,38.0,23.2
2026-03-04 07:00:00,2026,3,4,7,Hưng Yên,Phường Trần Hưng Đạo,20.4492199,106.3229529,101,Unhealthy for Sensitive Groups,2,17.2,82,0.0,12.0,9,1017.0,100,32.9,33.2,585.0,21.9,39.0,19.6
2026-03-04 08:00:00,2026,3,4,8,Hưng Yên,Phường Trần Hưng Đạo,20.4492199,106.3229529,101,Unhealthy for Sensitive Groups,2,18.0,75,0.0,13.1,8,1017.5,67,31.9,32.2,579.0,21.2,41.0,21.4
2026-03-04 09:00:00,2026,3,4,9,Hưng Yên,Phường Trần Hưng Đạo,20.4492199,106.3229529,102,Unhealthy for Sensitive Groups,2,18.9,70,0.0,13.9,6,1017.9,84,31.5,31.9,550.0,20.1,43.0,23.9
2026-03-04 10:00:00,2026,3,4,10,Hưng Yên,Phường Trần Hưng Đạo,20.4492199,106.3229529,103,Unhealthy for Sensitive Groups,2,19.6,67,0.0,11.7,10,1018.1,100,29.7,30.0,524.0,18.9,48.0,25.3
2026-03-04 11:00:00,2026,3,4,11,Hưng Yên,Phường Trần Hưng Đạo,20.4492199,106.3229529,103,Unhealthy for Sensitive Groups,2,20.1,65,0.0,9.5,11,1018.0,96,27.7,28.0,512.0,17.6,56.0,25.1
2026-03-04 12:00:00,2026,3,4,12,Hưng Yên,Phường Trần Hưng Đạo,20.4492199,106.3229529,103,Unhealthy for Sensitive Groups,2,20.8,64,0.0,7.5,24,1017.0,100,26.5,26.8,504.0,16.2,66.0,23.8
2026-03-04 13:00:00,2026,3,4,13,Hưng Yên,Phường Trần Hưng Đạo,20.4492199,106.3229529,102,Unhealthy for Sensitive Groups,2,21.0,66,0.0,8.1,72,1015.9,100,26.2,26.5,489.0,14.8,76.0,22.0
2026-03-04 14:00:00,2026,3,4,14,Hưng Yên,Phường Trần Hưng Đạo,20.4492199,106.3229529,101,Unhealthy for Sensitive Groups,2,21.5,64,0.0,7.7,87,1014.4,100,27.1,27.3,457.0,13.0,87.0,19.4
2026-03-04 15:00:00,2026,3,4,15,Hưng Yên,Phường Trần Hưng Đạo,20.4492199,106.3229529,100,Moderate,1,21.4,65,0.0,8.2,99,1013.4,100,27.8,28.1,418.0,11.1,98.0,16.1
2026-03-04 16:00:00,2026,3,4,16,Hưng Yên,Phường Trần Hưng Đạo,20.4492199,106.3229529,99,Moderate,1,21.1,66,0.0,8.0,110,1013.1,92,28.2,28.5,401.0,10.2,104.0,13.2
2026-03-04 17:00:00,2026,3,4,17,Hưng Yên,Phường Trần Hưng Đạo,20.4492199,106.3229529,99,Moderate,1,20.5,69,0.0,10.4,120,1013.3,30,28.5,28.8,425.0,11.2,101.0,10.9
2026-03-04 18:00:00,2026,3,4,18,Hưng Yên,Phường Trần Hưng Đạo,20.4492199,106.3229529,98,Moderate,1,18.8,76,0.0,10.3,119,1013.5,3,32.9,33.3,471.0,13.1,94.0,8.9
2026-03-04 19:00:00,2026,3,4,19,Hưng Yên,Phường Trần Hưng Đạo,20.4492199,106.3229529,98,Moderate,1,18.5,78,0.0,10.8,111,1013.5,2,51.6,52.0,504.0,17.9,64.0,11.4
2026-03-04 20:00:00,2026,3,4,20,Hưng Yên,Phường Trần Hưng Đạo,20.4492199,106.3229529,99,Moderate,1,17.9,83,0.0,9.2,101,1014.2,0,52.5,53.1,512.0,16.1,67.0,10.3
2026-03-04 21:00:00,2026,3,4,21,Hưng Yên,Phường Trần Hưng Đạo,20.4492199,106.3229529,100,Moderate,1,17.6,87,0.0,7.6,95,1014.8,2,51.0,51.8,509.0,13.7,72.0,8.8
2026-03-04 22:00:00,2026,3,4,22,Hưng Yên,Phường Trần Hưng Đạo,20.4492199,106.3229529,100,Moderate,1,17.3,91,0.0,5.9,90,1015.6,4,47.8,48.7,500.0,11.6,75.0,7.6
2026-03-04 23:00:00,2026,3,4,23,Hưng Yên,Phường Trần Hưng Đạo,20.4492199,106.3229529,100,Moderate,1,17.2,92,0.0,6.0,85,1015.4,4,44.1,45.2,484.0,10.2,76.0,6.9
2026-03-05 00:00:00,2026,3,5,0,Hưng Yên,Phường Trần Hưng Đạo,20.4492199,106.3229529,100,Moderate,1,17.1,92,0.0,5.6,69,1015.1,2,40.7,41.8,462.0,9.2,76.0,6.5
2026-03-05 01:00:00,2026,3,5,1,Hưng Yên,Phường Trần Hưng Đạo,20.4492199,106.3229529,100,Moderate,1,17.5,91,0.0,6.5,77,1014.7,7,39.3,40.3,449.0,8.7,74.0,6.5
2026-03-05 02:00:00,2026,3,5,2,Hưng Yên,Phường Trần Hưng Đạo,20.4492199,106.3229529,99,Moderate,1,17.2,92,0.0,4.8,48,1014.4,43,38.8,39.7,449.0,8.8,70.0,6.9
2026-03-05 03:00:00,2026,3,5,3,Hưng Yên,Phường Trần Hưng Đạo,20.4492199,106.3229529,99,Moderate,1,17.5,92,0.0,3.9,16,1014.2,100,39.1,39.9,457.0,9.5,64.0,7.8
2026-03-05 04:00:00,2026,3,5,4,Hưng Yên,Phường Trần Hưng Đạo,20.4492199,106.3229529,99,Moderate,1,18.0,89,0.0,3.9,16,1014.1,100,40.2,40.9,471.0,10.6,59.0,8.9
2026-03-05 05:00:00,2026,3,5,5,Hưng Yên,Phường Trần Hưng Đạo,20.4492199,106.3229529,100,Moderate,1,18.1,88,0.0,6.3,18,1014.2,100,41.6,42.1,500.0,12.6,54.0,10.6
2026-03-05 06:00:00,2026,3,5,6,Hưng Yên,Phường Trần Hưng Đạo,20.4492199,106.3229529,101,Unhealthy for Sensitive Groups,2,18.1,88,0.0,7.2,22,1015.0,100,44.0,44.6,534.0,15.0,50.0,12.5
2026-03-05 07:00:00,2026,3,5,7,Hưng Yên,Phường Trần Hưng Đạo,20.4492199,106.3229529,103,Unhealthy for Sensitive Groups,2,18.4,89,0.0,8.9,29,1015.3,42,47.4,48.0,547.0,14.0,48.0,11.4
2026-03-05 08:00:00,2026,3,5,8,Hưng Yên,Phường Trần Hưng Đạo,20.4492199,106.3229529,105,Unhealthy for Sensitive Groups,2,19.5,84,0.0,10.0,41,1015.7,41,46.7,47.3,520.0,13.8,52.0,11.8
2026-03-05 09:00:00,2026,3,5,9,Hưng Yên,Phường Trần Hưng Đạo,20.4492199,106.3229529,106,Unhealthy for Sensitive Groups,2,21.2,76,0.0,13.6,51,1016.2,45,43.4,44.0,471.0,13.4,58.0,12.4
2026-03-05 10:00:00,2026,3,5,10,Hưng Yên,Phường Trần Hưng Đạo,20.4492199,106.3229529,107,Unhealthy for Sensitive Groups,2,22.4,72,0.0,13.0,52,1016.3,100,39.6,40.2,429.0,12.7,64.0,12.4
2026-03-05 11:00:00,2026,3,5,11,Hưng Yên,Phường Trần Hưng Đạo,20.4492199,106.3229529,108,Unhealthy for Sensitive Groups,2,22.6,71,0.0,9.2,62,1016.2,98,35.7,36.4,404.0,11.6,70.0,11.4
2026-03-05 12:00:00,2026,3,5,12,Hưng Yên,Phường Trần Hưng Đạo,20.4492199,106.3229529,109,Unhealthy for Sensitive Groups,2,22.6,71,0.0,7.2,68,1015.3,85,31.3,31.9,387.0,10.2,77.0,9.8
2026-03-05 13:00:00,2026,3,5,13,Hưng Yên,Phường Trần Hưng Đạo,20.4492199,106.3229529,110,Unhealthy for Sensitive Groups,2,21.9,72,0.0,6.4,80,1014.9,100,30.4,31.0,376.0,8.8,84.0,8.3
2026-03-05 14:00:00,2026,3,5,14,Hưng Yên,Phường Trần Hưng Đạo,20.4492199,106.3229529,110,Unhealthy for Sensitive Groups,2,22.0,72,0.0,5.2,106,1013.9,100,30.4,31.0,369.0,7.2,92.0,7.1
2026-03-05 15:00:00,2026,3,5,15,Hưng Yên,Phường Trần Hưng Đạo,20.4492199,106.3229529,111,Unhealthy for Sensitive Groups,2,22.2,73,0.0,4.9,107,1013.4,100,30.4,31.1,369.0,5.6,101.0,6.1
2026-03-05 16:00:00,2026,3,5,16,Hưng Yên,Phường Trần Hưng Đạo,20.4492199,106.3229529,111,Unhealthy for Sensitive Groups,2,22.0,73,0.0,8.3,90,1013.2,100,29.0,29.9,383.0,5.0,106.0,5.6
2026-03-05 17:00:00,2026,3,5,17,Hưng Yên,Phường Trần Hưng Đạo,20.4492199,106.3229529,111,Unhealthy for Sensitive Groups,2,21.4,77,0.0,9.8,83,1013.2,100,28.6,29.5,421.0,5.9,107.0,5.9
2026-03-05 18:00:00,2026,3,5,18,Hưng Yên,Phường Trần Hưng Đạo,20.4492199,106.3229529,111,Unhealthy for Sensitive Groups,2,20.4,81,0.0,7.9,102,1013.9,100,31.4,32.1,474.0,7.8,104.0,6.6
2026-03-05 19:00:00,2026,3,5,19,Hưng Yên,Phường Trần Hưng Đạo,20.4492199,106.3229529,111,Unhealthy for Sensitive Groups,2,20.2,84,0.0,8.3,92,1014.6,100,41.4,42.1,515.0,13.6,75.0,9.0
2026-03-05 20:00:00,2026,3,5,20,Hưng Yên,Phường Trần Hưng Đạo,20.4492199,106.3229529,110,Unhealthy for Sensitive Groups,2,20.0,85,0.0,7.2,93,1015.5,100,43.2,43.9,536.0,13.6,75.0,9.4
2026-03-05 21:00:00,2026,3,5,21,Hưng Yên,Phường Trần Hưng Đạo,20.4492199,106.3229529,109,Unhealthy for Sensitive Groups,2,19.8,87,0.0,7.2,72,1016.1,100,44.8,45.5,546.0,13.7,74.0,10.0
2026-03-05 22:00:00,2026,3,5,22,Hưng Yên,Phường Trần Hưng Đạo,20.4492199,106.3229529,108,Unhealthy for Sensitive Groups,2,19.8,87,0.0,7.1,60,1016.5,100,44.2,44.8,547.0,13.8,73.0,10.4
2026-03-05 23:00:00,2026,3,5,23,Hưng Yên,Phường Trần Hưng Đạo,20.4492199,106.3229529,108,Unhealthy for Sensitive Groups,2,19.9,86,0.0,7.3,54,1016.6,100,42.8,43.5,535.0,13.1,71.0,9.8
2026-03-06 00:00:00,2026,3,6,0,Hưng Yên,Phường Trần Hưng Đạo,20.4492199,106.3229529,108,Unhealthy for Sensitive Groups,2,20.0,85,0.0,7.8,52,1016.6,100,42.1,42.8,514.0,12.5,68.0,8.9
2026-03-06 01:00:00,2026,3,6,1,Hưng Yên,Phường Trần Hưng Đạo,20.4492199,106.3229529,108,Unhealthy for Sensitive Groups,2,20.1,84,0.0,5.6,29,1016.9,100,46.1,46.7,497.0,14.2,62.0,9.8
2026-03-06 02:00:00,2026,3,6,2,Hưng Yên,Phường Trần Hưng Đạo,20.4492199,106.3229529,108,Unhealthy for Sensitive Groups,2,19.9,85,0.0,5.2,20,1016.3,100,53.1,53.6,483.0,20.5,51.0,13.9
2026-03-06 03:00:00,2026,3,6,3,Hưng Yên,Phường Trần Hưng Đạo,20.4492199,106.3229529,110,Unhealthy for Sensitive Groups,2,19.9,86,0.0,5.2,14,1015.8,100,61.0,61.5,473.0,29.2,37.0,19.7
2026-03-06 04:00:00,2026,3,6,4,Hưng Yên,Phường Trần Hưng Đạo,20.4492199,106.3229529,112,Unhealthy for Sensitive Groups,2,19.9,86,0.0,7.0,3,1015.4,100,67.3,68.0,478.0,35.9,26.0,24.7
2026-03-06 05:00:00,2026,3,6,5,Hưng Yên,Phường Trần Hưng Đạo,20.4492199,106.3229529,115,Unhealthy for Sensitive Groups,2,19.8,88,0.0,6.6,347,1015.4,100,71.7,72.2,514.0,39.4,20.0,28.4
2026-03-06 06:00:00,2026,3,6,6,Hưng Yên,Phường Trần Hưng Đạo,20.4492199,106.3229529,118,Unhealthy for Sensitive Groups,2,19.8,89,0.0,8.3,358,1015.9,100,75.0,75.4,565.0,41.0,18.0,31.3
2026-03-06 07:00:00,2026,3,6,7,Hưng Yên,Phường Trần Hưng Đạo,20.4492199,106.3229529,121,Unhealthy for Sensitive Groups,2,19.8,89,0.0,9.6,356,1017.0,100,60.3,61.2,600.0,20.3,52.0,17.0
2026-03-06 08:00:00,2026,3,6,8,Hưng Yên,Phường Trần Hưng Đạo,20.4492199,106.3229529,123,Unhealthy for Sensitive Groups,2,20.5,88,0.0,10.3,354,1018.2,95,64.0,65.0,608.0,19.5,58.0,18.7
2026-03-06 09:00:00,2026,3,6,9,Hưng Yên,Phường Trần Hưng Đạo,20.4492199,106.3229529,124,Unhealthy for Sensitive Groups,2,21.4,82,0.0,11.8,354,1018.8,100,69.4,70.3,599.0,18.3,67.0,20.9
2026-03-06 10:00:00,2026,3,6,10,Hưng Yên,Phường Trần Hưng Đạo,20.4492199,106.3229529,127,Unhealthy for Sensitive Groups,2,22.5,72,0.0,10.9,33,1018.8,100,56.9,58.1,573.0,16.0,78.0,20.9
2026-03-06 11:00:00,2026,3,6,11,Hưng Yên,Phường Trần Hưng Đạo,20.4492199,106.3229529,129,Unhealthy for Sensitive Groups,2,23.2,67,0.0,10.7,63,1018.1,100,43.5,44.8,518.0,11.7,94.0,16.7
2026-03-06 12:00:00,2026,3,6,12,Hưng Yên,Phường Trần Hưng Đạo,20.4492199,106.3229529,130,Unhealthy for Sensitive Groups,2,24.4,61,0.0,11.4,77,1016.8,100,38.5,39.8,446.0,6.4,112.0,10.3
2026-03-06 13:00:00,2026,3,6,13,Hưng Yên,Phường Trần Hưng Đạo,20.4492199,106.3229529,131,Unhealthy for Sensitive Groups,2,24.4,61,0.0,9.5,79,1015.7,100,38.5,39.9,397.0,2.7,126.0,5.6
2026-03-06 14:00:00,2026,3,6,14,Hưng Yên,Phường Trần Hưng Đạo,20.4492199,106.3229529,131,Unhealthy for Sensitive Groups,2,24.2,63,0.0,9.6,104,1014.3,100,39.8,41.3,388.0,1.7,134.0,4.4
2026-03-06 15:00:00,2026,3,6,15,Hưng Yên,Phường Trần Hưng Đạo,20.4492199,106.3229529,132,Unhealthy for Sensitive Groups,2,23.9,65,0.0,11.2,106,1013.9,100,38.3,39.8,401.0,2.2,138.0,4.8
2026-03-06 16:00:00,2026,3,6,16,Hưng Yên,Phường Trần Hưng Đạo,20.4492199,106.3229529,133,Unhealthy for Sensitive Groups,2,23.4,67,0.0,12.5,97,1013.8,97,39.3,40.7,423.0,3.2,139.0,5.5
2026-03-06 17:00:00,2026,3,6,17,Hưng Yên,Phường Trần Hưng Đạo,20.4492199,106.3229529,134,Unhealthy for Sensitive Groups,2,22.5,72,0.0,12.1,89,1013.7,14,46.9,48.5,456.0,4.6,137.0,5.9
2026-03-06 18:00:00,2026,3,6,18,Hưng Yên,Phường Trần Hưng Đạo,20.4492199,106.3229529,136,Unhealthy for Sensitive Groups,2,21.1,79,0.0,8.8,95,1014.0,20,44.6,45.8,498.0,6.5,131.0,6.5
2026-03-06 19:00:00,2026,3,6,19,Hưng Yên,Phường Trần Hưng Đạo,20.4492199,106.3229529,138,Unhealthy for Sensitive Groups,2,20.5,84,0.0,9.4,91,1014.8,20,44.2,45.4,532.0,6.9,133.0,6.6
2026-03-06 20:00:00,2026,3,6,20,Hưng Yên,Phường Trần Hưng Đạo,20.4492199,106.3229529,138,Unhealthy for Sensitive Groups,2,20.0,87,0.0,8.7,98,1015.5,5,47.4,48.5,554.0,7.7,128.0,7.0
2026-03-06 21:00:00,2026,3,6,21,Hưng Yên,Phường Trần Hưng Đạo,20.4492199,106.3229529,138,Unhealthy for Sensitive Groups,2,19.2,92,0.0,8.6,102,1016.0,2,49.0,50.1,567.0,8.8,121.0,7.5
2026-03-06 22:00:00,2026,3,6,22,Hưng Yên,Phường Trần Hưng Đạo,20.4492199,106.3229529,139,Unhealthy for Sensitive Groups,2,19.4,93,0.0,9.5,100,1016.4,17,49.0,50.1,573.0,9.6,115.0,7.7
2026-03-06 23:00:00,2026,3,6,23,Hưng Yên,Phường Trần Hưng Đạo,20.4492199,106.3229529,139,Unhealthy for Sensitive Groups,2,19.5,93,0.0,9.9,95,1016.1,98,47.0,48.0,565.0,9.6,111.0,7.2
2026-03-07 00:00:00,2026,3,7,0,Hưng Yên,Phường Trần Hưng Đạo,20.4492199,106.3229529,140,Unhealthy for Sensitive Groups,2,19.8,91,0.0,11.2,95,1016.1,15,44.5,45.4,548.0,9.4,107.0,6.3
2026-03-07 01:00:00,2026,3,7,1,Hưng Yên,Phường Trần Hưng Đạo,20.4492199,106.3229529,140,Unhealthy for Sensitive Groups,2,19.5,92,0.0,9.8,95,1016.1,89,43.8,44.8,538.0,9.8,101.0,5.9
2026-03-07 02:00:00,2026,3,7,2,Hưng Yên,Phường Trần Hưng Đạo,20.4492199,106.3229529,140,Unhealthy for Sensitive Groups,2,19.8,89,0.0,7.4,91,1015.9,100,46.6,47.7,544.0,11.6,92.0,6.4
2026-03-07 03:00:00,2026,3,7,3,Hưng Yên,Phường Trần Hưng Đạo,20.4492199,106.3229529,139,Unhealthy for Sensitive Groups,2,20.0,86,0.0,2.6,78,1015.7,100,52.6,53.7,558.0,14.2,81.0,7.5
2026-03-07 04:00:00,2026,3,7,4,Hưng Yên,Phường Trần Hưng Đạo,20.4492199,106.3229529,138,Unhealthy for Sensitive Groups,2,20.1,87,0.0,1.5,7,1015.9,100,59.5,60.5,569.0,16.3,73.0,8.5
2026-03-07 05:00:00,2026,3,7,5,Hưng Yên,Phường Trần Hưng Đạo,20.4492199,106.3229529,137,Unhealthy for Sensitive Groups,2,19.9,87,0.0,2.7,42,1016.2,100,61.5,62.4,580.0,18.2,68.0,9.7
2026-03-07 06:00:00,2026,3,7,6,Hưng Yên,Phường Trần Hưng Đạo,20.4492199,106.3229529,136,Unhealthy for Sensitive Groups,2,20.3,83,0.0,5.9,88,1016.6,82,60.1,61.0,588.0,19.6,66.0,10.9
2026-03-07 07:00:00,2026,3,7,7,Hưng Yên,Phường Trần Hưng Đạo,20.4492199,106.3229529,135,Unhealthy for Sensitive Groups,2,20.5,85,0.0,8.4,75,1017.5,99,33.3,35.6,576.0,7.6,100.0,5.1
2026-03-07 08:00:00,2026,3,7,8,Hưng Yên,Phường Trần Hưng Đạo,20.4492199,106.3229529,132,Unhealthy for Sensitive Groups,2,22.0,82,0.0,12.4,93,1018.0,77,30.3,33.3,526.0,6.2,104.0,5.0
2026-03-07 09:00:00,2026,3,7,9,Hưng Yên,Phường Trần Hưng Đạo,20.4492199,106.3229529,128,Unhealthy for Sensitive Groups,2,23.2,73,0.0,14.9,92,1018.6,63,27.0,30.2,455.0,4.2,110.0,4.8
2026-03-07 10:00:00,2026,3,7,10,Hưng Yên,Phường Trần Hưng Đạo,20.4492199,106.3229529,124,Unhealthy for Sensitive Groups,2,23.9,69,0.0,15.7,95,1018.4,29,26.5,29.4,403.0,2.6,117.0,4.5
2026-03-07 11:00:00,2026,3,7,11,Hưng Yên,Phường Trần Hưng Đạo,20.4492199,106.3229529,121,Unhealthy for Sensitive Groups,2,25.0,64,0.0,16.6,102,1017.6,6,26.8,29.6,388.0,1.8,124.0,4.1
2026-03-07 12:00:00,2026,3,7,12,Hưng Yên,Phường Trần Hưng Đạo,20.4492199,106.3229529,119,Unhealthy for Sensitive Groups,2,25.4,62,0.0,16.7,106,1016.5,13,27.3,30.2,392.0,1.5,131.0,3.6
2026-03-07 13:00:00,2026,3,7,13,Hưng Yên,Phường Trần Hưng Đạo,20.4492199,106.3229529,118,Unhealthy for Sensitive Groups,2,24.6,62,0.0,16.9,115,1016.1,98,27.6,30.6,395.0,1.4,137.0,3.2
2026-03-07 14:00:00,2026,3,7,14,Hưng Yên,Phường Trần Hưng Đạo,20.4492199,106.3229529,117,Unhealthy for Sensitive Groups,2,24.5,63,0.0,15.9,115,1015.2,49,28.0,31.2,389.0,1.3,140.0,2.9
2026-03-07 15:00:00,2026,3,7,15,Hưng Yên,Phường Trần Hưng Đạo,20.4492199,106.3229529,116,Unhealthy for Sensitive Groups,2,24.1,65,0.0,15.0,103,1014.4,34,27.9,31.2,383.0,1.5,141.0,2.8
2026-03-07 16:00:00,2026,3,7,16,Hưng Yên,Phường Trần Hưng Đạo,20.4492199,106.3229529,114,Unhealthy for Sensitive Groups,2,23.6,67,0.0,14.4,98,1014.3,21,27.7,31.1,381.0,2.2,140.0,2.9
2026-03-07 17:00:00,2026,3,7,17,Hưng Yên,Phường Trần Hưng Đạo,20.4492199,106.3229529,113,Unhealthy for Sensitive Groups,2,22.6,72,0.0,14.1,95,1014.3,1,27.9,31.2,388.0,4.0,135.0,3.4
2026-03-07 18:00:00,2026,3,7,18,Hưng Yên,Phường Trần Hưng Đạo,20.4492199,106.3229529,111,Unhealthy for Sensitive Groups,2,21.2,80,0.0,11.0,92,1014.5,0,29.3,32.0,400.0,6.4,128.0,4.1
2026-03-07 19:00:00,2026,3,7,19,Hưng Yên,Phường Trần Hưng Đạo,20.4492199,106.3229529,110,Unhealthy for Sensitive Groups,2,20.8,85,0.0,10.8,85,1015.4,0,37.7,40.9,406.0,7.3,121.0,4.3
2026-03-07 20:00:00,2026,3,7,20,Hưng Yên,Phường Trần Hưng Đạo,20.4492199,106.3229529,109,Unhealthy for Sensitive Groups,2,20.5,88,0.0,12.3,96,1016.2,0,39.2,42.1,403.0,8.1,115.0,4.8
2026-03-07 21:00:00,2026,3,7,21,Hưng Yên,Phường Trần Hưng Đạo,20.4492199,106.3229529,108,Unhealthy for Sensitive Groups,2,20.2,90,0.0,13.2,95,1016.7,0,40.3,43.3,395.0,9.2,107.0,5.4
2026-03-07 22:00:00,2026,3,7,22,Hưng Yên,Phường Trần Hưng Đạo,20.4492199,106.3229529,107,Unhealthy for Sensitive Groups,2,20.1,91,0.0,11.4,94,1017.2,13,41.1,44.2,384.0,9.8,100.0,5.6
2026-03-07 23:00:00,2026,3,7,23,Hưng Yên,Phường Trần Hưng Đạo,20.4492199,106.3229529,106,Unhealthy for Sensitive Groups,2,20.1,90,0.0,9.7,93,1017.4,100,39.2,42.5,369.0,9.6,96.0,5.0
2026-03-08 00:00:00,2026,3,8,0,Hưng Yên,Phường Trần Hưng Đạo,20.4492199,106.3229529,106,Unhealthy for Sensitive Groups,2,20.8,86,0.0,12.3,98,1017.2,100,36.9,40.0,352.0,9.0,93.0,4.1
2026-03-08 01:00:00,2026,3,8,1,Hưng Yên,Phường Trần Hưng Đạo,20.4492199,106.3229529,105,Unhealthy for Sensitive Groups,2,21.5,87,0.0,11.1,97,1017.1,100,35.9,39.3,338.0,8.5,91.0,3.4
2026-03-08 02:00:00,2026,3,8,2,Hưng Yên,Phường Trần Hưng Đạo,20.4492199,106.3229529,104,Unhealthy for Sensitive Groups,2,21.6,87,0.1,11.1,97,1016.3,100,34.2,38.1,327.0,8.1,89.0,3.2
2026-03-08 03:00:00,2026,3,8,3,Hưng Yên,Phường Trần Hưng Đạo,20.4492199,106.3229529,103,Unhealthy for Sensitive Groups,2,21.5,89,0.1,12.4,100,1015.9,100,32.6,36.7,318.0,7.7,88.0,3.3
2026-03-08 04:00:00,2026,3,8,4,Hưng Yên,Phường Trần Hưng Đạo,20.4492199,106.3229529,101,Unhealthy for Sensitive Groups,2,21.4,89,0.0,12.3,105,1015.6,100,31.9,36.0,320.0,7.6,87.0,3.4
2026-03-08 05:00:00,2026,3,8,5,Hưng Yên,Phường Trần Hưng Đạo,20.4492199,106.3229529,98,Moderate,1,21.3,89,0.0,12.1,105,1015.9,100,31.1,35.0,342.0,8.1,84.0,3.7
2026-03-08 06:00:00,2026,3,8,6,Hưng Yên,Phường Trần Hưng Đạo,20.4492199,106.3229529,95,Moderate,1,21.1,91,0.0,11.3,108,1016.4,100,30.9,34.8,374.0,8.8,81.0,4.1
2026-03-08 07:00:00,2026,3,8,7,Hưng Yên,Phường Trần Hưng Đạo,20.4492199,106.3229529,93,Moderate,1,21.1,93,0.0,11.7,87,1017.0,43,38.9,42.1,393.0,9.2,80.0,4.5
2026-03-08 08:00:00,2026,3,8,8,Hưng Yên,Phường Trần Hưng Đạo,20.4492199,106.3229529,93,Moderate,1,22.5,85,0.1,14.6,103,1017.5,81,34.6,39.0,388.0,7.3,88.0,4.1
2026-03-08 09:00:00,2026,3,8,9,Hưng Yên,Phường Trần Hưng Đạo,20.4492199,106.3229529,94,Moderate,1,23.5,79,0.0,12.5,106,1017.8,53,31.9,36.1,370.0,4.6,100.0,3.6
2026-03-08 10:00:00,2026,3,8,10,Hưng Yên,Phường Trần Hưng Đạo,20.4492199,106.3229529,94,Moderate,1,24.7,71,0.0,11.3,124,1018.0,55,29.7,34.3,348.0,2.6,109.0,3.1
2026-03-08 11:00:00,2026,3,8,11,Hưng Yên,Phường Trần Hưng Đạo,20.4492199,106.3229529,94,Moderate,1,25.4,68,0.1,12.5,130,1017.2,99,27.3,31.8,322.0,1.7,112.0,2.8
2026-03-08 12:00:00,2026,3,8,12,Hưng Yên,Phường Trần Hưng Đạo,20.4492199,106.3229529,94,Moderate,1,25.0,70,0.0,13.9,140,1016.1,100,25.1,29.5,293.0,1.5,113.0,2.6
2026-03-08 13:00:00,2026,3,8,13,Hưng Yên,Phường Trần Hưng Đạo,20.4492199,106.3229529,94,Moderate,1,24.5,70,0.0,11.5,141,1015.3,100,24.2,28.1,274.0,1.4,113.0,2.5
2026-03-08 14:00:00,2026,3,8,14,Hưng Yên,Phường Trần Hưng Đạo,20.4492199,106.3229529,94,Moderate,1,24.6,71,0.1,11.3,138,1014.5,92,23.4,27.0,272.0,1.3,115.0,2.4
2026-03-08 15:00:00,2026,3,8,15,Hưng Yên,Phường Trần Hưng Đạo,20.4492199,106.3229529,94,Moderate,1,24.5,71,0.0,13.2,128,1013.9,73,22.9,26.4,281.0,1.5,116.0,2.3
2026-03-08 16:00:00,2026,3,8,16,Hưng Yên,Phường Trần Hưng Đạo,20.4492199,106.3229529,93,Moderate,1,23.9,75,0.0,14.2,122,1013.6,96,22.3,25.8,290.0,2.2,116.0,2.5
2026-03-08 17:00:00,2026,3,8,17,Hưng Yên,Phường Trần Hưng Đạo,20.4492199,106.3229529,93,Moderate,1,23.2,77,0.0,14.2,112,1013.9,45,22.1,25.7,298.0,4.1,112.0,3.1
2026-03-08 18:00:00,2026,3,8,18,Hưng Yên,Phường Trần Hưng Đạo,20.4492199,106.3229529,92,Moderate,1,22.0,83,0.0,13.4,101,1014.4,35,22.6,26.1,308.0,6.5,106.0,4.0
2026-03-08 19:00:00,2026,3,8,19,Hưng Yên,Phường Trần Hưng Đạo,20.4492199,106.3229529,91,Moderate,1,21.2,88,0.0,13.1,92,1015.4,23,25.3,27.8,317.0,7.0,102.0,4.1
2026-03-08 20:00:00,2026,3,8,20,Hưng Yên,Phường Trần Hưng Đạo,20.4492199,106.3229529,90,Moderate,1,20.9,90,0.0,12.6,86,1016.3,26,25.1,28.2,326.0,7.3,100.0,4.3
2026-03-08 21:00:00,2026,3,8,21,Hưng Yên,Phường Trần Hưng Đạo,20.4492199,106.3229529,89,Moderate,1,20.5,91,0.0,11.6,86,1017.0,30,23.9,27.4,334.0,7.8,97.0,4.7
2026-03-08 22:00:00,2026,3,8,22,Hưng Yên,Phường Trần Hưng Đạo,20.4492199,106.3229529,88,Moderate,1,20.4,91,0.0,11.7,94,1017.6,43,23.9,27.4,336.0,8.2,94.0,4.8
2026-03-08 23:00:00,2026,3,8,23,Hưng Yên,Phường Trần Hưng Đạo,20.4492199,106.3229529,86,Moderate,1,20.5,90,0.0,12.3,93,1017.9,99,24.0,27.6,326.0,8.6,91.0,4.6
2026-03-09 00:00:00,2026,3,9,0,Hưng Yên,Phường Trần Hưng Đạo,20.4492199,106.3229529,85,Moderate,1,20.7,89,0.0,11.5,88,1018.1,100,23.1,26.8,309.0,9.0,88.0,4.3
2026-03-09 01:00:00,2026,3,9,1,Hưng Yên,Phường Trần Hưng Đạo,20.4492199,106.3229529,84,Moderate,1,21.2,90,0.0,11.2,90,1017.5,98,23.3,27.0,294.0,9.1,86.0,4.0
2026-03-09 02:00:00,2026,3,9,2,Hưng Yên,Phường Trần Hưng Đạo,20.4492199,106.3229529,82,Moderate,1,21.1,91,0.0,10.3,88,1017.2,99,23.1,26.8,281.0,8.8,85.0,3.7
2026-03-09 03:00:00,2026,3,9,3,Hưng Yên,Phường Trần Hưng Đạo,20.4492199,106.3229529,81,Moderate,1,21.2,91,0.0,10.2,83,1016.8,86,21.8,25.4,270.0,8.3,85.0,3.5
2026-03-09 04:00:00,2026,3,9,4,Hưng Yên,Phường Trần Hưng Đạo,20.4492199,106.3229529,81,Moderate,1,21.1,91,0.0,10.7,84,1016.7,69,20.4,24.1,266.0,8.0,84.0,3.5
2026-03-09 05:00:00,2026,3,9,5,Hưng Yên,Phường Trần Hưng Đạo,20.4492199,106.3229529,80,Moderate,1,21.1,90,0.0,11.4,85,1017.3,66,19.9,23.5,278.0,8.5,82.0,3.9
2026-03-09 06:00:00,2026,3,9,6,Hưng Yên,Phường Trần Hưng Đạo,20.4492199,106.3229529,79,Moderate,1,20.9,92,0.0,11.1,81,1017.6,99,20.3,23.9,297.0,9.2,80.0,4.5
2026-03-09 07:00:00,2026,3,9,7,Hưng Yên,Phường Trần Hưng Đạo,20.4492199,106.3229529,78,Moderate,1,21.1,92,0.0,13.6,73,1018.4,26,20.1,23.7,305.0,8.7,79.0,4.2
2026-03-09 08:00:00,2026,3,9,8,Hưng Yên,Phường Trần Hưng Đạo,20.4492199,106.3229529,76,Moderate,1,22.6,84,0.0,19.6,83,1019.1,38,17.6,21.7,290.0,7.6,84.0,4.0
2026-03-09 09:00:00,2026,3,9,9,Hưng Yên,Phường Trần Hưng Đạo,20.4492199,106.3229529,74,Moderate,1,23.4,80,0.2,19.5,84,1020.0,88,16.4,20.4,264.0,6.0,90.0,3.7
2026-03-09 10:00:00,2026,3,9,10,Hưng Yên,Phường Trần Hưng Đạo,20.4492199,106.3229529,73,Moderate,1,23.5,79,0.2,19.2,80,1020.6,97,14.6,18.3,246.0,5.0,96.0,3.6
2026-03-09 11:00:00,2026,3,9,11,Hưng Yên,Phường Trần Hưng Đạo,20.4492199,106.3229529,72,Moderate,1,23.9,75,0.0,18.8,75,1020.2,93,14.4,17.6,238.0,4.7,100.0,3.6
2026-03-09 12:00:00,2026,3,9,12,Hưng Yên,Phường Trần Hưng Đạo,20.4492199,106.3229529,71,Moderate,1,24.5,72,0.1,18.7,70,1019.7,100,15.0,18.2,237.0,4.8,103.0,3.8
2026-03-09 13:00:00,2026,3,9,13,Hưng Yên,Phường Trần Hưng Đạo,20.4492199,106.3229529,70,Moderate,1,22.2,82,0.1,17.4,68,1019.2,100,16.8,19.2,252.0,5.7,103.0,4.7
2026-03-09 14:00:00,2026,3,9,14,Hưng Yên,Phường Trần Hưng Đạo,20.4492199,106.3229529,69,Moderate,1,22.6,77,0.0,18.7,65,1018.7,100,21.1,22.8,287.0,7.5,100.0,6.8
2026-03-09 15:00:00,2026,3,9,15,Hưng Yên,Phường Trần Hưng Đạo,20.4492199,106.3229529,69,Moderate,1,22.5,75,0.0,18.7,65,1018.6,100,25.7,27.0,338.0,10.1,94.0,9.7
2026-03-09 16:00:00,2026,3,9,16,Hưng Yên,Phường Trần Hưng Đạo,20.4492199,106.3229529,69,Moderate,1,20.9,83,0.4,22.7,25,1019.2,100,28.2,28.9,399.0,12.9,86.0,12.8
2026-03-09 17:00:00,2026,3,9,17,Hưng Yên,Phường Trần Hưng Đạo,20.4492199,106.3229529,70,Moderate,1,19.1,84,0.1,17.2,15,1019.9,100,24.2,24.4,482.0,16.4,75.0,16.5
2026-03-09 18:00:00,2026,3,9,18,Hưng Yên,Phường Trần Hưng Đạo,20.4492199,106.3229529,70,Moderate,1,19.0,79,0.0,16.5,11,1020.3,100,19.4,19.5,575.0,20.1,63.0,20.6
2026-03-09 19:00:00,2026,3,9,19,Hưng Yên,Phường Trần Hưng Đạo,20.4492199,106.3229529,69,Moderate,1,19.1,75,0.0,17.3,1,1021.0,100,12.5,12.6,642.0,19.8,56.0,20.7
2026-03-09 20:00:00,2026,3,9,20,Hưng Yên,Phường Trần Hưng Đạo,20.4492199,106.3229529,68,Moderate,1,19.0,73,0.0,15.3,360,1021.9,100,13.5,13.6,663.0,19.3,57.0,21.0
2026-03-09 21:00:00,2026,3,9,21,Hưng Yên,Phường Trần Hưng Đạo,20.4492199,106.3229529,67,Moderate,1,19.0,72,0.0,14.3,7,1022.5,100,14.2,14.3,657.0,18.5,59.0,21.5
2026-03-09 22:00:00,2026,3,9,22,Hưng Yên,Phường Trần Hưng Đạo,20.4492199,106.3229529,66,Moderate,1,19.0,70,0.0,13.5,4,1023.2,100,14.8,14.8,651.0,17.7,61.0,21.6
2026-03-09 23:00:00,2026,3,9,23,Hưng Yên,Phường Trần Hưng Đạo,20.4492199,106.3229529,66,Moderate,1,18.7,67,0.0,15.9,357,1023.6,100,14.9,15.0,658.0,16.9,62.0,21.0
2026-03-10 00:00:00,2026,3,10,0,Hưng Yên,Phường Trần Hưng Đạo,20.4492199,106.3229529,65,Moderate,1,18.0,69,0.0,16.7,359,1023.8,100,14.1,14.2,664.0,16.2,63.0,20.1
2026-03-10 01:00:00,2026,3,10,1,Hưng Yên,Phường Trần Hưng Đạo,20.4492199,106.3229529,64,Moderate,1,17.8,75,0.3,16.2,356,1023.3,100,13.8,13.8,651.0,15.7,63.0,19.5
2026-03-10 02:00:00,2026,3,10,2,Hưng Yên,Phường Trần Hưng Đạo,20.4492199,106.3229529,63,Moderate,1,17.0,83,0.5,15.3,357,1023.1,100,13.3,13.3,599.0,15.5,63.0,19.3
2026-03-10 03:00:00,2026,3,10,3,Hưng Yên,Phường Trần Hưng Đạo,20.4492199,106.3229529,62,Moderate,1,16.6,85,0.3,15.1,357,1022.9,100,13.4,13.4,529.0,15.6,62.0,19.5
2026-03-10 04:00:00,2026,3,10,4,Hưng Yên,Phường Trần Hưng Đạo,20.4492199,106.3229529,62,Moderate,1,16.5,84,0.1,13.2,358,1022.5,100,13.5,13.6,484.0,15.9,61.0,19.8
2026-03-10 05:00:00,2026,3,10,5,Hưng Yên,Phường Trần Hưng Đạo,20.4492199,106.3229529,61,Moderate,1,16.5,80,0.0,13.9,3,1022.6,100,13.6,13.7,487.0,16.7,59.0,20.5
2026-03-10 06:00:00,2026,3,10,6,Hưng Yên,Phường Trần Hưng Đạo,20.4492199,106.3229529,60,Moderate,1,16.2,74,0.0,15.0,3,1022.9,100,13.9,14.0,514.0,17.8,56.0,21.4
2026-03-10 07:00:00,2026,3,10,7,Hưng Yên,Phường Trần Hưng Đạo,20.4492199,106.3229529,60,Moderate,1,16.2,73,0.0,14.4,357,1023.9,95,5.2,5.2,540.0,17.4,60.0,20.6
2026-03-10 08:00:00,2026,3,10,8,Hưng Yên,Phường Trần Hưng Đạo,20.4492199,106.3229529,59,Moderate,1,16.9,66,0.0,15.9,357,1024.6,100,6.0,6.4,556.0,16.1,63.0,21.6
2026-03-10 09:00:00,2026,3,10,9,Hưng Yên,Phường Trần Hưng Đạo,20.4492199,106.3229529,57,Moderate,1,17.4,64,0.0,15.1,1,1024.7,100,6.9,7.2,570.0,14.2,67.0,22.9
2026-03-10 10:00:00,2026,3,10,10,Hưng Yên,Phường Trần Hưng Đạo,20.4492199,106.3229529,57,Moderate,1,18.5,62,0.0,13.3,358,1024.7,100,7.8,7.9,578.0,12.4,75.0,23.6
2026-03-10 11:00:00,2026,3,10,11,Hưng Yên,Phường Trần Hưng Đạo,20.4492199,106.3229529,56,Moderate,1,19.1,62,0.0,10.3,4,1023.7,74,9.5,9.5,578.0,11.0,88.0,23.2
2026-03-10 12:00:00,2026,3,10,12,Hưng Yên,Phường Trần Hưng Đạo,20.4492199,106.3229529,56,Moderate,1,20.3,60,0.0,8.0,14,1022.1,73,12.2,12.2,573.0,9.7,104.0,22.0
2026-03-10 13:00:00,2026,3,10,13,Hưng Yên,Phường Trần Hưng Đạo,20.4492199,106.3229529,55,Moderate,1,20.3,61,0.0,6.9,33,1021.2,100,14.7,14.8,563.0,8.6,117.0,20.4
2026-03-10 14:00:00,2026,3,10,14,Hưng Yên,Phường Trần Hưng Đạo,20.4492199,106.3229529,55,Moderate,1,21.0,60,0.0,5.3,38,1020.2,99,16.4,16.4,545.0,7.5,127.0,18.0
2026-03-10 15:00:00,2026,3,10,15,Hưng Yên,Phường Trần Hưng Đạo,20.4492199,106.3229529,55,Moderate,1,22.1,54,0.0,3.7,331,1019.1,89,16.6,16.6,524.0,6.6,135.0,15.1
2026-03-10 16:00:00,2026,3,10,16,Hưng Yên,Phường Trần Hưng Đạo,20.4492199,106.3229529,54,Moderate,1,22.3,55,0.0,4.6,31,1018.6,72,15.7,15.8,513.0,6.2,138.0,12.5
2026-03-10 17:00:00,2026,3,10,17,Hưng Yên,Phường Trần Hưng Đạo,20.4492199,106.3229529,53,Moderate,1,20.6,62,0.0,11.0,101,1018.4,9,14.8,14.9,521.0,6.4,133.0,10.3
2026-03-10 18:00:00,2026,3,10,18,Hưng Yên,Phường Trần Hưng Đạo,20.4492199,106.3229529,62,Moderate,1,18.4,72,0.0,13.8,119,1018.7,2,15.3,15.5,539.0,7.0,123.0,8.5
2026-03-10 19:00:00,2026,3,10,19,Hưng Yên,Phường Trần Hưng Đạo,20.4492199,106.3229529,72,Moderate,1,18.3,73,0.0,11.1,133,1020.0,100,13.8,14.5,557.0,10.2,89.0,9.1
2026-03-10 20:00:00,2026,3,10,20,Hưng Yên,Phường Trần Hưng Đạo,20.4492199,106.3229529,72,Moderate,1,18.1,75,0.0,9.9,112,1020.3,100,13.7,14.9,573.0,9.4,88.0,9.0
2026-03-10 21:00:00,2026,3,10,21,Hưng Yên,Phường Trần Hưng Đạo,20.4492199,106.3229529,69,Moderate,1,18.2,75,0.0,9.6,106,1020.5,0,14.3,15.3,589.0,8.2,86.0,8.8
2026-03-10 22:00:00,2026,3,10,22,Hưng Yên,Phường Trần Hưng Đạo,20.4492199,106.3229529,62,Moderate,1,17.5,80,0.0,7.6,102,1020.8,0,16.5,17.5,604.0,7.5,83.0,8.6
2026-03-10 23:00:00,2026,3,10,23,Hưng Yên,Phường Trần Hưng Đạo,20.4492199,106.3229529,53,Moderate,1,17.1,84,0.0,5.9,88,1020.5,13,18.3,19.3,612.0,7.3,80.0,8.4
2026-03-11 00:00:00,2026,3,11,0,Hưng Yên,Phường Trần Hưng Đạo,20.4492199,106.3229529,52,Moderate,1,16.9,87,0.0,6.0,95,1020.1,10,19.3,20.4,619.0,7.6,77.0,8.3
2026-03-11 01:00:00,2026,3,11,1,Hưng Yên,Phường Trần Hưng Đạo,20.4492199,106.3229529,53,Moderate,1,17.0,88,0.0,4.7,106,1019.8,57,21.8,22.9,636.0,8.3,73.0,8.3
2026-03-11 02:00:00,2026,3,11,2,Hưng Yên,Phường Trần Hưng Đạo,20.4492199,106.3229529,53,Moderate,1,17.2,88,0.0,2.2,24,1019.3,50,25.3,26.3,670.0,9.5,67.0,8.4
2026-03-11 03:00:00,2026,3,11,3,Hưng Yên,Phường Trần Hưng Đạo,20.4492199,106.3229529,54,Moderate,1,17.1,89,0.0,4.1,337,1019.2,97,30.5,31.7,715.0,11.2,61.0,8.7
2026-03-11 04:00:00,2026,3,11,4,Hưng Yên,Phường Trần Hưng Đạo,20.4492199,106.3229529,56,Moderate,1,17.4,86,0.0,6.7,357,1019.0,70,35.4,36.6,760.0,13.4,54.0,9.8
2026-03-11 05:00:00,2026,3,11,5,Hưng Yên,Phường Trần Hưng Đạo,20.4492199,106.3229529,58,Moderate,1,17.3,84,0.0,7.8,7,1018.9,55,39.6,40.5,819.0,17.1,45.0,12.6
2026-03-11 06:00:00,2026,3,11,6,Hưng Yên,Phường Trần Hưng Đạo,20.4492199,106.3229529,60,Moderate,1,16.8,86,0.0,7.0,4,1019.1,19,42.7,43.4,879.0,21.3,36.0,16.1
2026-03-11 07:00:00,2026,3,11,7,Hưng Yên,Phường Trần Hưng Đạo,20.4492199,106.3229529,63,Moderate,1,17.2,85,0.0,8.3,4,1019.5,100,46.6,46.8,892.0,23.5,37.0,18.4
2026-03-11 08:00:00,2026,3,11,8,Hưng Yên,Phường Trần Hưng Đạo,20.4492199,106.3229529,66,Moderate,1,18.0,82,0.0,8.7,8,1020.1,100,41.9,42.3,819.0,19.9,51.0,16.7
2026-03-11 09:00:00,2026,3,11,9,Hưng Yên,Phường Trần Hưng Đạo,20.4492199,106.3229529,70,Moderate,1,19.0,79,0.0,9.6,13,1020.4,56,33.5,34.0,698.0,14.8,72.0,14.3
2026-03-11 10:00:00,2026,3,11,10,Hưng Yên,Phường Trần Hưng Đạo,20.4492199,106.3229529,72,Moderate,1,20.8,73,0.0,8.0,46,1020.1,98,29.2,29.6,600.0,10.7,89.0,12.2
2026-03-11 11:00:00,2026,3,11,11,Hưng Yên,Phường Trần Hưng Đạo,20.4492199,106.3229529,74,Moderate,1,21.5,70,0.0,5.5,32,1019.4,99,26.7,27.1,553.0,8.5,101.0,10.7
2026-03-11 12:00:00,2026,3,11,12,Hưng Yên,Phường Trần Hưng Đạo,20.4492199,106.3229529,75,Moderate,1,22.0,69,0.0,5.1,32,1017.9,73,26.4,26.7,529.0,7.3,109.0,9.4
2026-03-11 13:00:00,2026,3,11,13,Hưng Yên,Phường Trần Hưng Đạo,20.4492199,106.3229529,77,Moderate,1,21.5,68,0.0,5.4,26,1017.3,100,26.4,26.7,512.0,6.5,117.0,8.6
2026-03-11 14:00:00,2026,3,11,14,Hưng Yên,Phường Trần Hưng Đạo,20.4492199,106.3229529,78,Moderate,1,21.4,70,0.0,6.4,45,1016.3,100,28.2,28.5,493.0,5.8,125.0,8.6
2026-03-11 15:00:00,2026,3,11,15,Hưng Yên,Phường Trần Hưng Đạo,20.4492199,106.3229529,79,Moderate,1,21.1,72,0.1,6.8,72,1015.7,100,30.3,30.6,480.0,5.5,131.0,9.1
2026-03-11 16:00:00,2026,3,11,16,Hưng Yên,Phường Trần Hưng Đạo,20.4492199,106.3229529,80,Moderate,1,20.6,74,0.0,6.9,97,1015.4,100,31.3,31.7,486.0,5.6,134.0,9.2
2026-03-11 17:00:00,2026,3,11,17,Hưng Yên,Phường Trần Hưng Đạo,20.4492199,106.3229529,81,Moderate,1,20.6,73,0.0,5.7,101,1015.3,100,32.8,33.3,525.0,6.3,131.0,8.2
2026-03-11 18:00:00,2026,3,11,18,Hưng Yên,Phường Trần Hưng Đạo,20.4492199,106.3229529,83,Moderate,1,19.5,80,0.0,3.4,93,1015.4,2,35.5,36.0,583.0,7.5,124.0,6.9
2026-03-11 19:00:00,2026,3,11,19,Hưng Yên,Phường Trần Hưng Đạo,20.4492199,106.3229529,85,Moderate,1,20.0,75,0.0,7.0,111,1016.2,14,41.4,41.7,625.0,13.5,107.0,9.4
2026-03-11 20:00:00,2026,3,11,20,Hưng Yên,Phường Trần Hưng Đạo,20.4492199,106.3229529,87,Moderate,1,18.3,83,0.0,5.0,120,1016.9,10,41.3,41.8,638.0,13.5,104.0,9.3
2026-03-11 21:00:00,2026,3,11,21,Hưng Yên,Phường Trần Hưng Đạo,20.4492199,106.3229529,90,Moderate,1,17.5,88,0.0,4.5,85,1017.5,8,41.1,41.7,637.0,13.7,99.0,9.3
2026-03-11 22:00:00,2026,3,11,22,Hưng Yên,Phường Trần Hưng Đạo,20.4492199,106.3229529,92,Moderate,1,17.3,91,0.0,5.5,81,1018.1,6,47.3,48.0,629.0,15.5,92.0,10.1
2026-03-11 23:00:00,2026,3,11,23,Hưng Yên,Phường Trần Hưng Đạo,20.4492199,106.3229529,95,Moderate,1,17.0,92,0.0,5.5,77,1018.0,17,56.8,57.5,610.0,20.4,82.0,12.3
2026-03-12 00:00:00,2026,3,12,0,Hưng Yên,Phường Trần Hưng Đạo,20.4492199,106.3229529,98,Moderate,1,16.9,93,0.0,5.2,76,1017.6,27,67.3,68.5,586.0,26.9,70.0,15.3
2026-03-12 01:00:00,2026,3,12,1,Hưng Yên,Phường Trần Hưng Đạo,20.4492199,106.3229529,103,Unhealthy for Sensitive Groups,2,17.2,91,0.0,4.3,73,1017.8,98,79.4,80.8,576.0,32.2,58.0,17.8
2026-03-12 02:00:00,2026,3,12,2,Hưng Yên,Phường Trần Hưng Đạo,20.4492199,106.3229529,109,Unhealthy for Sensitive Groups,2,18.1,88,0.0,4.2,47,1017.1,100,91.5,92.9,590.0,35.4,47.0,19.2
2026-03-12 03:00:00,2026,3,12,3,Hưng Yên,Phường Trần Hưng Đạo,20.4492199,106.3229529,116,Unhealthy for Sensitive Groups,2,18.5,83,0.0,5.6,45,1016.8,100,100.8,102.2,619.0,37.4,36.0,20.2
2026-03-12 04:00:00,2026,3,12,4,Hưng Yên,Phường Trần Hưng Đạo,20.4492199,106.3229529,123,Unhealthy for Sensitive Groups,2,18.6,81,0.0,5.9,45,1017.0,100,103.1,104.1,660.0,38.5,29.0,21.6
2026-03-12 05:00:00,2026,3,12,5,Hưng Yên,Phường Trần Hưng Đạo,20.4492199,106.3229529,130,Unhealthy for Sensitive Groups,2,18.5,82,0.0,6.5,34,1017.3,100,95.5,95.9,730.0,38.5,27.0,23.5
2026-03-12 06:00:00,2026,3,12,6,Hưng Yên,Phường Trần Hưng Đạo,20.4492199,106.3229529,136,Unhealthy for Sensitive Groups,2,18.5,84,0.0,5.2,20,1018.1,100,89.2,89.6,812.0,37.6,29.0,25.8
2026-03-12 07:00:00,2026,3,12,7,Hưng Yên,Phường Trần Hưng Đạo,20.4492199,106.3229529,141,Unhealthy for Sensitive Groups,2,18.6,86,0.0,6.9,6,1018.9,100,69.4,69.6,851.0,27.6,56.0,25.7
2026-03-12 08:00:00,2026,3,12,8,Hưng Yên,Phường Trần Hưng Đạo,20.4492199,106.3229529,143,Unhealthy for Sensitive Groups,2,19.4,83,0.0,7.6,15,1019.7,100,69.8,70.3,813.0,25.8,66.0,26.1
2026-03-12 09:00:00,2026,3,12,9,Hưng Yên,Phường Trần Hưng Đạo,20.4492199,106.3229529,146,Unhealthy for Sensitive Groups,2,20.5,76,0.0,9.1,27,1020.2,100,61.2,61.7,732.0,23.2,81.0,26.5
2026-03-12 10:00:00,2026,3,12,10,Hưng Yên,Phường Trần Hưng Đạo,20.4492199,106.3229529,149,Unhealthy for Sensitive Groups,2,21.4,67,0.0,10.7,42,1020.3,100,46.8,47.1,653.0,19.8,97.0,24.9
2026-03-12 11:00:00,2026,3,12,11,Hưng Yên,Phường Trần Hưng Đạo,20.4492199,106.3229529,150,Unhealthy for Sensitive Groups,2,22.4,60,0.0,13.6,54,1019.5,97,37.5,37.8,587.0,14.8,115.0,19.6
2026-03-12 12:00:00,2026,3,12,12,Hưng Yên,Phường Trần Hưng Đạo,20.4492199,106.3229529,150,Unhealthy for Sensitive Groups,2,23.1,56,0.0,13.4,58,1018.2,88,32.2,32.6,523.0,9.0,135.0,12.4
2026-03-12 13:00:00,2026,3,12,13,Hưng Yên,Phường Trần Hưng Đạo,20.4492199,106.3229529,151,Unhealthy,3,23.1,53,0.0,12.7,60,1017.5,97,30.5,30.9,476.0,4.7,149.0,7.1
2026-03-12 14:00:00,2026,3,12,14,Hưng Yên,Phường Trần Hưng Đạo,20.4492199,106.3229529,151,Unhealthy,3,23.6,51,0.0,12.0,66,1016.6,95,30.4,30.9,450.0,2.7,154.0,5.4
2026-03-12 15:00:00,2026,3,12,15,Hưng Yên,Phường Trần Hưng Đạo,20.4492199,106.3229529,151,Unhealthy,3,23.3,53,0.0,13.9,70,1016.0,99,30.4,30.9,441.0,2.2,153.0,5.6
2026-03-12 16:00:00,2026,3,12,16,Hưng Yên,Phường Trần Hưng Đạo,20.4492199,106.3229529,151,Unhealthy,3,22.2,58,0.0,14.3,83,1015.7,34,29.7,30.5,451.0,2.8,148.0,6.1
2026-03-12 17:00:00,2026,3,12,17,Hưng Yên,Phường Trần Hưng Đạo,20.4492199,106.3229529,151,Unhealthy,3,21.5,63,0.0,12.1,80,1015.4,27,29.7,30.6,487.0,4.6,138.0,6.3
2026-03-12 18:00:00,2026,3,12,18,Hưng Yên,Phường Trần Hưng Đạo,20.4492199,106.3229529,151,Unhealthy,3,19.9,71,0.0,8.1,87,1015.7,4,32.6,33.4,543.0,7.5,124.0,6.9
2026-03-12 19:00:00,2026,3,12,19,Hưng Yên,Phường Trần Hưng Đạo,20.4492199,106.3229529,151,Unhealthy,3,19.1,77,0.0,5.2,92,1017.1,10,36.9,37.6,601.0,9.7,112.0,7.2
2026-03-12 20:00:00,2026,3,12,20,Hưng Yên,Phường Trần Hưng Đạo,20.4492199,106.3229529,150,Unhealthy for Sensitive Groups,2,18.4,83,0.0,4.5,92,1017.6,4,40.5,41.4,664.0,11.3,106.0,8.5
2026-03-12 21:00:00,2026,3,12,21,Hưng Yên,Phường Trần Hưng Đạo,20.4492199,106.3229529,150,Unhealthy for Sensitive Groups,2,18.1,83,0.0,1.8,96,1017.9,0,44.8,46.1,729.0,13.6,98.0,10.4
2026-03-12 22:00:00,2026,3,12,22,Hưng Yên,Phường Trần Hưng Đạo,20.4492199,106.3229529,150,Unhealthy for Sensitive Groups,2,17.8,85,0.0,2.2,66,1018.4,0,54.8,56.3,768.0,16.3,89.0,12.1
2026-03-12 23:00:00,2026,3,12,23,Hưng Yên,Phường Trần Hưng Đạo,20.4492199,106.3229529,151,Unhealthy,3,17.2,88,0.0,2.6,51,1018.8,4,67.3,68.9,764.0,19.8,77.0,13.3
2026-03-13 00:00:00,2026,3,13,0,Hưng Yên,Phường Trần Hưng Đạo,20.4492199,106.3229529,151,Unhealthy,3,16.9,90,0.0,3.9,28,1018.8,8,75.9,77.5,735.0,23.8,64.0,14.4
2026-03-13 01:00:00,2026,3,13,1,Hưng Yên,Phường Trần Hưng Đạo,20.4492199,106.3229529,151,Unhealthy,3,17.1,91,0.0,5.3,28,1018.7,15,76.8,78.2,706.0,26.5,55.0,15.6
2026-03-13 02:00:00,2026,3,13,2,Hưng Yên,Phường Trần Hưng Đạo,20.4492199,106.3229529,151,Unhealthy,3,17.1,91,0.0,5.6,40,1018.5,24,73.8,75.0,680.0,26.8,53.0,17.1
2026-03-13 03:00:00,2026,3,13,3,Hưng Yên,Phường Trần Hưng Đạo,20.4492199,106.3229529,151,Unhealthy,3,17.3,91,0.0,7.3,36,1018.2,36,71.5,72.6,655.0,25.9,55.0,18.9
2026-03-13 04:00:00,2026,3,13,4,Hưng Yên,Phường Trần Hưng Đạo,20.4492199,106.3229529,150,Unhealthy for Sensitive Groups,2,17.1,92,0.0,6.9,31,1018.1,100,71.2,72.4,647.0,25.5,56.0,20.8
2026-03-13 05:00:00,2026,3,13,5,Hưng Yên,Phường Trần Hưng Đạo,20.4492199,106.3229529,147,Unhealthy for Sensitive Groups,2,17.2,91,0.0,8.1,39,1018.4,100,73.3,74.5,683.0,27.0,52.0,23.6
2026-03-13 06:00:00,2026,3,13,6,Hưng Yên,Phường Trần Hưng Đạo,20.4492199,106.3229529,144,Unhealthy for Sensitive Groups,2,17.4,87,0.0,6.9,37,1019.3,100,76.4,77.5,736.0,29.1,47.0,26.7
2026-03-13 07:00:00,2026,3,13,7,Hưng Yên,Phường Trần Hưng Đạo,20.4492199,106.3229529,143,Unhealthy for Sensitive Groups,2,18.1,85,0.0,8.9,21,1020.0,51,77.5,78.7,749.0,26.9,54.0,23.1
2026-03-13 08:00:00,2026,3,13,8,Hưng Yên,Phường Trần Hưng Đạo,20.4492199,106.3229529,144,Unhealthy for Sensitive Groups,2,19.4,81,0.0,8.3,14,1020.5,16,74.5,75.4,685.0,22.1,75.0,20.6
2026-03-13 09:00:00,2026,3,13,9,Hưng Yên,Phường Trần Hưng Đạo,20.4492199,106.3229529,144,Unhealthy for Sensitive Groups,2,21.4,72,0.0,10.2,21,1020.9,12,55.8,57.0,580.0,15.3,104.0,17.1
2026-03-13 10:00:00,2026,3,13,10,Hưng Yên,Phường Trần Hưng Đạo,20.4492199,106.3229529,144,Unhealthy for Sensitive Groups,2,23.0,62,0.0,11.5,34,1021.0,12,34.7,36.3,485.0,9.6,128.0,13.8
2026-03-13 11:00:00,2026,3,13,11,Hưng Yên,Phường Trần Hưng Đạo,20.4492199,106.3229529,142,Unhealthy for Sensitive Groups,2,24.0,56,0.0,14.2,63,1020.4,10,26.0,27.5,415.0,5.9,143.0,11.0
2026-03-13 12:00:00,2026,3,13,12,Hưng Yên,Phường Trần Hưng Đạo,20.4492199,106.3229529,141,Unhealthy for Sensitive Groups,2,24.5,52,0.0,16.7,69,1019.3,10,20.4,22.1,356.0,3.3,154.0,8.4
2026-03-13 13:00:00,2026,3,13,13,Hưng Yên,Phường Trần Hưng Đạo,20.4492199,106.3229529,140,Unhealthy for Sensitive Groups,2,24.1,50,0.0,18.9,82,1018.8,31,18.2,20.1,316.0,1.7,161.0,6.5
2026-03-13 14:00:00,2026,3,13,14,Hưng Yên,Phường Trần Hưng Đạo,20.4492199,106.3229529,139,Unhealthy for Sensitive Groups,2,23.6,53,0.0,20.3,82,1017.7,100,19.0,21.4,302.0,1.2,165.0,5.7
2026-03-13 15:00:00,2026,3,13,15,Hưng Yên,Phường Trần Hưng Đạo,20.4492199,106.3229529,137,Unhealthy for Sensitive Groups,2,22.5,59,0.0,20.2,81,1017.0,63,19.6,22.1,307.0,1.8,165.0,5.6
2026-03-13 16:00:00,2026,3,13,16,Hưng Yên,Phường Trần Hưng Đạo,20.4492199,106.3229529,136,Unhealthy for Sensitive Groups,2,22.3,62,0.0,17.9,81,1017.1,47,20.3,22.9,317.0,2.9,163.0,5.8
2026-03-13 17:00:00,2026,3,13,17,Hưng Yên,Phường Trần Hưng Đạo,20.4492199,106.3229529,135,Unhealthy for Sensitive Groups,2,21.4,69,0.0,16.2,81,1017.0,63,22.9,25.8,332.0,4.8,157.0,6.4
2026-03-13 18:00:00,2026,3,13,18,Hưng Yên,Phường Trần Hưng Đạo,20.4492199,106.3229529,135,Unhealthy for Sensitive Groups,2,20.4,77,0.0,10.8,75,1017.3,38,26.1,28.9,352.0,7.3,149.0,7.3
2026-03-13 19:00:00,2026,3,13,19,Hưng Yên,Phường Trần Hưng Đạo,20.4492199,106.3229529,134,Unhealthy for Sensitive Groups,2,20.3,79,0.0,10.4,72,1018.3,100,25.7,28.1,367.0,8.0,129.0,7.3
2026-03-13 20:00:00,2026,3,13,20,Hưng Yên,Phường Trần Hưng Đạo,20.4492199,106.3229529,133,Unhealthy for Sensitive Groups,2,20.4,77,0.0,11.4,74,1018.8,100,25.7,28.3,374.0,7.5,128.0,7.1
2026-03-13 21:00:00,2026,3,13,21,Hưng Yên,Phường Trần Hưng Đạo,20.4492199,106.3229529,131,Unhealthy for Sensitive Groups,2,20.4,77,0.0,10.8,69,1019.6,100,25.8,29.0,375.0,6.8,127.0,6.7
2026-03-13 22:00:00,2026,3,13,22,Hưng Yên,Phường Trần Hưng Đạo,20.4492199,106.3229529,129,Unhealthy for Sensitive Groups,2,20.2,79,0.0,11.1,78,1019.8,100,26.5,30.6,364.0,6.1,125.0,6.2
2026-03-13 23:00:00,2026,3,13,23,Hưng Yên,Phường Trần Hưng Đạo,20.4492199,106.3229529,126,Unhealthy for Sensitive Groups,2,20.2,80,0.0,11.5,80,1019.6,100,27.1,31.7,333.0,5.4,123.0,5.5
2026-03-14 00:00:00,2026,3,14,0,Hưng Yên,Phường Trần Hưng Đạo,20.4492199,106.3229529,122,Unhealthy for Sensitive Groups,2,20.1,82,0.0,11.9,87,1019.2,100,24.4,28.9,291.0,4.8,120.0,4.6
2026-03-14 01:00:00,2026,3,14,1,Hưng Yên,Phường Trần Hưng Đạo,20.4492199,106.3229529,117,Unhealthy for Sensitive Groups,2,19.8,86,0.0,10.7,76,1019.1,100,23.1,27.5,258.0,4.4,118.0,4.0
2026-03-14 02:00:00,2026,3,14,2,Hưng Yên,Phường Trần Hưng Đạo,20.4492199,106.3229529,111,Unhealthy for Sensitive Groups,2,20.0,84,0.0,11.1,78,1018.4,100,24.9,29.8,242.0,4.3,116.0,3.8
2026-03-14 03:00:00,2026,3,14,3,Hưng Yên,Phường Trần Hưng Đạo,20.4492199,106.3229529,106,Unhealthy for Sensitive Groups,2,20.0,84,0.0,12.0,81,1018.1,99,22.5,27.1,236.0,4.3,115.0,3.9
2026-03-14 04:00:00,2026,3,14,4,Hưng Yên,Phường Trần Hưng Đạo,20.4492199,106.3229529,101,Unhealthy for Sensitive Groups,2,20.0,84,0.0,11.4,87,1018.3,100,19.0,22.8,239.0,4.6,114.0,4.1
2026-03-14 05:00:00,2026,3,14,5,Hưng Yên,Phường Trần Hưng Đạo,20.4492199,106.3229529,96,Moderate,1,20.0,83,0.0,12.1,89,1018.3,100,18.8,22.8,258.0,5.4,112.0,4.5
2026-03-14 06:00:00,2026,3,14,6,Hưng Yên,Phường Trần Hưng Đạo,20.4492199,106.3229529,91,Moderate,1,20.2,82,0.0,11.7,89,1019.1,100,17.7,21.5,287.0,6.4,109.0,5.0
2026-03-14 07:00:00,2026,3,14,7,Hưng Yên,Phường Trần Hưng Đạo,20.4492199,106.3229529,86,Moderate,1,20.4,81,0.0,14.2,77,1019.6,100,17.7,21.2,302.0,6.2,112.0,4.7
2026-03-14 08:00:00,2026,3,14,8,Hưng Yên,Phường Trần Hưng Đạo,20.4492199,106.3229529,81,Moderate,1,21.2,78,0.0,13.6,78,1020.4,80,17.3,21.3,289.0,5.1,115.0,4.1
2026-03-14 09:00:00,2026,3,14,9,Hưng Yên,Phường Trần Hưng Đạo,20.4492199,106.3229529,76,Moderate,1,22.1,73,0.0,18.3,84,1021.0,75,15.8,20.4,262.0,3.7,120.0,3.2
2026-03-14 10:00:00,2026,3,14,10,Hưng Yên,Phường Trần Hưng Đạo,20.4492199,106.3229529,72,Moderate,1,22.6,70,0.1,18.7,89,1021.1,100,14.8,19.2,246.0,2.6,124.0,2.6
2026-03-14 11:00:00,2026,3,14,11,Hưng Yên,Phường Trần Hưng Đạo,20.4492199,106.3229529,71,Moderate,1,22.5,71,0.2,18.9,92,1020.9,100,14.7,19.4,252.0,2.3,125.0,2.5
2026-03-14 12:00:00,2026,3,14,12,Hưng Yên,Phường Trần Hưng Đạo,20.4492199,106.3229529,70,Moderate,1,22.7,70,0.2,18.9,92,1019.8,100,15.1,20.0,268.0,2.3,125.0,2.6
2026-03-14 13:00:00,2026,3,14,13,Hưng Yên,Phường Trần Hưng Đạo,20.4492199,106.3229529,69,Moderate,1,23.6,62,0.1,20.3,96,1019.2,75,15.6,20.7,279.0,2.4,126.0,2.7
2026-03-14 14:00:00,2026,3,14,14,Hưng Yên,Phường Trần Hưng Đạo,20.4492199,106.3229529,70,Moderate,1,24.0,61,0.0,18.4,100,1018.2,30,15.9,21.1,274.0,2.2,129.0,2.7
2026-03-14 15:00:00,2026,3,14,15,Hưng Yên,Phường Trần Hưng Đạo,20.4492199,106.3229529,74,Moderate,1,23.8,62,0.0,16.3,101,1017.7,45,16.1,21.4,263.0,2.1,132.0,2.8
2026-03-14 16:00:00,2026,3,14,16,Hưng Yên,Phường Trần Hưng Đạo,20.4492199,106.3229529,78,Moderate,1,22.8,67,0.0,15.9,96,1017.2,35,16.7,21.9,263.0,2.6,133.0,3.0
2026-03-14 17:00:00,2026,3,14,17,Hưng Yên,Phường Trần Hưng Đạo,20.4492199,106.3229529,82,Moderate,1,21.9,71,0.0,14.5,95,1017.1,20,17.8,22.8,284.0,4.3,131.0,3.6
2026-03-14 18:00:00,2026,3,14,18,Hưng Yên,Phường Trần Hưng Đạo,20.4492199,106.3229529,85,Moderate,1,20.6,79,0.0,10.5,93,1017.6,5,20.0,24.3,316.0,6.6,128.0,4.4
2026-03-14 19:00:00,2026,3,14,19,Hưng Yên,Phường Trần Hưng Đạo,20.4492199,106.3229529,85,Moderate,1,20.5,81,0.0,7.7,79,1018.6,30,24.4,28.5,338.0,9.7,111.0,5.5
2026-03-14 20:00:00,2026,3,14,20,Hưng Yên,Phường Trần Hưng Đạo,20.4492199,106.3229529,82,Moderate,1,20.4,82,0.0,8.7,83,1019.2,23,26.3,30.3,343.0,9.7,109.0,5.6
2026-03-14 21:00:00,2026,3,14,21,Hưng Yên,Phường Trần Hưng Đạo,20.4492199,106.3229529,79,Moderate,1,20.2,83,0.0,9.2,86,1019.6,59,27.1,31.0,339.0,9.7,106.0,5.8
2026-03-14 22:00:00,2026,3,14,22,Hưng Yên,Phường Trần Hưng Đạo,20.4492199,106.3229529,75,Moderate,1,20.1,85,0.0,7.4,77,1019.9,100,30.2,34.3,332.0,9.9,103.0,5.8
2026-03-14 23:00:00,2026,3,14,23,Hưng Yên,Phường Trần Hưng Đạo,20.4492199,106.3229529,69,Moderate,1,20.4,84,0.0,7.2,77,1019.9,100,32.1,36.2,324.0,10.4,99.0,5.4
2026-03-15 00:00:00,2026,3,15,0,Hưng Yên,Phường Trần Hưng Đạo,20.4492199,106.3229529,68,Moderate,1,20.5,82,0.0,9.0,87,1019.1,100,31.5,35.6,313.0,11.1,94.0,4.9
2026-03-15 01:00:00,2026,3,15,1,Hưng Yên,Phường Trần Hưng Đạo,20.4492199,106.3229529,68,Moderate,1,19.5,89,0.0,5.2,84,1018.6,9,31.9,36.2,300.0,12.0,89.0,4.8
2026-03-15 02:00:00,2026,3,15,2,Hưng Yên,Phường Trần Hưng Đạo,20.4492199,106.3229529,69,Moderate,1,19.5,89,0.0,5.3,66,1018.1,20,34.8,39.3,279.0,13.1,83.0,5.2
2026-03-15 03:00:00,2026,3,15,3,Hưng Yên,Phường Trần Hưng Đạo,20.4492199,106.3229529,70,Moderate,1,19.3,90,0.0,6.5,51,1017.8,27,40.2,45.1,256.0,14.3,75.0,5.9
2026-03-15 04:00:00,2026,3,15,4,Hưng Yên,Phường Trần Hưng Đạo,20.4492199,106.3229529,72,Moderate,1,18.9,93,0.1,4.5,40,1018.0,65,37.7,42.4,246.0,15.6,69.0,7.0
2026-03-15 05:00:00,2026,3,15,5,Hưng Yên,Phường Trần Hưng Đạo,20.4492199,106.3229529,73,Moderate,1,19.2,93,0.1,4.4,55,1018.5,64,36.2,40.6,265.0,17.7,62.0,8.9
2026-03-15 06:00:00,2026,3,15,6,Hưng Yên,Phường Trần Hưng Đạo,20.4492199,106.3229529,75,Moderate,1,19.0,95,0.1,3.4,72,1018.8,80,37.3,41.0,297.0,19.9,55.0,11.1
2026-03-15 07:00:00,2026,3,15,7,Hưng Yên,Phường Trần Hưng Đạo,20.4492199,106.3229529,77,Moderate,1,20.3,93,0.2,8.6,64,1019.1,40,51.0,56.0,314.0,20.4,52.0,11.2
2026-03-15 08:00:00,2026,3,15,8,Hưng Yên,Phường Trần Hưng Đạo,20.4492199,106.3229529,79,Moderate,1,21.9,86,0.0,12.3,84,1019.6,37,36.8,42.5,300.0,15.5,71.0,9.5
2026-03-15 09:00:00,2026,3,15,9,Hưng Yên,Phường Trần Hưng Đạo,20.4492199,106.3229529,81,Moderate,1,23.1,78,0.1,13.8,83,1020.3,40,27.5,33.9,271.0,8.7,97.0,7.1
2026-03-15 10:00:00,2026,3,15,10,Hưng Yên,Phường Trần Hưng Đạo,20.4492199,106.3229529,82,Moderate,1,24.0,74,0.0,10.6,86,1020.7,66,23.7,29.9,248.0,3.5,116.0,5.2
2026-03-15 11:00:00,2026,3,15,11,Hưng Yên,Phường Trần Hưng Đạo,20.4492199,106.3229529,83,Moderate,1,24.4,71,0.0,10.8,80,1019.9,67,22.8,28.8,238.0,1.6,123.0,4.1
2026-03-15 12:00:00,2026,3,15,12,Hưng Yên,Phường Trần Hưng Đạo,20.4492199,106.3229529,84,Moderate,1,24.0,72,0.2,12.2,82,1018.5,98,22.3,28.2,233.0,1.3,123.0,3.4
2026-03-15 13:00:00,2026,3,15,13,Hưng Yên,Phường Trần Hưng Đạo,20.4492199,106.3229529,84,Moderate,1,22.3,78,0.1,15.2,96,1018.3,98,22.1,27.8,231.0,1.4,123.0,3.0
2026-03-15 14:00:00,2026,3,15,14,Hưng Yên,Phường Trần Hưng Đạo,20.4492199,106.3229529,85,Moderate,1,23.9,71,0.2,15.3,109,1017.1,67,19.8,25.1,229.0,1.1,124.0,2.8
2026-03-15 15:00:00,2026,3,15,15,Hưng Yên,Phường Trần Hưng Đạo,20.4492199,106.3229529,85,Moderate,1,23.8,72,0.3,14.7,98,1016.1,95,19.8,25.1,228.0,1.2,124.0,2.9
2026-03-15 16:00:00,2026,3,15,16,Hưng Yên,Phường Trần Hưng Đạo,20.4492199,106.3229529,86,Moderate,1,23.4,73,0.1,14.5,96,1015.7,77,19.3,24.6,233.0,2.1,121.0,3.2
2026-03-15 17:00:00,2026,3,15,17,Hưng Yên,Phường Trần Hưng Đạo,20.4492199,106.3229529,86,Moderate,1,23.0,75,0.0,14.5,102,1015.4,82,19.3,24.3,245.0,4.4,114.0,3.9
2026-03-15 18:00:00,2026,3,15,18,Hưng Yên,Phường Trần Hưng Đạo,20.4492199,106.3229529,86,Moderate,1,21.9,81,0.0,12.7,113,1015.8,53,20.9,25.2,262.0,7.6,105.0,4.9
2026-03-15 19:00:00,2026,3,15,19,Hưng Yên,Phường Trần Hưng Đạo,20.4492199,106.3229529,86,Moderate,1,21.0,93,0.0,11.0,87,1016.3,34,31.3,35.6,282.0,12.7,80.0,6.6
2026-03-15 20:00:00,2026,3,15,20,Hưng Yên,Phường Trần Hưng Đạo,20.4492199,106.3229529,87,Moderate,1,20.7,93,0.0,9.6,106,1017.1,16,33.5,37.8,309.0,13.6,78.0,7.0
2026-03-15 21:00:00,2026,3,15,21,Hưng Yên,Phường Trần Hưng Đạo,20.4492199,106.3229529,87,Moderate,1,20.4,95,0.0,8.7,107,1017.5,15,32.9,37.5,340.0,14.8,75.0,7.6
2026-03-15 22:00:00,2026,3,15,22,Hưng Yên,Phường Trần Hưng Đạo,20.4492199,106.3229529,88,Moderate,1,20.0,95,0.0,5.2,96,1018.0,21,34.9,39.7,359.0,15.7,73.0,7.9
2026-03-15 23:00:00,2026,3,15,23,Hưng Yên,Phường Trần Hưng Đạo,20.4492199,106.3229529,88,Moderate,1,20.0,96,0.0,7.2,108,1017.7,18,37.5,42.4,359.0,15.7,73.0,7.5
2026-03-16 00:00:00,2026,3,16,0,Hưng Yên,Phường Trần Hưng Đạo,20.4492199,106.3229529,89,Moderate,1,19.9,96,0.0,6.6,123,1017.4,13,35.3,40.2,348.0,15.4,74.0,6.8
2026-03-16 01:00:00,2026,3,16,1,Hưng Yên,Phường Trần Hưng Đạo,20.4492199,106.3229529,89,Moderate,1,19.9,97,0.0,5.4,124,1016.5,32,34.8,39.8,332.0,16.2,73.0,6.2
2026-03-16 02:00:00,2026,3,16,2,Hưng Yên,Phường Trần Hưng Đạo,20.4492199,106.3229529,89,Moderate,1,19.8,97,0.0,5.4,120,1015.9,13,42.6,48.0,308.0,19.5,66.0,5.8
2026-03-16 03:00:00,2026,3,16,3,Hưng Yên,Phường Trần Hưng Đạo,20.4492199,106.3229529,90,Moderate,1,19.2,97,0.0,4.6,138,1015.2,9,67.3,71.9,280.0,23.9,57.0,5.5
2026-03-16 04:00:00,2026,3,16,4,Hưng Yên,Phường Trần Hưng Đạo,20.4492199,106.3229529,92,Moderate,1,19.0,97,0.0,4.0,150,1015.0,14,82.7,87.1,266.0,26.5,50.0,5.1
2026-03-16 05:00:00,2026,3,16,5,Hưng Yên,Phường Trần Hưng Đạo,20.4492199,106.3229529,96,Moderate,1,18.6,98,0.0,4.9,141,1014.9,20,91.3,95.7,284.0,26.0,45.0,4.3
2026-03-16 06:00:00,2026,3,16,6,Hưng Yên,Phường Trần Hưng Đạo,20.4492199,106.3229529,102,Unhealthy for Sensitive Groups,2,19.0,97,0.0,4.1,124,1015.5,38,95.9,99.7,317.0,23.6,43.0,3.4
2026-03-16 07:00:00,2026,3,16,7,Hưng Yên,Phường Trần Hưng Đạo,20.4492199,106.3229529,108,Unhealthy for Sensitive Groups,2,20.0,97,0.0,4.8,103,1016.4,10,43.3,48.3,330.0,20.0,67.0,10.0
2026-03-16 08:00:00,2026,3,16,8,Hưng Yên,Phường Trần Hưng Đạo,20.4492199,106.3229529,107,Unhealthy for Sensitive Groups,2,21.9,90,0.0,4.8,115,1017.1,32,24.5,30.2,304.0,14.9,80.0,8.0
2026-03-16 09:00:00,2026,3,16,9,Hưng Yên,Phường Trần Hưng Đạo,20.4492199,106.3229529,106,Unhealthy for Sensitive Groups,2,23.2,80,0.1,8.6,158,1017.8,100,19.6,25.1,259.0,7.9,98.0,5.2
2026-03-16 10:00:00,2026,3,16,10,Hưng Yên,Phường Trần Hưng Đạo,20.4492199,106.3229529,105,Unhealthy for Sensitive Groups,2,23.6,77,0.5,13.4,175,1017.7,66,15.5,20.5,223.0,2.6,111.0,3.0
2026-03-16 11:00:00,2026,3,16,11,Hưng Yên,Phường Trần Hưng Đạo,20.4492199,106.3229529,104,Unhealthy for Sensitive Groups,2,23.8,77,0.3,14.1,169,1017.0,41,13.5,18.0,207.0,0.9,115.0,2.0
2026-03-16 12:00:00,2026,3,16,12,Hưng Yên,Phường Trần Hưng Đạo,20.4492199,106.3229529,103,Unhealthy for Sensitive Groups,2,24.8,70,0.2,16.0,171,1015.8,39,13.0,17.3,200.0,0.9,113.0,1.7
2026-03-16 13:00:00,2026,3,16,13,Hưng Yên,Phường Trần Hưng Đạo,20.4492199,106.3229529,102,Unhealthy for Sensitive Groups,2,24.4,70,0.3,16.8,168,1015.4,51,11.4,15.5,196.0,1.2,112.0,1.5
2026-03-16 14:00:00,2026,3,16,14,Hưng Yên,Phường Trần Hưng Đạo,20.4492199,106.3229529,101,Unhealthy for Sensitive Groups,2,24.9,66,0.1,16.3,167,1014.5,32,11.0,15.0,191.0,1.1,112.0,1.3
2026-03-16 15:00:00,2026,3,16,15,Hưng Yên,Phường Trần Hưng Đạo,20.4492199,106.3229529,100,Moderate,1,24.6,68,0.0,18.3,165,1013.2,42,11.0,15.1,188.0,1.2,112.0,1.3
2026-03-16 16:00:00,2026,3,16,16,Hưng Yên,Phường Trần Hưng Đạo,20.4492199,106.3229529,99,Moderate,1,23.9,71,0.0,16.7,156,1012.6,43,11.5,15.8,191.0,1.7,110.0,1.5
2026-03-16 17:00:00,2026,3,16,17,Hưng Yên,Phường Trần Hưng Đạo,20.4492199,106.3229529,98,Moderate,1,23.2,72,0.0,14.7,160,1012.3,16,12.5,17.1,205.0,3.0,106.0,2.0
2026-03-16 18:00:00,2026,3,16,18,Hưng Yên,Phường Trần Hưng Đạo,20.4492199,106.3229529,98,Moderate,1,22.0,78,0.0,12.0,162,1012.5,1,13.7,17.7,224.0,4.7,102.0,2.6
2026-03-16 19:00:00,2026,3,16,19,Hưng Yên,Phường Trần Hưng Đạo,20.4492199,106.3229529,97,Moderate,1,22.2,80,0.0,14.0,151,1012.6,8,17.6,22.0,240.0,6.6,98.0,3.3
2026-03-16 20:00:00,2026,3,16,20,Hưng Yên,Phường Trần Hưng Đạo,20.4492199,106.3229529,96,Moderate,1,22.0,81,0.0,13.9,151,1013.4,5,19.1,23.3,250.0,6.8,96.0,3.6
2026-03-16 21:00:00,2026,3,16,21,Hưng Yên,Phường Trần Hưng Đạo,20.4492199,106.3229529,95,Moderate,1,21.6,84,0.0,12.3,143,1014.2,3,20.4,24.6,256.0,7.2,93.0,4.0
2026-03-16 22:00:00,2026,3,16,22,Hưng Yên,Phường Trần Hưng Đạo,20.4492199,106.3229529,94,Moderate,1,21.0,88,0.0,11.4,141,1014.8,1,21.7,25.8,255.0,7.4,90.0,4.1
2026-03-16 23:00:00,2026,3,16,23,Hưng Yên,Phường Trần Hưng Đạo,20.4492199,106.3229529,92,Moderate,1,20.6,91,0.0,10.4,146,1014.8,0,22.5,26.6,240.0,7.4,88.0,3.8
2026-03-17 00:00:00,2026,3,17,0,Hưng Yên,Phường Trần Hưng Đạo,20.4492199,106.3229529,91,Moderate,1,20.5,93,0.0,11.4,149,1014.2,0,22.1,26.3,218.0,7.3,85.0,3.2
2026-03-17 01:00:00,2026,3,17,1,Hưng Yên,Phường Trần Hưng Đạo,20.4492199,106.3229529,90,Moderate,1,20.7,93,0.0,10.8,144,1013.5,0,22.0,26.1,201.0,7.3,83.0,2.8
2026-03-17 02:00:00,2026,3,17,2,Hưng Yên,Phường Trần Hưng Đạo,20.4492199,106.3229529,89,Moderate,1,20.5,94,0.0,10.8,148,1013.1,0,22.4,26.5,194.0,7.5,81.0,2.7
2026-03-17 03:00:00,2026,3,17,3,Hưng Yên,Phường Trần Hưng Đạo,20.4492199,106.3229529,87,Moderate,1,20.3,94,0.0,9.8,148,1012.3,3,22.9,27.0,194.0,7.8,79.0,2.8
2026-03-17 04:00:00,2026,3,17,4,Hưng Yên,Phường Trần Hưng Đạo,20.4492199,106.3229529,83,Moderate,1,20.1,95,0.0,9.8,148,1012.3,15,23.6,27.8,201.0,8.2,77.0,3.2
2026-03-17 05:00:00,2026,3,17,5,Hưng Yên,Phường Trần Hưng Đạo,20.4492199,106.3229529,78,Moderate,1,20.0,95,0.0,8.8,154,1012.8,38,24.3,28.6,226.0,9.2,74.0,4.1
2026-03-17 06:00:00,2026,3,17,6,Hưng Yên,Phường Trần Hưng Đạo,20.4492199,106.3229529,72,Moderate,1,20.1,95,0.0,9.3,155,1013.3,49,24.3,28.5,260.0,10.4,71.0,5.2
2026-03-17 07:00:00,2026,3,17,7,Hưng Yên,Phường Trần Hưng Đạo,20.4492199,106.3229529,66,Moderate,1,21.4,93,0.0,11.4,152,1014.0,5,21.9,26.1,274.0,8.9,77.0,4.5
2026-03-17 08:00:00,2026,3,17,8,Hưng Yên,Phường Trần Hưng Đạo,20.4492199,106.3229529,64,Moderate,1,23.2,84,0.0,14.3,166,1014.5,21,16.1,21.2,249.0,6.9,83.0,3.7
2026-03-17 09:00:00,2026,3,17,9,Hưng Yên,Phường Trần Hưng Đạo,20.4492199,106.3229529,63,Moderate,1,24.4,75,0.0,18.6,171,1015.2,27,12.8,17.3,205.0,4.1,91.0,2.5
2026-03-17 10:00:00,2026,3,17,10,Hưng Yên,Phường Trần Hưng Đạo,20.4492199,106.3229529,62,Moderate,1,25.1,69,0.0,20.5,173,1015.1,44,11.1,15.7,171.0,2.0,97.0,1.7
2026-03-17 11:00:00,2026,3,17,11,Hưng Yên,Phường Trần Hưng Đạo,20.4492199,106.3229529,62,Moderate,1,25.7,66,0.1,20.8,175,1014.5,74,10.6,15.0,162.0,1.3,100.0,1.4
2026-03-17 12:00:00,2026,3,17,12,Hưng Yên,Phường Trần Hưng Đạo,20.4492199,106.3229529,62,Moderate,1,26.0,65,0.0,20.8,175,1013.6,36,10.1,14.2,163.0,1.2,100.0,1.4
2026-03-17 13:00:00,2026,3,17,13,Hưng Yên,Phường Trần Hưng Đạo,20.4492199,106.3229529,61,Moderate,1,26.0,62,0.0,18.7,172,1012.9,84,9.8,13.8,165.0,1.3,100.0,1.5
2026-03-17 14:00:00,2026,3,17,14,Hưng Yên,Phường Trần Hưng Đạo,20.4492199,106.3229529,61,Moderate,1,25.7,63,0.0,18.9,170,1012.1,30,10.5,14.8,162.0,1.3,99.0,1.5
2026-03-17 15:00:00,2026,3,17,15,Hưng Yên,Phường Trần Hưng Đạo,20.4492199,106.3229529,61,Moderate,1,25.4,62,0.0,19.1,169,1011.3,83,10.1,14.2,159.0,1.4,97.0,1.5
2026-03-17 16:00:00,2026,3,17,16,Hưng Yên,Phường Trần Hưng Đạo,20.4492199,106.3229529,61,Moderate,1,24.7,66,0.0,19.2,163,1010.7,84,10.1,14.1,161.0,1.9,95.0,1.6
2026-03-17 17:00:00,2026,3,17,17,Hưng Yên,Phường Trần Hưng Đạo,20.4492199,106.3229529,61,Moderate,1,24.0,70,0.0,18.5,158,1010.8,28,10.6,14.8,174.0,3.2,91.0,2.0
2026-03-17 18:00:00,2026,3,17,18,Hưng Yên,Phường Trần Hưng Đạo,20.4492199,106.3229529,61,Moderate,1,22.8,81,0.0,15.3,150,1011.1,6,11.5,15.0,193.0,4.8,87.0,2.5
2026-03-17 19:00:00,2026,3,17,19,Hưng Yên,Phường Trần Hưng Đạo,20.4492199,106.3229529,61,Moderate,1,22.9,84,0.0,12.2,151,1011.5,4,16.6,21.0,207.0,6.9,81.0,3.2
2026-03-17 20:00:00,2026,3,17,20,Hưng Yên,Phường Trần Hưng Đạo,20.4492199,106.3229529,61,Moderate,1,22.4,87,0.0,11.7,142,1012.3,1,17.4,21.7,214.0,6.7,80.0,3.3
2026-03-17 21:00:00,2026,3,17,21,Hưng Yên,Phường Trần Hưng Đạo,20.4492199,106.3229529,60,Moderate,1,22.0,88,0.0,13.6,151,1013.0,2,17.8,21.9,216.0,6.5,78.0,3.3
2026-03-17 22:00:00,2026,3,17,22,Hưng Yên,Phường Trần Hưng Đạo,20.4492199,106.3229529,60,Moderate,1,22.0,88,0.0,13.9,156,1013.2,0,17.3,21.3,216.0,6.3,76.0,3.3
2026-03-17 23:00:00,2026,3,17,23,Hưng Yên,Phường Trần Hưng Đạo,20.4492199,106.3229529,60,Moderate,1,21.5,90,0.0,8.5,162,1013.5,0,16.6,20.4,214.0,6.2,74.0,3.0
2026-03-18 00:00:00,2026,3,18,0,Hưng Yên,Phường Trần Hưng Đạo,20.4492199,106.3229529,59,Moderate,1,20.9,93,0.0,7.3,152,1013.2,1,15.9,19.6,208.0,6.2,71.0,2.5
2026-03-18 01:00:00,2026,3,18,1,Hưng Yên,Phường Trần Hưng Đạo,20.4492199,106.3229529,59,Moderate,1,21.0,95,0.0,6.2,150,1012.5,21,16.8,20.5,202.0,6.3,69.0,2.3
2026-03-18 02:00:00,2026,3,18,2,Hưng Yên,Phường Trần Hưng Đạo,20.4492199,106.3229529,58,Moderate,1,21.0,95,0.0,6.4,158,1011.7,8,18.3,22.2,188.0,6.6,67.0,2.3
2026-03-18 03:00:00,2026,3,18,3,Hưng Yên,Phường Trần Hưng Đạo,20.4492199,106.3229529,58,Moderate,1,20.9,96,0.0,8.0,164,1011.4,3,19.3,23.3,173.0,7.1,64.0,2.6
2026-03-18 04:00:00,2026,3,18,4,Hưng Yên,Phường Trần Hưng Đạo,20.4492199,106.3229529,58,Moderate,1,20.6,97,0.0,6.1,168,1011.6,5,19.4,23.5,175.0,7.9,62.0,3.0
2026-03-18 05:00:00,2026,3,18,5,Hưng Yên,Phường Trần Hưng Đạo,20.4492199,106.3229529,57,Moderate,1,20.4,97,0.0,5.9,166,1012.0,8,20.2,24.3,214.0,9.5,57.0,4.0
2026-03-18 06:00:00,2026,3,18,6,Hưng Yên,Phường Trần Hưng Đạo,20.4492199,106.3229529,57,Moderate,1,20.1,98,0.0,5.0,161,1012.5,16,22.6,27.1,270.0,11.3,53.0,5.1
2026-03-18 07:00:00,2026,3,18,7,Hưng Yên,Phường Trần Hưng Đạo,20.4492199,106.3229529,57,Moderate,1,21.3,96,0.0,7.3,149,1013.6,16,40.0,44.8,298.0,15.8,49.0,7.2
2026-03-18 08:00:00,2026,3,18,8,Hưng Yên,Phường Trần Hưng Đạo,20.4492199,106.3229529,58,Moderate,1,23.5,86,0.1,10.2,166,1014.5,47,21.1,27.0,269.0,11.8,61.0,5.5
2026-03-18 09:00:00,2026,3,18,9,Hưng Yên,Phường Trần Hưng Đạo,20.4492199,106.3229529,59,Moderate,1,25.0,76,0.1,14.0,171,1015.1,59,17.5,23.7,212.0,6.4,78.0,3.1
2026-03-18 10:00:00,2026,3,18,10,Hưng Yên,Phường Trần Hưng Đạo,20.4492199,106.3229529,59,Moderate,1,26.2,69,0.1,14.9,171,1015.5,99,15.0,20.8,169.0,2.3,91.0,1.4
2026-03-18 11:00:00,2026,3,18,11,Hưng Yên,Phường Trần Hưng Đạo,20.4492199,106.3229529,59,Moderate,1,26.6,68,0.1,14.8,167,1014.7,99,14.6,20.3,159.0,1.0,96.0,0.9
2026-03-18 12:00:00,2026,3,18,12,Hưng Yên,Phường Trần Hưng Đạo,20.4492199,106.3229529,60,Moderate,1,26.6,68,0.1,16.4,165,1013.5,100,13.9,19.4,162.0,1.1,97.0,1.0
2026-03-18 13:00:00,2026,3,18,13,Hưng Yên,Phường Trần Hưng Đạo,20.4492199,106.3229529,60,Moderate,1,26.0,69,0.1,16.6,163,1012.9,100,13.7,19.1,167.0,1.4,97.0,1.2
2026-03-18 14:00:00,2026,3,18,14,Hưng Yên,Phường Trần Hưng Đạo,20.4492199,106.3229529,61,Moderate,1,26.0,70,0.0,16.3,162,1011.9,100,12.6,17.5,167.0,1.2,97.0,1.1
2026-03-18 15:00:00,2026,3,18,15,Hưng Yên,Phường Trần Hưng Đạo,20.4492199,106.3229529,61,Moderate,1,25.3,73,0.0,16.9,161,1011.2,100,12.6,17.5,167.0,1.2,97.0,1.1
2026-03-18 16:00:00,2026,3,18,16,Hưng Yên,Phường Trần Hưng Đạo,20.4492199,106.3229529,61,Moderate,1,24.6,78,0.1,18.2,157,1011.2,100,12.5,17.3,173.0,1.8,95.0,1.4
2026-03-18 17:00:00,2026,3,18,17,Hưng Yên,Phường Trần Hưng Đạo,20.4492199,106.3229529,61,Moderate,1,24.1,80,0.0,16.3,158,1011.5,100,12.5,17.2,188.0,3.7,91.0,2.2
2026-03-18 18:00:00,2026,3,18,18,Hưng Yên,Phường Trần Hưng Đạo,20.4492199,106.3229529,61,Moderate,1,23.5,84,0.0,14.8,147,1011.9,93,13.7,17.7,209.0,6.3,84.0,3.3
2026-03-18 19:00:00,2026,3,18,19,Hưng Yên,Phường Trần Hưng Đạo,20.4492199,106.3229529,62,Moderate,1,23.4,90,0.0,11.9,128,1012.2,38,21.3,26.2,228.0,8.6,82.0,4.4
2026-03-18 20:00:00,2026,3,18,20,Hưng Yên,Phường Trần Hưng Đạo,20.4492199,106.3229529,62,Moderate,1,22.9,90,0.0,13.5,132,1012.5,25,22.1,26.8,245.0,8.6,80.0,4.7
2026-03-18 21:00:00,2026,3,18,21,Hưng Yên,Phường Trần Hưng Đạo,20.4492199,106.3229529,62,Moderate,1,22.5,90,0.0,12.5,137,1013.3,70,22.6,27.1,259.0,8.7,77.0,5.1
2026-03-18 22:00:00,2026,3,18,22,Hưng Yên,Phường Trần Hưng Đạo,20.4492199,106.3229529,63,Moderate,1,22.0,92,0.0,10.0,144,1013.7,2,24.9,29.3,266.0,9.3,73.0,5.4
2026-03-18 23:00:00,2026,3,18,23,Hưng Yên,Phường Trần Hưng Đạo,20.4492199,106.3229529,63,Moderate,1,21.5,93,0.0,8.6,144,1013.7,18,27.4,32.1,259.0,10.7,69.0,5.5
2026-03-19 00:00:00,2026,3,19,0,Hưng Yên,Phường Trần Hưng Đạo,20.4492199,106.3229529,64,Moderate,1,21.1,95,0.0,7.0,148,1013.2,91,29.9,34.9,243.0,12.6,64.0,5.6
2026-03-19 01:00:00,2026,3,19,1,Hưng Yên,Phường Trần Hưng Đạo,20.4492199,106.3229529,66,Moderate,1,21.6,96,0.0,8.0,140,1012.2,12,36.2,41.6,230.0,14.5,60.0,5.8
2026-03-19 02:00:00,2026,3,19,2,Hưng Yên,Phường Trần Hưng Đạo,20.4492199,106.3229529,67,Moderate,1,21.6,97,0.0,7.7,139,1011.5,44,44.6,50.2,222.0,16.8,55.0,6.4
2026-03-19 03:00:00,2026,3,19,3,Hưng Yên,Phường Trần Hưng Đạo,20.4492199,106.3229529,70,Moderate,1,21.5,97,0.0,7.8,138,1011.3,3,49.0,54.5,216.0,19.1,49.0,7.2
2026-03-19 04:00:00,2026,3,19,4,Hưng Yên,Phường Trần Hưng Đạo,20.4492199,106.3229529,72,Moderate,1,21.4,97,0.0,8.7,137,1011.2,5,45.9,51.0,215.0,19.8,48.0,7.6
2026-03-19 05:00:00,2026,3,19,5,Hưng Yên,Phường Trần Hưng Đạo,20.4492199,106.3229529,75,Moderate,1,21.3,97,0.0,8.9,142,1011.7,1,50.2,54.8,225.0,17.9,53.0,7.3
2026-03-19 06:00:00,2026,3,19,6,Hưng Yên,Phường Trần Hưng Đạo,20.4492199,106.3229529,77,Moderate,1,21.2,98,0.0,10.0,146,1012.2,4,36.2,41.1,239.0,14.4,62.0,6.6
2026-03-19 07:00:00,2026,3,19,7,Hưng Yên,Phường Trần Hưng Đạo,20.4492199,106.3229529,79,Moderate,1,22.0,97,0.0,9.6,133,1013.4,10,30.2,34.2,243.0,12.9,54.0,5.0
2026-03-19 08:00:00,2026,3,19,8,Hưng Yên,Phường Trần Hưng Đạo,20.4492199,106.3229529,78,Moderate,1,24.0,88,0.1,13.9,155,1014.0,50,18.6,23.2,226.0,9.8,64.0,4.2
2026-03-19 09:00:00,2026,3,19,9,Hưng Yên,Phường Trần Hưng Đạo,20.4492199,106.3229529,77,Moderate,1,25.2,80,0.0,15.5,162,1014.5,40,15.1,20.0,199.0,5.4,77.0,3.0
2026-03-19 10:00:00,2026,3,19,10,Hưng Yên,Phường Trần Hưng Đạo,20.4492199,106.3229529,77,Moderate,1,26.3,73,0.1,15.9,164,1014.3,46,14.0,19.0,180.0,2.2,88.0,2.1
2026-03-19 11:00:00,2026,3,19,11,Hưng Yên,Phường Trần Hưng Đạo,20.4492199,106.3229529,77,Moderate,1,27.0,68,0.0,16.5,167,1013.9,38,13.5,18.3,177.0,1.1,93.0,1.7
2026-03-19 12:00:00,2026,3,19,12,Hưng Yên,Phường Trần Hưng Đạo,20.4492199,106.3229529,77,Moderate,1,27.6,64,0.0,18.3,170,1012.5,98,12.9,17.6,181.0,1.1,95.0,1.6
2026-03-19 13:00:00,2026,3,19,13,Hưng Yên,Phường Trần Hưng Đạo,20.4492199,106.3229529,77,Moderate,1,27.0,65,0.0,17.7,171,1011.3,100,11.8,16.1,184.0,1.3,95.0,1.6
2026-03-19 14:00:00,2026,3,19,14,Hưng Yên,Phường Trần Hưng Đạo,20.4492199,106.3229529,77,Moderate,1,27.0,65,0.0,17.7,171,1010.5,39,11.4,15.6,181.0,1.2,95.0,1.5
2026-03-19 15:00:00,2026,3,19,15,Hưng Yên,Phường Trần Hưng Đạo,20.4492199,106.3229529,77,Moderate,1,26.6,66,0.0,18.5,167,1009.8,41,10.9,15.0,177.0,1.3,93.0,1.5
2026-03-19 16:00:00,2026,3,19,16,Hưng Yên,Phường Trần Hưng Đạo,20.4492199,106.3229529,77,Moderate,1,25.8,68,0.0,19.1,162,1009.0,55,10.8,14.8,177.0,1.9,90.0,1.6
2026-03-19 17:00:00,2026,3,19,17,Hưng Yên,Phường Trần Hưng Đạo,20.4492199,106.3229529,76,Moderate,1,24.8,73,0.0,19.7,159,1009.0,64,11.0,14.8,185.0,3.3,86.0,2.0
2026-03-19 18:00:00,2026,3,19,18,Hưng Yên,Phường Trần Hưng Đạo,20.4492199,106.3229529,76,Moderate,1,23.4,84,0.0,17.2,151,1008.8,10,12.3,15.7,197.0,5.2,81.0,2.6
2026-03-19 19:00:00,2026,3,19,19,Hưng Yên,Phường Trần Hưng Đạo,20.4492199,106.3229529,76,Moderate,1,22.9,91,0.0,13.0,143,1009.4,10,16.7,20.8,205.0,6.9,78.0,3.1
2026-03-19 20:00:00,2026,3,19,20,Hưng Yên,Phường Trần Hưng Đạo,20.4492199,106.3229529,76,Moderate,1,22.6,92,0.0,13.8,153,1010.4,4,16.8,20.8,207.0,6.4,78.0,3.0
2026-03-19 21:00:00,2026,3,19,21,Hưng Yên,Phường Trần Hưng Đạo,20.4492199,106.3229529,75,Moderate,1,22.4,93,0.0,14.6,156,1010.8,0,16.5,20.5,206.0,5.8,78.0,2.9
2026-03-19 22:00:00,2026,3,19,22,Hưng Yên,Phường Trần Hưng Đạo,20.4492199,106.3229529,75,Moderate,1,22.2,94,0.0,13.1,157,1011.1,2,15.8,19.8,202.0,5.3,77.0,2.7
2026-03-19 23:00:00,2026,3,19,23,Hưng Yên,Phường Trần Hưng Đạo,20.4492199,106.3229529,74,Moderate,1,22.1,94,0.0,13.4,166,1011.2,2,15.2,19.2,195.0,5.2,75.0,2.5
2026-03-20 00:00:00,2026,3,20,0,Hưng Yên,Phường Trần Hưng Đạo,20.4492199,106.3229529,73,Moderate,1,22.0,95,0.0,13.2,170,1011.1,4,15.0,19.0,186.0,5.2,72.0,2.2
2026-03-20 01:00:00,2026,3,20,1,Hưng Yên,Phường Trần Hưng Đạo,20.4492199,106.3229529,72,Moderate,1,22.1,96,0.0,11.9,166,1010.4,16,15.5,19.6,178.0,5.2,70.0,2.0
2026-03-20 02:00:00,2026,3,20,2,Hưng Yên,Phường Trần Hưng Đạo,20.4492199,106.3229529,70,Moderate,1,22.1,96,0.0,11.8,163,1010.0,37,15.9,20.0,172.0,5.2,69.0,1.9
2026-03-20 03:00:00,2026,3,20,3,Hưng Yên,Phường Trần Hưng Đạo,20.4492199,106.3229529,67,Moderate,1,22.1,96,0.0,11.9,160,1009.5,100,16.1,20.3,167.0,5.1,68.0,1.9
2026-03-20 04:00:00,2026,3,20,4,Hưng Yên,Phường Trần Hưng Đạo,20.4492199,106.3229529,64,Moderate,1,22.4,96,0.0,12.6,161,1009.8,100,16.4,20.6,171.0,5.1,67.0,2.0
2026-03-20 05:00:00,2026,3,20,5,Hưng Yên,Phường Trần Hưng Đạo,20.4492199,106.3229529,62,Moderate,1,22.5,96,0.0,12.5,160,1010.0,100,16.4,20.8,194.0,5.2,66.0,2.2
2026-03-20 06:00:00,2026,3,20,6,Hưng Yên,Phường Trần Hưng Đạo,20.4492199,106.3229529,59,Moderate,1,22.6,95,0.0,12.6,156,1010.8,100,16.8,21.2,225.0,5.4,65.0,2.5
2026-03-20 07:00:00,2026,3,20,7,Hưng Yên,Phường Trần Hưng Đạo,20.4492199,106.3229529,57,Moderate,1,23.0,94,0.0,10.8,137,1012.1,100,19.8,26.6,242.0,5.5,68.0,2.6
2026-03-20 08:00:00,2026,3,20,8,Hưng Yên,Phường Trần Hưng Đạo,20.4492199,106.3229529,56,Moderate,1,24.0,88,0.2,15.3,146,1013.0,57,17.3,24.0,228.0,4.5,72.0,2.2
2026-03-20 09:00:00,2026,3,20,9,Hưng Yên,Phường Trần Hưng Đạo,20.4492199,106.3229529,56,Moderate,1,25.8,76,0.2,17.2,147,1013.6,88,17.7,24.7,199.0,3.2,79.0,1.7
2026-03-20 10:00:00,2026,3,20,10,Hưng Yên,Phường Trần Hưng Đạo,20.4492199,106.3229529,56,Moderate,1,26.5,73,0.3,18.6,150,1013.5,99,17.1,24.0,178.0,2.2,84.0,1.3
2026-03-20 11:00:00,2026,3,20,11,Hưng Yên,Phường Trần Hưng Đạo,20.4492199,106.3229529,56,Moderate,1,26.8,72,0.2,18.4,153,1013.1,98,18.5,25.9,174.0,1.7,87.0,1.2
2026-03-20 12:00:00,2026,3,20,12,Hưng Yên,Phường Trần Hưng Đạo,20.4492199,106.3229529,57,Moderate,1,27.1,70,0.1,19.1,160,1012.1,100,15.8,22.5,178.0,1.5,90.0,1.3
2026-03-20 13:00:00,2026,3,20,13,Hưng Yên,Phường Trần Hưng Đạo,20.4492199,106.3229529,57,Moderate,1,26.2,72,0.1,18.1,158,1011.9,100,14.9,21.2,180.0,1.5,91.0,1.4
2026-03-20 14:00:00,2026,3,20,14,Hưng Yên,Phường Trần Hưng Đạo,20.4492199,106.3229529,57,Moderate,1,26.1,73,0.1,18.9,153,1010.8,100,14.9,21.2,175.0,1.5,92.0,1.5
2026-03-20 15:00:00,2026,3,20,15,Hưng Yên,Phường Trần Hưng Đạo,20.4492199,106.3229529,58,Moderate,1,26.0,74,0.1,18.6,150,1010.2,100,15.0,21.5,168.0,1.8,92.0,1.6
2026-03-20 16:00:00,2026,3,20,16,Hưng Yên,Phường Trần Hưng Đạo,20.4492199,106.3229529,58,Moderate,1,25.4,77,0.1,17.3,149,1010.1,100,15.5,21.9,167.0,2.5,90.0,1.9
2026-03-20 17:00:00,2026,3,20,17,Hưng Yên,Phường Trần Hưng Đạo,20.4492199,106.3229529,58,Moderate,1,24.6,80,0.0,18.3,147,1010.2,100,16.1,22.2,178.0,4.1,86.0,2.5
2026-03-20 18:00:00,2026,3,20,18,Hưng Yên,Phường Trần Hưng Đạo,20.4492199,106.3229529,59,Moderate,1,24.0,84,0.0,15.3,134,1010.7,30,16.8,21.5,194.0,6.3,82.0,3.2
2026-03-20 19:00:00,2026,3,20,19,Hưng Yên,Phường Trần Hưng Đạo,20.4492199,106.3229529,59,Moderate,1,23.9,89,0.0,13.7,123,1011.4,95,20.1,25.0,209.0,7.0,88.0,4.0
2026-03-20 20:00:00,2026,3,20,20,Hưng Yên,Phường Trần Hưng Đạo,20.4492199,106.3229529,60,Moderate,1,23.6,90,0.0,12.9,106,1012.2,100,21.9,26.5,220.0,7.5,86.0,4.4
2026-03-20 21:00:00,2026,3,20,21,Hưng Yên,Phường Trần Hưng Đạo,20.4492199,106.3229529,60,Moderate,1,23.1,92,0.0,10.9,102,1013.5,76,22.8,27.1,229.0,8.2,83.0,4.8
2026-03-20 22:00:00,2026,3,20,22,Hưng Yên,Phường Trần Hưng Đạo,20.4492199,106.3229529,61,Moderate,1,22.6,94,0.0,10.7,103,1014.1,31,23.4,27.5,232.0,9.0,81.0,5.2
2026-03-20 23:00:00,2026,3,20,23,Hưng Yên,Phường Trần Hưng Đạo,20.4492199,106.3229529,61,Moderate,1,22.2,95,0.0,9.4,101,1014.3,58,24.0,27.4,223.0,9.9,80.0,5.3
2026-03-21 00:00:00,2026,3,21,0,Hưng Yên,Phường Trần Hưng Đạo,20.4492199,106.3229529,62,Moderate,1,22.1,95,0.0,9.0,95,1014.1,66,24.7,27.4,207.0,10.8,80.0,5.2
2026-03-21 01:00:00,2026,3,21,1,Hưng Yên,Phường Trần Hưng Đạo,20.4492199,106.3229529,63,Moderate,1,22.8,92,0.0,10.3,92,1013.3,100,25.8,28.3,195.0,11.7,79.0,5.3
2026-03-21 02:00:00,2026,3,21,2,Hưng Yên,Phường Trần Hưng Đạo,20.4492199,106.3229529,64,Moderate,1,22.9,91,0.0,10.3,95,1012.5,100,27.4,29.6,189.0,12.6,78.0,5.7
2026-03-21 03:00:00,2026,3,21,3,Hưng Yên,Phường Trần Hưng Đạo,20.4492199,106.3229529,65,Moderate,1,23.0,89,0.0,10.9,96,1012.1,100,28.8,30.9,186.0,13.5,76.0,6.3
2026-03-21 04:00:00,2026,3,21,4,Hưng Yên,Phường Trần Hưng Đạo,20.4492199,106.3229529,66,Moderate,1,23.0,88,0.0,11.7,101,1012.3,100,28.8,30.6,189.0,14.0,76.0,6.7
2026-03-21 05:00:00,2026,3,21,5,Hưng Yên,Phường Trần Hưng Đạo,20.4492199,106.3229529,67,Moderate,1,23.0,86,0.0,12.4,103,1012.8,100,26.8,28.3,204.0,14.0,77.0,6.7
2026-03-21 06:00:00,2026,3,21,6,Hưng Yên,Phường Trần Hưng Đạo,20.4492199,106.3229529,68,Moderate,1,22.8,86,0.0,13.1,103,1013.4,100,25.3,26.4,225.0,13.6,80.0,6.4
2026-03-21 07:00:00,2026,3,21,7,Hưng Yên,Phường Trần Hưng Đạo,20.4492199,106.3229529,69,Moderate,1,22.6,90,0.0,13.4,98,1014.6,100,27.6,29.5,239.0,12.6,82.0,6.1
2026-03-21 08:00:00,2026,3,21,8,Hưng Yên,Phường Trần Hưng Đạo,20.4492199,106.3229529,69,Moderate,1,23.1,89,0.0,14.1,96,1015.2,100,24.8,26.7,241.0,10.9,84.0,6.2
2026-03-21 09:00:00,2026,3,21,9,Hưng Yên,Phường Trần Hưng Đạo,20.4492199,106.3229529,70,Moderate,1,24.0,83,0.0,17.4,101,1015.6,100,23.8,25.8,237.0,8.4,86.0,6.3
2026-03-21 10:00:00,2026,3,21,10,Hưng Yên,Phường Trần Hưng Đạo,20.4492199,106.3229529,71,Moderate,1,25.0,77,0.1,17.0,110,1016.0,100,22.7,25.0,231.0,6.2,91.0,6.2
2026-03-21 11:00:00,2026,3,21,11,Hưng Yên,Phường Trần Hưng Đạo,20.4492199,106.3229529,71,Moderate,1,25.2,75,0.2,17.0,117,1015.8,100,21.8,24.2,225.0,4.5,100.0,5.7
2026-03-21 12:00:00,2026,3,21,12,Hưng Yên,Phường Trần Hưng Đạo,20.4492199,106.3229529,71,Moderate,1,25.8,74,0.2,18.4,127,1014.7,100,20.7,23.3,216.0,3.0,112.0,5.0
2026-03-21 13:00:00,2026,3,21,13,Hưng Yên,Phường Trần Hưng Đạo,20.4492199,106.3229529,72,Moderate,1,25.9,72,0.2,18.6,127,1014.0,100,22.1,25.6,208.0,2.1,121.0,4.4
2026-03-21 14:00:00,2026,3,21,14,Hưng Yên,Phường Trần Hưng Đạo,20.4492199,106.3229529,72,Moderate,1,26.1,71,0.2,18.5,128,1013.0,89,21.0,24.3,196.0,1.8,125.0,4.1
2026-03-21 15:00:00,2026,3,21,15,Hưng Yên,Phường Trần Hưng Đạo,20.4492199,106.3229529,73,Moderate,1,25.8,71,0.1,16.3,131,1012.0,88,20.4,24.0,185.0,2.1,126.0,4.0
2026-03-21 16:00:00,2026,3,21,16,Hưng Yên,Phường Trần Hưng Đạo,20.4492199,106.3229529,74,Moderate,1,25.4,73,0.0,15.4,134,1011.7,68,21.3,24.8,183.0,3.0,125.0,4.0
2026-03-21 17:00:00,2026,3,21,17,Hưng Yên,Phường Trần Hưng Đạo,20.4492199,106.3229529,74,Moderate,1,24.8,75,0.0,15.2,133,1011.5,64,22.8,26.2,198.0,5.0,122.0,4.3
2026-03-21 18:00:00,2026,3,21,18,Hưng Yên,Phường Trần Hưng Đạo,20.4492199,106.3229529,75,Moderate,1,23.5,84,0.0,12.2,119,1011.6,27,25.8,28.9,223.0,7.6,117.0,4.9
2026-03-21 19:00:00,2026,3,21,19,Hưng Yên,Phường Trần Hưng Đạo,20.4492199,106.3229529,75,Moderate,1,22.8,90,0.0,12.0,103,1011.9,59,34.8,38.2,248.0,10.1,106.0,5.1
2026-03-21 20:00:00,2026,3,21,20,Hưng Yên,Phường Trần Hưng Đạo,20.4492199,106.3229529,77,Moderate,1,22.2,94,0.0,9.1,108,1012.6,59,34.0,37.4,272.0,9.9,102.0,5.1
2026-03-21 21:00:00,2026,3,21,21,Hưng Yên,Phường Trần Hưng Đạo,20.4492199,106.3229529,78,Moderate,1,22.0,96,0.0,7.5,114,1013.2,98,33.2,36.7,295.0,9.6,95.0,5.1
2026-03-21 22:00:00,2026,3,21,22,Hưng Yên,Phường Trần Hưng Đạo,20.4492199,106.3229529,79,Moderate,1,21.8,97,0.0,6.9,113,1013.6,16,32.5,36.7,307.0,9.6,88.0,5.0
2026-03-21 23:00:00,2026,3,21,23,Hưng Yên,Phường Trần Hưng Đạo,20.4492199,106.3229529,80,Moderate,1,21.5,97,0.0,5.0,105,1013.4,59,32.5,37.5,303.0,10.3,80.0,4.7
2026-03-22 00:00:00,2026,3,22,0,Hưng Yên,Phường Trần Hưng Đạo,20.4492199,106.3229529,80,Moderate,1,21.4,98,0.0,5.8,116,1013.0,10,33.2,38.3,288.0,11.4,72.0,4.4
2026-03-22 01:00:00,2026,3,22,1,Hưng Yên,Phường Trần Hưng Đạo,20.4492199,106.3229529,81,Moderate,1,21.4,98,0.0,5.6,86,1012.3,21,34.1,39.5,268.0,12.1,65.0,4.1
2026-03-22 02:00:00,2026,3,22,2,Hưng Yên,Phường Trần Hưng Đạo,20.4492199,106.3229529,82,Moderate,1,21.5,98,0.0,7.0,94,1011.7,100,31.3,36.4,240.0,12.3,60.0,4.0
2026-03-22 03:00:00,2026,3,22,3,Hưng Yên,Phường Trần Hưng Đạo,20.4492199,106.3229529,82,Moderate,1,21.9,97,0.0,7.9,107,1010.9,100,29.6,34.5,207.0,12.2,56.0,3.9
2026-03-22 04:00:00,2026,3,22,4,Hưng Yên,Phường Trần Hưng Đạo,20.4492199,106.3229529,82,Moderate,1,22.0,97,0.0,7.2,109,1010.9,100,29.2,33.9,187.0,11.7,54.0,3.9
2026-03-22 05:00:00,2026,3,22,5,Hưng Yên,Phường Trần Hưng Đạo,20.4492199,106.3229529,82,Moderate,1,22.3,96,0.0,8.5,118,1011.2,100,26.0,30.3,193.0,10.7,55.0,3.9
2026-03-22 06:00:00,2026,3,22,6,Hưng Yên,Phường Trần Hưng Đạo,20.4492199,106.3229529,82,Moderate,1,22.5,96,0.0,8.6,126,1011.9,100,23.2,27.2,212.0,9.4,59.0,3.8
2026-03-22 07:00:00,2026,3,22,7,Hưng Yên,Phường Trần Hưng Đạo,20.4492199,106.3229529,82,Moderate,1,23.2,95,0.0,11.9,146,1013.1,100,20.2,25.3,221.0,8.4,64.0,3.6
2026-03-22 08:00:00,2026,3,22,8,Hưng Yên,Phường Trần Hưng Đạo,20.4492199,106.3229529,81,Moderate,1,24.3,87,0.1,15.8,157,1013.6,51,15.9,20.3,209.0,6.5,69.0,2.9
2026-03-22 09:00:00,2026,3,22,9,Hưng Yên,Phường Trần Hưng Đạo,20.4492199,106.3229529,81,Moderate,1,25.6,78,0.0,18.4,166,1014.4,46,14.6,19.7,187.0,3.9,75.0,2.0
2026-03-22 10:00:00,2026,3,22,10,Hưng Yên,Phường Trần Hưng Đạo,20.4492199,106.3229529,80,Moderate,1,26.5,72,0.1,17.8,164,1014.2,58,11.4,15.5,170.0,1.9,80.0,1.3
2026-03-22 11:00:00,2026,3,22,11,Hưng Yên,Phường Trần Hưng Đạo,20.4492199,106.3229529,79,Moderate,1,27.1,69,0.1,18.8,166,1013.6,72,10.6,14.6,165.0,1.2,83.0,1.1
2026-03-22 12:00:00,2026,3,22,12,Hưng Yên,Phường Trần Hưng Đạo,20.4492199,106.3229529,78,Moderate,1,27.5,67,0.1,20.2,163,1012.9,94,9.7,13.4,166.0,1.1,85.0,1.1
2026-03-22 13:00:00,2026,3,22,13,Hưng Yên,Phường Trần Hưng Đạo,20.4492199,106.3229529,77,Moderate,1,27.2,66,0.1,17.9,165,1012.5,53,9.5,13.1,167.0,1.2,86.0,1.2
2026-03-22 14:00:00,2026,3,22,14,Hưng Yên,Phường Trần Hưng Đạo,20.4492199,106.3229529,76,Moderate,1,27.1,65,0.0,18.1,163,1011.7,54,9.2,12.6,164.0,1.2,86.0,1.3
2026-03-22 15:00:00,2026,3,22,15,Hưng Yên,Phường Trần Hưng Đạo,20.4492199,106.3229529,75,Moderate,1,26.5,67,0.0,17.5,160,1011.3,49,9.6,13.2,162.0,1.3,84.0,1.4
2026-03-22 16:00:00,2026,3,22,16,Hưng Yên,Phường Trần Hưng Đạo,20.4492199,106.3229529,74,Moderate,1,26.0,68,0.0,17.6,158,1010.7,42,9.8,13.3,165.0,1.9,82.0,1.7
2026-03-22 17:00:00,2026,3,22,17,Hưng Yên,Phường Trần Hưng Đạo,20.4492199,106.3229529,73,Moderate,1,25.2,70,0.0,17.3,159,1010.7,50,10.8,14.5,178.0,3.3,79.0,2.2
2026-03-22 18:00:00,2026,3,22,18,Hưng Yên,Phường Trần Hưng Đạo,20.4492199,106.3229529,72,Moderate,1,24.2,78,0.0,15.2,156,1010.8,23,12.5,15.7,196.0,5.1,76.0,2.9
2026-03-22 19:00:00,2026,3,22,19,Hưng Yên,Phường Trần Hưng Đạo,20.4492199,106.3229529,70,Moderate,1,23.8,90,0.0,12.4,133,1011.5,55,17.6,21.1,211.0,7.2,74.0,4.1
2026-03-22 20:00:00,2026,3,22,20,Hưng Yên,Phường Trần Hưng Đạo,20.4492199,106.3229529,69,Moderate,1,23.0,94,0.0,3.8,109,1012.9,100,16.8,20.2,221.0,6.9,72.0,4.0
2026-03-22 21:00:00,2026,3,22,21,Hưng Yên,Phường Trần Hưng Đạo,20.4492199,106.3229529,67,Moderate,1,23.1,93,0.0,5.6,119,1013.1,91,16.8,20.0,229.0,6.6,69.0,3.9
2026-03-22 22:00:00,2026,3,22,22,Hưng Yên,Phường Trần Hưng Đạo,20.4492199,106.3229529,66,Moderate,1,22.6,96,0.0,11.1,140,1013.2,2,18.2,21.5,228.0,6.6,65.0,3.7
2026-03-22 23:00:00,2026,3,22,23,Hưng Yên,Phường Trần Hưng Đạo,20.4492199,106.3229529,65,Moderate,1,22.4,96,0.0,9.0,133,1012.7,16,19.6,23.1,214.0,7.2,61.0,3.3
2026-03-23 00:00:00,2026,3,23,0,Hưng Yên,Phường Trần Hưng Đạo,20.4492199,106.3229529,63,Moderate,1,22.1,97,0.0,6.8,145,1012.8,20,19.6,23.3,192.0,8.1,56.0,2.9
2026-03-23 01:00:00,2026,3,23,1,Hưng Yên,Phường Trần Hưng Đạo,20.4492199,106.3229529,62,Moderate,1,23.0,96,0.0,11.1,134,1012.3,100,19.6,23.2,176.0,8.7,52.0,2.6
2026-03-23 02:00:00,2026,3,23,2,Hưng Yên,Phường Trần Hưng Đạo,20.4492199,106.3229529,61,Moderate,1,22.9,96,0.0,8.1,133,1011.6,72,18.6,22.2,170.0,8.9,50.0,2.5
2026-03-23 03:00:00,2026,3,23,3,Hưng Yên,Phường Trần Hưng Đạo,20.4492199,106.3229529,60,Moderate,1,22.5,97,0.0,11.1,157,1010.7,0,18.5,22.1,169.0,8.7,49.0,2.5
2026-03-23 04:00:00,2026,3,23,4,Hưng Yên,Phường Trần Hưng Đạo,20.4492199,106.3229529,59,Moderate,1,22.4,97,0.0,11.5,160,1010.5,2,18.1,21.6,172.0,8.3,49.0,2.5
2026-03-23 05:00:00,2026,3,23,5,Hưng Yên,Phường Trần Hưng Đạo,20.4492199,106.3229529,58,Moderate,1,22.2,97,0.0,8.4,140,1010.9,83,16.6,20.1,184.0,7.4,52.0,2.5
2026-03-23 06:00:00,2026,3,23,6,Hưng Yên,Phường Trần Hưng Đạo,20.4492199,106.3229529,57,Moderate,1,22.2,97,0.0,10.2,144,1011.5,100,15.5,19.1,201.0,6.2,56.0,2.5
2026-03-23 07:00:00,2026,3,23,7,Hưng Yên,Phường Trần Hưng Đạo,20.4492199,106.3229529,56,Moderate,1,23.2,94,0.0,14.7,157,1012.6,100,12.5,15.7,209.0,5.8,61.0,2.5
2026-03-23 08:00:00,2026,3,23,8,Hưng Yên,Phường Trần Hưng Đạo,20.4492199,106.3229529,56,Moderate,1,24.5,85,0.1,20.6,164,1012.8,42,11.6,15.4,199.0,4.7,66.0,2.1
2026-03-23 09:00:00,2026,3,23,9,Hưng Yên,Phường Trần Hưng Đạo,20.4492199,106.3229529,55,Moderate,1,25.6,78,0.0,20.9,167,1012.9,52,11.7,15.8,181.0,3.1,73.0,1.7
2026-03-23 10:00:00,2026,3,23,10,Hưng Yên,Phường Trần Hưng Đạo,20.4492199,106.3229529,55,Moderate,1,26.5,73,0.2,19.7,167,1012.9,100,11.1,15.4,168.0,1.9,79.0,1.3
2026-03-23 11:00:00,2026,3,23,11,Hưng Yên,Phường Trần Hưng Đạo,20.4492199,106.3229529,55,Moderate,1,27.0,70,0.2,19.8,172,1012.3,100,11.1,15.5,167.0,1.4,82.0,1.2
2026-03-23 12:00:00,2026,3,23,12,Hưng Yên,Phường Trần Hưng Đạo,20.4492199,106.3229529,55,Moderate,1,27.1,69,0.1,19.1,172,1011.3,100,11.7,16.3,172.0,1.3,83.0,1.2
2026-03-23 13:00:00,2026,3,23,13,Hưng Yên,Phường Trần Hưng Đạo,20.4492199,106.3229529,55,Moderate,1,27.0,69,0.0,17.3,175,1010.9,100,10.9,15.4,176.0,1.3,84.0,1.2
2026-03-23 14:00:00,2026,3,23,14,Hưng Yên,Phường Trần Hưng Đạo,20.4492199,106.3229529,55,Moderate,1,26.8,70,0.0,16.3,169,1010.0,100,11.1,15.5,175.0,1.3,84.0,1.2
2026-03-23 15:00:00,2026,3,23,15,Hưng Yên,Phường Trần Hưng Đạo,20.4492199,106.3229529,55,Moderate,1,26.5,72,0.0,16.1,162,1009.4,100,11.3,15.9,173.0,1.3,83.0,1.2
2026-03-23 16:00:00,2026,3,23,16,Hưng Yên,Phường Trần Hưng Đạo,20.4492199,106.3229529,56,Moderate,1,26.1,73,0.0,16.7,155,1008.9,100,11.5,16.2,174.0,1.8,81.0,1.3
2026-03-23 17:00:00,2026,3,23,17,Hưng Yên,Phường Trần Hưng Đạo,20.4492199,106.3229529,56,Moderate,1,25.3,75,0.0,17.7,157,1008.7,100,11.9,16.5,183.0,2.9,78.0,1.6
2026-03-23 18:00:00,2026,3,23,18,Hưng Yên,Phường Trần Hưng Đạo,20.4492199,106.3229529,56,Moderate,1,24.5,81,0.0,16.6,150,1008.7,32,12.6,17.1,195.0,4.5,75.0,1.9
2026-03-23 19:00:00,2026,3,23,19,Hưng Yên,Phường Trần Hưng Đạo,20.4492199,106.3229529,56,Moderate,1,23.6,89,0.0,13.9,140,1009.5,2,16.6,21.1,204.0,6.7,73.0,2.9
2026-03-23 20:00:00,2026,3,23,20,Hưng Yên,Phường Trần Hưng Đạo,20.4492199,106.3229529,56,Moderate,1,23.2,91,0.0,11.5,139,1010.4,9,17.6,22.1,206.0,7.4,69.0,3.3
2026-03-23 21:00:00,2026,3,23,21,Hưng Yên,Phường Trần Hưng Đạo,20.4492199,106.3229529,56,Moderate,1,23.0,92,0.0,9.2,138,1010.9,21,19.3,23.7,204.0,8.3,64.0,3.9
2026-03-23 22:00:00,2026,3,23,22,Hưng Yên,Phường Trần Hưng Đạo,20.4492199,106.3229529,56,Moderate,1,22.8,94,0.0,9.1,141,1011.0,30,21.5,26.0,200.0,8.9,60.0,4.1
2026-03-23 23:00:00,2026,3,23,23,Hưng Yên,Phường Trần Hưng Đạo,20.4492199,106.3229529,56,Moderate,1,22.6,95,0.0,10.7,144,1010.7,66,21.5,26.0,194.0,8.9,57.0,3.7
2026-03-24 00:00:00,2026,3,24,0,Hưng Yên,Phường Trần Hưng Đạo,20.4492199,106.3229529,57,Moderate,1,22.5,96,0.0,8.3,150,1010.6,22,20.1,24.7,186.0,8.5,56.0,2.9
2026-03-24 01:00:00,2026,3,24,1,Hưng Yên,Phường Trần Hưng Đạo,20.4492199,106.3229529,57,Moderate,1,22.6,97,0.0,6.8,127,1010.1,100,20.4,24.9,180.0,8.4,54.0,2.4
2026-03-24 02:00:00,2026,3,24,2,Hưng Yên,Phường Trần Hưng Đạo,20.4492199,106.3229529,57,Moderate,1,23.1,96,0.0,7.1,126,1009.4,100,21.4,26.1,176.0,8.8,51.0,2.4
2026-03-24 03:00:00,2026,3,24,3,Hưng Yên,Phường Trần Hưng Đạo,20.4492199,106.3229529,57,Moderate,1,23.1,96,0.0,7.4,129,1009.1,100,22.5,27.2,174.0,9.4,49.0,2.6
2026-03-24 04:00:00,2026,3,24,4,Hưng Yên,Phường Trần Hưng Đạo,20.4492199,106.3229529,57,Moderate,1,23.3,95,0.0,9.4,142,1009.3,100,22.9,27.6,179.0,9.6,48.0,2.8
2026-03-24 05:00:00,2026,3,24,5,Hưng Yên,Phường Trần Hưng Đạo,20.4492199,106.3229529,58,Moderate,1,23.3,95,0.0,10.3,145,1009.5,100,22.0,26.6,198.0,9.0,50.0,3.0
2026-03-24 06:00:00,2026,3,24,6,Hưng Yên,Phường Trần Hưng Đạo,20.4492199,106.3229529,58,Moderate,1,23.2,95,0.0,10.6,145,1010.3,100,21.5,26.0,223.0,7.9,54.0,3.3
2026-03-24 07:00:00,2026,3,24,7,Hưng Yên,Phường Trần Hưng Đạo,20.4492199,106.3229529,59,Moderate,1,24.0,94,0.0,12.0,133,1010.9,100,21.3,27.3,235.0,8.7,53.0,4.0
2026-03-24 08:00:00,2026,3,24,8,Hưng Yên,Phường Trần Hưng Đạo,20.4492199,106.3229529,59,Moderate,1,24.9,86,0.0,13.6,139,1011.5,25,17.8,23.0,222.0,6.8,59.0,3.3
2026-03-24 09:00:00,2026,3,24,9,Hưng Yên,Phường Trần Hưng Đạo,20.4492199,106.3229529,60,Moderate,1,26.4,77,0.1,15.4,143,1011.8,58,15.7,21.6,197.0,4.1,68.0,2.4
2026-03-24 10:00:00,2026,3,24,10,Hưng Yên,Phường Trần Hưng Đạo,20.4492199,106.3229529,60,Moderate,1,27.5,71,0.1,18.2,155,1012.0,95,14.8,20.7,179.0,2.1,76.0,1.7
2026-03-24 11:00:00,2026,3,24,11,Hưng Yên,Phường Trần Hưng Đạo,20.4492199,106.3229529,61,Moderate,1,27.5,70,0.0,17.2,162,1011.3,100,14.8,20.6,177.0,1.3,81.0,1.5
2026-03-24 12:00:00,2026,3,24,12,Hưng Yên,Phường Trần Hưng Đạo,20.4492199,106.3229529,61,Moderate,1,28.0,67,0.0,16.4,168,1010.2,81,14.1,19.7,183.0,1.2,86.0,1.6
2026-03-24 13:00:00,2026,3,24,13,Hưng Yên,Phường Trần Hưng Đạo,20.4492199,106.3229529,61,Moderate,1,28.2,65,0.0,12.5,172,1009.6,84,13.6,19.0,187.0,1.3,88.0,1.7
2026-03-24 14:00:00,2026,3,24,14,Hưng Yên,Phường Trần Hưng Đạo,20.4492199,106.3229529,62,Moderate,1,28.5,64,0.0,14.4,165,1008.8,48,13.6,18.9,184.0,1.3,89.0,1.6
2026-03-24 15:00:00,2026,3,24,15,Hưng Yên,Phường Trần Hưng Đạo,20.4492199,106.3229529,62,Moderate,1,27.8,67,0.0,16.3,162,1008.1,91,13.4,18.6,179.0,1.4,87.0,1.5
2026-03-24 16:00:00,2026,3,24,16,Hưng Yên,Phường Trần Hưng Đạo,20.4492199,106.3229529,62,Moderate,1,26.8,72,0.0,16.3,159,1007.9,97,13.0,17.9,180.0,2.1,85.0,1.6
2026-03-24 17:00:00,2026,3,24,17,Hưng Yên,Phường Trần Hưng Đạo,20.4492199,106.3229529,62,Moderate,1,26.0,76,0.0,15.9,160,1007.8,95,13.0,17.8,190.0,3.9,81.0,2.1
2026-03-24 18:00:00,2026,3,24,18,Hưng Yên,Phường Trần Hưng Đạo,20.4492199,106.3229529,62,Moderate,1,24.8,84,0.0,14.4,156,1007.8,31,14.1,18.6,206.0,6.2,75.0,2.8
2026-03-24 19:00:00,2026,3,24,19,Hưng Yên,Phường Trần Hưng Đạo,20.4492199,106.3229529,62,Moderate,1,24.5,90,0.0,12.2,154,1008.7,25,16.5,20.2,219.0,7.7,73.0,3.2
2026-03-24 20:00:00,2026,3,24,20,Hưng Yên,Phường Trần Hưng Đạo,20.4492199,106.3229529,62,Moderate,1,23.9,93,0.0,11.5,145,1009.5,23,16.7,20.5,229.0,7.1,73.0,3.1
2026-03-24 21:00:00,2026,3,24,21,Hưng Yên,Phường Trần Hưng Đạo,20.4492199,106.3229529,62,Moderate,1,23.5,94,0.0,12.2,153,1010.2,9,16.6,20.4,237.0,6.4,72.0,2.9
2026-03-24 22:00:00,2026,3,24,22,Hưng Yên,Phường Trần Hưng Đạo,20.4492199,106.3229529,62,Moderate,1,23.2,95,0.0,10.1,149,1010.7,23,16.2,19.8,238.0,6.1,71.0,2.7
2026-03-24 23:00:00,2026,3,24,23,Hưng Yên,Phường Trần Hưng Đạo,20.4492199,106.3229529,61,Moderate,1,23.0,96,0.0,9.0,137,1010.5,100,16.2,19.7,228.0,6.6,68.0,2.5
2026-03-25 00:00:00,2026,3,25,0,Hưng Yên,Phường Trần Hưng Đạo,20.4492199,106.3229529,61,Moderate,1,22.9,97,0.0,8.9,138,1010.4,100,16.9,20.2,211.0,7.5,65.0,2.4
2026-03-25 01:00:00,2026,3,25,1,Hưng Yên,Phường Trần Hưng Đạo,20.4492199,106.3229529,61,Moderate,1,23.8,96,0.0,9.8,126,1010.2,100,18.0,21.3,196.0,8.5,61.0,2.4
2026-03-25 02:00:00,2026,3,25,2,Hưng Yên,Phường Trần Hưng Đạo,20.4492199,106.3229529,61,Moderate,1,24.1,93,0.0,11.3,129,1009.8,100,19.6,22.9,183.0,9.9,57.0,2.6
2026-03-25 03:00:00,2026,3,25,3,Hưng Yên,Phường Trần Hưng Đạo,20.4492199,106.3229529,60,Moderate,1,23.9,94,0.0,12.0,126,1009.5,100,21.4,24.7,171.0,11.3,53.0,2.9
2026-03-25 04:00:00,2026,3,25,4,Hưng Yên,Phường Trần Hưng Đạo,20.4492199,106.3229529,60,Moderate,1,23.6,94,0.0,11.6,127,1009.5,100,22.3,25.7,169.0,12.0,52.0,3.2
2026-03-25 05:00:00,2026,3,25,5,Hưng Yên,Phường Trần Hưng Đạo,20.4492199,106.3229529,60,Moderate,1,23.5,95,0.0,11.0,130,1009.7,100,22.1,25.4,185.0,11.3,56.0,3.3
2026-03-25 06:00:00,2026,3,25,6,Hưng Yên,Phường Trần Hưng Đạo,20.4492199,106.3229529,60,Moderate,1,23.3,96,0.0,9.4,130,1010.4,100,21.9,25.3,210.0,9.8,62.0,3.4
2026-03-25 07:00:00,2026,3,25,7,Hưng Yên,Phường Trần Hưng Đạo,20.4492199,106.3229529,60,Moderate,1,24.1,91,0.0,11.7,136,1011.7,95,19.9,24.1,224.0,10.6,63.0,4.4
2026-03-25 08:00:00,2026,3,25,8,Hưng Yên,Phường Trần Hưng Đạo,20.4492199,106.3229529,60,Moderate,1,25.0,84,0.0,14.2,144,1012.3,30,16.5,20.5,214.0,8.1,70.0,3.8
2026-03-25 09:00:00,2026,3,25,9,Hưng Yên,Phường Trần Hưng Đạo,20.4492199,106.3229529,60,Moderate,1,26.2,76,0.0,15.4,146,1012.6,48,15.4,19.5,192.0,4.7,81.0,2.9
2026-03-25 10:00:00,2026,3,25,10,Hưng Yên,Phường Trần Hưng Đạo,20.4492199,106.3229529,60,Moderate,1,27.2,69,0.0,17.4,147,1012.3,65,14.7,19.2,177.0,2.1,89.0,2.3
2026-03-25 11:00:00,2026,3,25,11,Hưng Yên,Phường Trần Hưng Đạo,20.4492199,106.3229529,60,Moderate,1,27.9,65,0.0,17.9,151,1012.2,41,14.2,18.7,178.0,1.2,93.0,2.1
2026-03-25 12:00:00,2026,3,25,12,Hưng Yên,Phường Trần Hưng Đạo,20.4492199,106.3229529,60,Moderate,1,28.5,61,0.0,17.0,154,1011.2,29,14.3,18.7,185.0,1.1,96.0,2.0
2026-03-25 13:00:00,2026,3,25,13,Hưng Yên,Phường Trần Hưng Đạo,20.4492199,106.3229529,60,Moderate,1,28.2,60,0.0,15.3,158,1011.0,100,13.9,18.7,190.0,1.3,97.0,2.0
2026-03-25 14:00:00,2026,3,25,14,Hưng Yên,Phường Trần Hưng Đạo,20.4492199,106.3229529,60,Moderate,1,27.5,63,0.0,15.2,157,1010.4,100,14.1,19.4,189.0,1.3,97.0,1.9
2026-03-25 15:00:00,2026,3,25,15,Hưng Yên,Phường Trần Hưng Đạo,20.4492199,106.3229529,60,Moderate,1,27.1,65,0.0,16.0,150,1009.5,58,13.5,18.7,186.0,1.6,95.0,1.8
2026-03-25 16:00:00,2026,3,25,16,Hưng Yên,Phường Trần Hưng Đạo,20.4492199,106.3229529,60,Moderate,1,26.5,68,0.0,16.1,162,1009.4,70,13.6,18.7,186.0,2.3,92.0,1.9
2026-03-25 17:00:00,2026,3,25,17,Hưng Yên,Phường Trần Hưng Đạo,20.4492199,106.3229529,60,Moderate,1,25.8,68,0.0,15.9,165,1009.1,73,14.4,19.9,192.0,3.8,88.0,2.2
2026-03-25 18:00:00,2026,3,25,18,Hưng Yên,Phường Trần Hưng Đạo,20.4492199,106.3229529,60,Moderate,1,24.8,77,0.0,15.4,154,1009.3,58,15.6,20.4,201.0,5.7,83.0,2.7
2026-03-25 19:00:00,2026,3,25,19,Hưng Yên,Phường Trần Hưng Đạo,20.4492199,106.3229529,60,Moderate,1,25.0,84,0.0,11.7,155,1009.2,65,24.6,29.8,208.0,8.9,78.0,4.0
2026-03-25 20:00:00,2026,3,25,20,Hưng Yên,Phường Trần Hưng Đạo,20.4492199,106.3229529,61,Moderate,1,24.5,88,0.0,10.3,157,1009.9,9,25.8,30.9,213.0,9.8,73.0,4.5
2026-03-25 21:00:00,2026,3,25,21,Hưng Yên,Phường Trần Hưng Đạo,20.4492199,106.3229529,62,Moderate,1,24.0,91,0.0,11.2,156,1010.3,23,27.1,32.4,217.0,10.9,66.0,5.1
2026-03-25 22:00:00,2026,3,25,22,Hưng Yên,Phường Trần Hưng Đạo,20.4492199,106.3229529,63,Moderate,1,23.6,94,0.0,10.7,167,1010.4,13,28.2,33.6,215.0,11.4,61.0,5.3
2026-03-25 23:00:00,2026,3,25,23,Hưng Yên,Phường Trần Hưng Đạo,20.4492199,106.3229529,64,Moderate,1,23.5,95,0.0,11.5,166,1010.1,13,27.4,33.1,203.0,10.6,60.0,4.5
2026-03-26 00:00:00,2026,3,26,0,Hưng Yên,Phường Trần Hưng Đạo,20.4492199,106.3229529,65,Moderate,1,23.2,97,0.0,10.4,169,1009.9,60,23.9,29.8,185.0,9.1,60.0,3.3
2026-03-26 01:00:00,2026,3,26,1,Hưng Yên,Phường Trần Hưng Đạo,20.4492199,106.3229529,65,Moderate,1,24.3,96,0.0,13.4,175,1009.6,100,20.5,26.5,172.0,7.8,62.0,2.4
2026-03-26 02:00:00,2026,3,26,2,Hưng Yên,Phường Trần Hưng Đạo,20.4492199,106.3229529,66,Moderate,1,24.5,94,0.0,14.3,176,1009.3,100,17.8,23.7,165.0,6.7,65.0,2.1
2026-03-26 03:00:00,2026,3,26,3,Hưng Yên,Phường Trần Hưng Đạo,20.4492199,106.3229529,66,Moderate,1,24.4,94,0.0,14.1,174,1008.6,100,15.9,22.1,161.0,5.8,68.0,2.0
2026-03-26 04:00:00,2026,3,26,4,Hưng Yên,Phường Trần Hưng Đạo,20.4492199,106.3229529,65,Moderate,1,24.1,95,0.0,13.6,173,1008.8,100,15.5,21.6,166.0,5.3,70.0,2.2
2026-03-26 05:00:00,2026,3,26,5,Hưng Yên,Phường Trần Hưng Đạo,20.4492199,106.3229529,64,Moderate,1,24.0,94,0.0,13.0,170,1008.7,100,15.9,21.9,185.0,5.8,69.0,2.7
2026-03-26 06:00:00,2026,3,26,6,Hưng Yên,Phường Trần Hưng Đạo,20.4492199,106.3229529,64,Moderate,1,23.8,95,0.0,12.6,169,1009.3,100,17.1,22.9,212.0,6.7,67.0,3.3
2026-03-26 07:00:00,2026,3,26,7,Hưng Yên,Phường Trần Hưng Đạo,20.4492199,106.3229529,63,Moderate,1,24.0,93,0.0,12.2,163,1010.4,47,20.4,30.0,230.0,6.5,69.0,3.4
2026-03-26 08:00:00,2026,3,26,8,Hưng Yên,Phường Trần Hưng Đạo,20.4492199,106.3229529,64,Moderate,1,25.5,83,0.0,16.4,171,1011.0,42,18.6,27.9,228.0,5.6,72.0,3.1
2026-03-26 09:00:00,2026,3,26,9,Hưng Yên,Phường Trần Hưng Đạo,20.4492199,106.3229529,64,Moderate,1,26.8,76,0.0,16.7,169,1011.2,56,17.6,26.6,217.0,4.4,75.0,2.7
2026-03-26 10:00:00,2026,3,26,10,Hưng Yên,Phường Trần Hưng Đạo,20.4492199,106.3229529,64,Moderate,1,27.5,72,0.0,16.6,171,1011.2,91,19.0,28.5,209.0,3.4,79.0,2.3
2026-03-26 11:00:00,2026,3,26,11,Hưng Yên,Phường Trần Hưng Đạo,20.4492199,106.3229529,64,Moderate,1,28.0,70,0.0,16.0,172,1010.5,100,18.4,27.6,209.0,2.8,83.0,2.1
2026-03-26 12:00:00,2026,3,26,12,Hưng Yên,Phường Trần Hưng Đạo,20.4492199,106.3229529,65,Moderate,1,28.1,70,0.0,15.5,170,1009.6,96,18.8,28.0,211.0,2.4,87.0,1.9
2026-03-26 13:00:00,2026,3,26,13,Hưng Yên,Phường Trần Hưng Đạo,20.4492199,106.3229529,65,Moderate,1,28.4,69,0.0,16.2,172,1008.6,100,17.1,25.8,213.0,2.2,90.0,1.8
2026-03-26 14:00:00,2026,3,26,14,Hưng Yên,Phường Trần Hưng Đạo,20.4492199,106.3229529,65,Moderate,1,28.1,71,0.0,15.3,168,1007.7,96,16.6,25.4,212.0,1.9,92.0,1.6
2026-03-26 15:00:00,2026,3,26,15,Hưng Yên,Phường Trần Hưng Đạo,20.4492199,106.3229529,66,Moderate,1,27.8,72,0.0,15.2,156,1006.8,95,16.4,25.2,209.0,1.8,93.0,1.5
2026-03-26 16:00:00,2026,3,26,16,Hưng Yên,Phường Trần Hưng Đạo,20.4492199,106.3229529,66,Moderate,1,27.1,73,0.0,15.1,157,1006.5,42,16.4,25.4,211.0,2.4,92.0,1.6
2026-03-26 17:00:00,2026,3,26,17,Hưng Yên,Phường Trần Hưng Đạo,20.4492199,106.3229529,66,Moderate,1,26.0,77,0.0,13.2,158,1006.3,13,16.5,25.7,218.0,4.2,86.0,2.2
2026-03-26 18:00:00,2026,3,26,18,Hưng Yên,Phường Trần Hưng Đạo,20.4492199,106.3229529,66,Moderate,1,25.0,81,0.0,12.8,145,1006.3,1,17.4,25.5,228.0,6.7,78.0,3.0
2026-03-26 19:00:00,2026,3,26,19,Hưng Yên,Phường Trần Hưng Đạo,20.4492199,106.3229529,66,Moderate,1,24.2,89,0.0,12.9,144,1006.7,4,20.9,27.4,242.0,9.1,75.0,3.8
2026-03-26 20:00:00,2026,3,26,20,Hưng Yên,Phường Trần Hưng Đạo,20.4492199,106.3229529,66,Moderate,1,23.7,92,0.0,8.6,150,1007.6,13,21.2,28.0,264.0,9.1,73.0,3.9
2026-03-26 21:00:00,2026,3,26,21,Hưng Yên,Phường Trần Hưng Đạo,20.4492199,106.3229529,66,Moderate,1,23.4,95,0.0,6.5,148,1008.4,30,21.8,28.5,289.0,9.1,70.0,4.0
2026-03-26 22:00:00,2026,3,26,22,Hưng Yên,Phường Trần Hưng Đạo,20.4492199,106.3229529,65,Moderate,1,23.1,96,0.0,5.4,143,1008.8,80,23.5,30.2,300.0,9.1,68.0,3.9
2026-03-26 23:00:00,2026,3,26,23,Hưng Yên,Phường Trần Hưng Đạo,20.4492199,106.3229529,65,Moderate,1,23.1,96,0.0,6.3,153,1008.9,100,25.0,31.4,286.0,9.2,66.0,3.6
2026-03-27 00:00:00,2026,3,27,0,Hưng Yên,Phường Trần Hưng Đạo,20.4492199,106.3229529,65,Moderate,1,23.5,96,0.0,8.3,156,1008.4,100,24.1,30.3,257.0,9.2,64.0,3.1
2026-03-27 01:00:00,2026,3,27,1,Hưng Yên,Phường Trần Hưng Đạo,20.4492199,106.3229529,65,Moderate,1,24.1,95,0.0,10.6,159,1008.2,100,22.8,28.7,233.0,9.1,63.0,2.7
2026-03-27 02:00:00,2026,3,27,2,Hưng Yên,Phường Trần Hưng Đạo,20.4492199,106.3229529,65,Moderate,1,24.4,92,0.0,11.6,165,1007.6,100,21.4,27.2,217.0,8.6,64.0,2.5
2026-03-27 03:00:00,2026,3,27,3,Hưng Yên,Phường Trần Hưng Đạo,20.4492199,106.3229529,65,Moderate,1,24.3,92,0.0,12.0,156,1007.3,100,20.5,26.3,205.0,7.9,66.0,2.5
2026-03-27 04:00:00,2026,3,27,4,Hưng Yên,Phường Trần Hưng Đạo,20.4492199,106.3229529,66,Moderate,1,24.2,93,0.0,11.8,152,1007.2,100,19.9,25.7,204.0,7.2,68.0,2.5
2026-03-27 05:00:00,2026,3,27,5,Hưng Yên,Phường Trần Hưng Đạo,20.4492199,106.3229529,66,Moderate,1,24.1,94,0.0,12.7,150,1007.4,100,19.0,24.7,225.0,6.7,69.0,2.5
2026-03-27 06:00:00,2026,3,27,6,Hưng Yên,Phường Trần Hưng Đạo,20.4492199,106.3229529,66,Moderate,1,24.1,94,0.0,12.7,150,1007.8,100,18.3,24.0,257.0,6.2,70.0,2.6
2026-03-27 07:00:00,2026,3,27,7,Hưng Yên,Phường Trần Hưng Đạo,20.4492199,106.3229529,66,Moderate,1,24.4,91,0.0,12.3,140,1008.9,100,21.4,31.0,279.0,6.4,68.0,2.4
2026-03-27 08:00:00,2026,3,27,8,Hưng Yên,Phường Trần Hưng Đạo,20.4492199,106.3229529,66,Moderate,1,25.4,84,0.1,16.8,153,1009.5,99,20.5,30.0,281.0,5.7,69.0,2.3
2026-03-27 09:00:00,2026,3,27,9,Hưng Yên,Phường Trần Hưng Đạo,20.4492199,106.3229529,67,Moderate,1,26.5,79,0.1,16.5,156,1010.0,100,19.7,27.6,273.0,4.6,71.0,2.1
2026-03-27 10:00:00,2026,3,27,10,Hưng Yên,Phường Trần Hưng Đạo,20.4492199,106.3229529,67,Moderate,1,27.4,75,0.1,16.6,160,1010.1,100,19.3,27.1,265.0,3.7,74.0,2.0
2026-03-27 11:00:00,2026,3,27,11,Hưng Yên,Phường Trần Hưng Đạo,20.4492199,106.3229529,67,Moderate,1,27.6,75,0.0,15.0,154,1009.6,100,20.3,28.6,260.0,3.0,78.0,1.9
2026-03-27 12:00:00,2026,3,27,12,Hưng Yên,Phường Trần Hưng Đạo,20.4492199,106.3229529,67,Moderate,1,28.5,73,0.0,15.5,154,1008.6,100,18.7,26.5,254.0,2.4,83.0,1.7
2026-03-27 13:00:00,2026,3,27,13,Hưng Yên,Phường Trần Hưng Đạo,20.4492199,106.3229529,67,Moderate,1,28.1,73,0.0,13.0,149,1007.6,100,17.8,25.1,247.0,2.0,87.0,1.6
2026-03-27 14:00:00,2026,3,27,14,Hưng Yên,Phường Trần Hưng Đạo,20.4492199,106.3229529,67,Moderate,1,28.1,73,0.0,14.3,152,1006.8,100,17.1,24.1,238.0,1.8,89.0,1.5
2026-03-27 15:00:00,2026,3,27,15,Hưng Yên,Phường Trần Hưng Đạo,20.4492199,106.3229529,67,Moderate,1,27.6,75,0.0,15.0,147,1006.1,100,17.2,24.2,227.0,1.9,90.0,1.5
2026-03-27 16:00:00,2026,3,27,16,Hưng Yên,Phường Trần Hưng Đạo,20.4492199,106.3229529,67,Moderate,1,26.9,78,0.0,14.9,145,1005.8,100,16.0,22.4,222.0,2.4,90.0,1.6
2026-03-27 17:00:00,2026,3,27,17,Hưng Yên,Phường Trần Hưng Đạo,20.4492199,106.3229529,67,Moderate,1,26.2,80,0.0,15.3,141,1005.6,100,15.7,21.7,225.0,3.6,88.0,1.9
2026-03-27 18:00:00,2026,3,27,18,Hưng Yên,Phường Trần Hưng Đạo,20.4492199,106.3229529,67,Moderate,1,25.5,84,0.0,14.9,137,1005.6,16,16.1,21.5,233.0,5.2,85.0,2.4
2026-03-27 19:00:00,2026,3,27,19,Hưng Yên,Phường Trần Hưng Đạo,20.4492199,106.3229529,67,Moderate,1,24.7,90,0.0,14.3,121,1006.1,19,16.2,20.4,242.0,7.0,87.0,2.9
2026-03-27 20:00:00,2026,3,27,20,Hưng Yên,Phường Trần Hưng Đạo,20.4492199,106.3229529,66,Moderate,1,24.2,92,0.0,9.7,106,1007.1,13,17.1,21.4,253.0,7.3,84.0,3.1
2026-03-27 21:00:00,2026,3,27,21,Hưng Yên,Phường Trần Hưng Đạo,20.4492199,106.3229529,66,Moderate,1,24.0,93,0.0,8.3,106,1007.9,3,17.9,22.3,264.0,7.7,79.0,3.4
2026-03-27 22:00:00,2026,3,27,22,Hưng Yên,Phường Trần Hưng Đạo,20.4492199,106.3229529,66,Moderate,1,23.7,94,0.0,5.6,107,1008.6,10,20.4,24.8,267.0,8.5,73.0,3.5
2026-03-27 23:00:00,2026,3,27,23,Hưng Yên,Phường Trần Hưng Đạo,20.4492199,106.3229529,65,Moderate,1,23.5,96,0.0,6.6,106,1008.4,5,23.5,28.0,256.0,10.0,66.0,3.5
2026-03-28 00:00:00,2026,3,28,0,Hưng Yên,Phường Trần Hưng Đạo,20.4492199,106.3229529,65,Moderate,1,23.2,96,0.0,5.0,90,1008.2,15,25.2,29.8,237.0,11.8,59.0,3.3
2026-03-28 01:00:00,2026,3,28,1,Hưng Yên,Phường Trần Hưng Đạo,20.4492199,106.3229529,65,Moderate,1,23.7,97,0.0,8.4,99,1008.0,86,27.2,32.0,221.0,13.0,53.0,3.1
2026-03-28 02:00:00,2026,3,28,2,Hưng Yên,Phường Trần Hưng Đạo,20.4492199,106.3229529,66,Moderate,1,23.9,96,0.0,9.3,117,1007.3,100,28.6,33.4,209.0,13.0,50.0,2.8
2026-03-28 03:00:00,2026,3,28,3,Hưng Yên,Phường Trần Hưng Đạo,20.4492199,106.3229529,66,Moderate,1,24.0,95,0.0,10.3,125,1006.9,100,26.7,31.3,199.0,12.4,49.0,2.6
2026-03-28 04:00:00,2026,3,28,4,Hưng Yên,Phường Trần Hưng Đạo,20.4492199,106.3229529,67,Moderate,1,24.0,94,0.0,10.3,133,1006.9,100,23.7,28.2,197.0,11.5,49.0,2.4
2026-03-28 05:00:00,2026,3,28,5,Hưng Yên,Phường Trần Hưng Đạo,20.4492199,106.3229529,67,Moderate,1,24.2,93,0.0,9.6,139,1007.4,100,22.4,26.7,208.0,10.5,50.0,2.5
2026-03-28 06:00:00,2026,3,28,6,Hưng Yên,Phường Trần Hưng Đạo,20.4492199,106.3229529,68,Moderate,1,24.2,93,0.0,9.7,141,1008.2,100,22.3,26.6,227.0,9.3,53.0,2.8
2026-03-28 07:00:00,2026,3,28,7,Hưng Yên,Phường Trần Hưng Đạo,20.4492199,106.3229529,68,Moderate,1,24.5,91,0.0,10.9,136,1009.3,100,21.0,27.6,238.0,7.5,58.0,2.5
2026-03-28 08:00:00,2026,3,28,8,Hưng Yên,Phường Trần Hưng Đạo,20.4492199,106.3229529,68,Moderate,1,25.7,83,0.1,13.9,151,1010.0,96,19.0,24.9,232.0,6.0,63.0,2.3
2026-03-28 09:00:00,2026,3,28,9,Hưng Yên,Phường Trần Hưng Đạo,20.4492199,106.3229529,68,Moderate,1,27.0,76,0.1,14.2,151,1010.3,100,16.6,22.2,219.0,3.8,71.0,2.1
2026-03-28 10:00:00,2026,3,28,10,Hưng Yên,Phường Trần Hưng Đạo,20.4492199,106.3229529,68,Moderate,1,27.6,74,0.1,14.5,157,1010.1,100,16.2,21.7,209.0,2.2,77.0,1.9
2026-03-28 11:00:00,2026,3,28,11,Hưng Yên,Phường Trần Hưng Đạo,20.4492199,106.3229529,67,Moderate,1,28.2,72,0.0,15.4,157,1009.7,100,16.5,21.8,210.0,1.6,81.0,1.8
2026-03-28 12:00:00,2026,3,28,12,Hưng Yên,Phường Trần Hưng Đạo,20.4492199,106.3229529,67,Moderate,1,28.4,72,0.0,16.0,159,1008.8,100,15.9,21.1,215.0,1.5,84.0,1.8
2026-03-28 13:00:00,2026,3,28,13,Hưng Yên,Phường Trần Hưng Đạo,20.4492199,106.3229529,67,Moderate,1,27.6,73,0.0,13.7,162,1008.2,100,15.7,20.7,217.0,1.6,86.0,1.8
2026-03-28 14:00:00,2026,3,28,14,Hưng Yên,Phường Trần Hưng Đạo,20.4492199,106.3229529,67,Moderate,1,27.6,73,0.0,12.8,160,1007.3,100,15.8,20.8,209.0,1.7,86.0,1.7
2026-03-28 15:00:00,2026,3,28,15,Hưng Yên,Phường Trần Hưng Đạo,20.4492199,106.3229529,66,Moderate,1,27.5,73,0.1,13.1,148,1006.4,100,17.6,23.2,198.0,1.9,84.0,1.6
2026-03-28 16:00:00,2026,3,28,16,Hưng Yên,Phường Trần Hưng Đạo,20.4492199,106.3229529,66,Moderate,1,27.1,75,0.0,14.9,138,1005.8,100,17.1,22.3,191.0,2.7,81.0,1.7
2026-03-28 17:00:00,2026,3,28,17,Hưng Yên,Phường Trần Hưng Đạo,20.4492199,106.3229529,67,Moderate,1,26.7,78,0.1,15.7,139,1005.9,100,19.3,25.1,194.0,4.5,77.0,2.1
2026-03-28 18:00:00,2026,3,28,18,Hưng Yên,Phường Trần Hưng Đạo,20.4492199,106.3229529,67,Moderate,1,25.8,84,0.1,14.4,134,1006.4,100,21.0,26.1,202.0,6.8,73.0,2.7
2026-03-28 19:00:00,2026,3,28,19,Hưng Yên,Phường Trần Hưng Đạo,20.4492199,106.3229529,67,Moderate,1,25.5,90,0.0,13.6,139,1006.6,89,20.3,25.2,210.0,7.9,74.0,2.9
2026-03-28 20:00:00,2026,3,28,20,Hưng Yên,Phường Trần Hưng Đạo,20.4492199,106.3229529,68,Moderate,1,25.2,92,0.0,12.6,142,1007.5,100,20.6,25.3,218.0,7.4,73.0,2.8
2026-03-28 21:00:00,2026,3,28,21,Hưng Yên,Phường Trần Hưng Đạo,20.4492199,106.3229529,68,Moderate,1,25.0,93,0.0,9.4,135,1008.1,100,19.1,23.5,225.0,6.8,72.0,2.6
2026-03-28 22:00:00,2026,3,28,22,Hưng Yên,Phường Trần Hưng Đạo,20.4492199,106.3229529,68,Moderate,1,25.0,93,0.0,11.0,124,1008.3,100,18.5,22.9,227.0,6.3,70.0,2.4
2026-03-28 23:00:00,2026,3,28,23,Hưng Yên,Phường Trần Hưng Đạo,20.4492199,106.3229529,68,Moderate,1,24.8,94,0.0,10.2,131,1008.1,100,18.2,22.7,219.0,6.3,68.0,2.2
2026-03-29 00:00:00,2026,3,29,0,Hưng Yên,Phường Trần Hưng Đạo,20.4492199,106.3229529,67,Moderate,1,24.4,95,0.0,10.0,129,1007.6,100,17.3,21.8,205.0,6.5,65.0,1.9
2026-03-29 01:00:00,2026,3,29,1,Hưng Yên,Phường Trần Hưng Đạo,20.4492199,106.3229529,67,Moderate,1,24.5,96,0.0,9.8,125,1006.8,80,17.2,21.5,195.0,6.6,62.0,1.7
2026-03-29 02:00:00,2026,3,29,2,Hưng Yên,Phường Trần Hưng Đạo,20.4492199,106.3229529,66,Moderate,1,24.2,97,0.0,8.9,128,1006.7,100,17.1,21.5,190.0,6.4,60.0,1.6
2026-03-29 03:00:00,2026,3,29,3,Hưng Yên,Phường Trần Hưng Đạo,20.4492199,106.3229529,65,Moderate,1,24.2,97,0.0,9.0,128,1006.3,100,16.6,21.0,188.0,6.1,58.0,1.5
2026-03-29 04:00:00,2026,3,29,4,Hưng Yên,Phường Trần Hưng Đạo,20.4492199,106.3229529,64,Moderate,1,24.5,95,0.0,10.8,137,1006.5,100,16.0,20.4,192.0,5.8,57.0,1.5
2026-03-29 05:00:00,2026,3,29,5,Hưng Yên,Phường Trần Hưng Đạo,20.4492199,106.3229529,63,Moderate,1,24.6,94,0.0,13.4,144,1006.7,100,15.8,20.3,208.0,5.7,55.0,1.7
2026-03-29 06:00:00,2026,3,29,6,Hưng Yên,Phường Trần Hưng Đạo,20.4492199,106.3229529,63,Moderate,1,24.6,94,0.0,12.8,145,1007.4,100,16.5,20.8,229.0,5.7,54.0,2.1
2026-03-29 07:00:00,2026,3,29,7,Hưng Yên,Phường Trần Hưng Đạo,20.4492199,106.3229529,62,Moderate,1,25.2,93,0.1,14.7,129,1008.4,100,17.1,21.9,241.0,5.6,54.0,2.4
2026-03-29 08:00:00,2026,3,29,8,Hưng Yên,Phường Trần Hưng Đạo,20.4492199,106.3229529,62,Moderate,1,26.4,84,0.2,12.7,130,1009.6,100,16.6,21.4,233.0,4.8,59.0,2.3
2026-03-29 09:00:00,2026,3,29,9,Hưng Yên,Phường Trần Hưng Đạo,20.4492199,106.3229529,62,Moderate,1,26.5,83,0.1,12.6,142,1010.3,100,18.1,23.5,216.0,3.6,66.0,2.1
2026-03-29 10:00:00,2026,3,29,10,Hưng Yên,Phường Trần Hưng Đạo,20.4492199,106.3229529,62,Moderate,1,27.1,78,0.6,10.7,135,1010.9,100,17.4,22.5,203.0,2.7,73.0,2.0
2026-03-29 11:00:00,2026,3,29,11,Hưng Yên,Phường Trần Hưng Đạo,20.4492199,106.3229529,62,Moderate,1,27.5,76,1.9,11.9,146,1010.6,100,17.0,22.3,202.0,2.2,79.0,2.0
2026-03-29 12:00:00,2026,3,29,12,Hưng Yên,Phường Trần Hưng Đạo,20.4492199,106.3229529,62,Moderate,1,27.6,75,0.0,17.3,145,1008.8,39,17.6,22.8,205.0,1.8,86.0,2.0
2026-03-29 13:00:00,2026,3,29,13,Hưng Yên,Phường Trần Hưng Đạo,20.4492199,106.3229529,62,Moderate,1,28.8,69,0.0,18.4,168,1007.6,65,16.9,22.0,207.0,1.7,89.0,2.0
2026-03-29 14:00:00,2026,3,29,14,Hưng Yên,Phường Trần Hưng Đạo,20.4492199,106.3229529,62,Moderate,1,28.8,70,0.0,17.9,162,1006.3,55,15.7,20.2,204.0,1.7,88.0,1.8
2026-03-29 15:00:00,2026,3,29,15,Hưng Yên,Phường Trần Hưng Đạo,20.4492199,106.3229529,62,Moderate,1,28.8,70,0.0,16.3,160,1005.7,55,14.7,19.2,201.0,1.8,83.0,1.4
2026-03-29 16:00:00,2026,3,29,16,Hưng Yên,Phường Trần Hưng Đạo,20.4492199,106.3229529,62,Moderate,1,27.8,76,0.0,15.6,153,1005.3,38,13.9,18.0,202.0,2.3,80.0,1.3
2026-03-29 17:00:00,2026,3,29,17,Hưng Yên,Phường Trần Hưng Đạo,20.4492199,106.3229529,62,Moderate,1,26.7,79,0.0,15.3,143,1005.0,11,13.5,17.5,213.0,3.5,78.0,1.5
2026-03-29 18:00:00,2026,3,29,18,Hưng Yên,Phường Trần Hưng Đạo,20.4492199,106.3229529,61,Moderate,1,25.4,86,0.0,16.0,144,1004.9,99,13.8,17.5,229.0,5.0,77.0,1.9
2026-03-29 19:00:00,2026,3,29,19,Hưng Yên,Phường Trần Hưng Đạo,20.4492199,106.3229529,60,Moderate,1,26.0,92,0.0,11.0,162,1005.5,15,13.8,17.1,240.0,6.4,74.0,2.3
2026-03-29 20:00:00,2026,3,29,20,Hưng Yên,Phường Trần Hưng Đạo,20.4492199,106.3229529,60,Moderate,1,25.2,96,0.5,16.0,183,1006.5,77,15.7,19.4,243.0,6.3,76.0,2.4
2026-03-29 21:00:00,2026,3,29,21,Hưng Yên,Phường Trần Hưng Đạo,20.4492199,106.3229529,59,Moderate,1,25.2,96,0.0,14.6,181,1006.3,23,17.1,20.8,241.0,6.1,78.0,2.6
2026-03-29 22:00:00,2026,3,29,22,Hưng Yên,Phường Trần Hưng Đạo,20.4492199,106.3229529,59,Moderate,1,25.0,97,0.0,12.8,199,1006.8,14,18.5,22.4,235.0,6.1,80.0,2.7
2026-03-29 23:00:00,2026,3,29,23,Hưng Yên,Phường Trần Hưng Đạo,20.4492199,106.3229529,59,Moderate,1,24.9,97,0.0,10.4,189,1006.6,30,19.3,23.1,224.0,6.3,80.0,2.8
2026-03-30 00:00:00,2026,3,30,0,Hưng Yên,Phường Trần Hưng Đạo,20.4492199,106.3229529,59,Moderate,1,24.8,96,0.0,14.2,179,1006.2,9,19.6,23.4,210.0,6.6,79.0,2.8
2026-03-30 01:00:00,2026,3,30,1,Hưng Yên,Phường Trần Hưng Đạo,20.4492199,106.3229529,60,Moderate,1,25.1,96,0.0,19.6,182,1005.3,15,20.4,24.3,199.0,6.7,79.0,2.8
2026-03-30 02:00:00,2026,3,30,2,Hưng Yên,Phường Trần Hưng Đạo,20.4492199,106.3229529,60,Moderate,1,24.8,96,0.0,15.6,195,1005.0,28,20.5,24.4,190.0,6.2,80.0,2.5
2026-03-30 03:00:00,2026,3,30,3,Hưng Yên,Phường Trần Hưng Đạo,20.4492199,106.3229529,60,Moderate,1,24.6,96,0.0,12.4,208,1005.1,45,19.7,23.5,185.0,5.4,83.0,2.2
2026-03-30 04:00:00,2026,3,30,4,Hưng Yên,Phường Trần Hưng Đạo,20.4492199,106.3229529,60,Moderate,1,24.5,96,0.0,8.8,208,1005.1,27,18.7,22.4,186.0,4.9,85.0,2.0
2026-03-30 05:00:00,2026,3,30,5,Hưng Yên,Phường Trần Hưng Đạo,20.4492199,106.3229529,61,Moderate,1,24.2,96,0.0,7.3,196,1005.8,40,18.7,22.2,200.0,4.9,87.0,2.1
2026-03-30 06:00:00,2026,3,30,6,Hưng Yên,Phường Trần Hưng Đạo,20.4492199,106.3229529,61,Moderate,1,24.0,97,0.0,6.7,16,1007.3,100,19.8,23.2,222.0,5.2,88.0,2.5
2026-03-30 07:00:00,2026,3,30,7,Hưng Yên,Phường Trần Hưng Đạo,20.4492199,106.3229529,61,Moderate,1,24.8,93,0.0,4.7,270,1007.7,100,39.5,41.9,240.0,12.9,75.0,6.4
2026-03-30 08:00:00,2026,3,30,8,Hưng Yên,Phường Trần Hưng Đạo,20.4492199,106.3229529,63,Moderate,1,25.4,91,0.0,12.2,154,1008.4,98,31.1,33.1,249.0,10.0,86.0,5.0
2026-03-30 09:00:00,2026,3,30,9,Hưng Yên,Phường Trần Hưng Đạo,20.4492199,106.3229529,64,Moderate,1,27.5,79,0.0,20.7,169,1008.5,36,26.4,28.7,255.0,6.0,100.0,3.2
2026-03-30 10:00:00,2026,3,30,10,Hưng Yên,Phường Trần Hưng Đạo,20.4492199,106.3229529,65,Moderate,1,28.6,74,0.0,20.7,173,1008.3,23,27.9,31.3,259.0,3.1,114.0,2.0
2026-03-30 11:00:00,2026,3,30,11,Hưng Yên,Phường Trần Hưng Đạo,20.4492199,106.3229529,66,Moderate,1,29.9,71,0.0,18.7,169,1007.8,27,26.9,29.9,263.0,2.2,125.0,2.2
2026-03-30 12:00:00,2026,3,30,12,Hưng Yên,Phường Trần Hưng Đạo,20.4492199,106.3229529,67,Moderate,1,30.6,67,0.0,18.8,170,1006.4,3,28.0,31.0,266.0,2.3,135.0,3.2
2026-03-30 13:00:00,2026,3,30,13,Hưng Yên,Phường Trần Hưng Đạo,20.4492199,106.3229529,68,Moderate,1,30.2,65,0.0,16.0,172,1005.6,15,29.9,32.5,267.0,2.7,141.0,3.8
2026-03-30 14:00:00,2026,3,30,14,Hưng Yên,Phường Trần Hưng Đạo,20.4492199,106.3229529,69,Moderate,1,30.1,65,0.0,16.0,168,1004.5,9,32.1,34.5,265.0,3.2,142.0,3.7
2026-03-30 15:00:00,2026,3,30,15,Hưng Yên,Phường Trần Hưng Đạo,20.4492199,106.3229529,71,Moderate,1,30.0,65,0.0,16.1,164,1003.9,20,33.5,35.7,262.0,4.0,140.0,3.2
2026-03-30 16:00:00,2026,3,30,16,Hưng Yên,Phường Trần Hưng Đạo,20.4492199,106.3229529,76,Moderate,1,29.3,69,0.0,15.2,150,1003.2,11,32.8,35.0,258.0,4.9,135.0,2.9
2026-03-30 17:00:00,2026,3,30,17,Hưng Yên,Phường Trần Hưng Đạo,20.4492199,106.3229529,86,Moderate,1,28.1,75,0.0,13.0,153,1003.2,7,31.0,33.5,254.0,6.0,126.0,3.0
2026-03-30 18:00:00,2026,3,30,18,Hưng Yên,Phường Trần Hưng Đạo,20.4492199,106.3229529,92,Moderate,1,26.9,80,0.0,13.5,150,1003.3,4,29.2,32.1,249.0,7.1,115.0,3.2
2026-03-30 19:00:00,2026,3,30,19,Hưng Yên,Phường Trần Hưng Đạo,20.4492199,106.3229529,92,Moderate,1,27.0,79,0.0,18.9,159,1003.4,17,13.9,16.4,243.0,8.6,102.0,3.3
2026-03-30 20:00:00,2026,3,30,20,Hưng Yên,Phường Trần Hưng Đạo,20.4492199,106.3229529,87,Moderate,1,27.1,76,0.0,21.2,162,1003.9,2,13.9,16.6,236.0,7.7,101.0,3.1
2026-03-30 21:00:00,2026,3,30,21,Hưng Yên,Phường Trần Hưng Đạo,20.4492199,106.3229529,80,Moderate,1,26.8,78,0.0,19.8,170,1005.1,6,13.8,16.8,229.0,6.5,100.0,2.9
2026-03-30 22:00:00,2026,3,30,22,Hưng Yên,Phường Trần Hưng Đạo,20.4492199,106.3229529,76,Moderate,1,26.5,79,0.0,20.0,178,1006.0,18,13.9,17.1,220.0,5.5,99.0,2.6
2026-03-30 23:00:00,2026,3,30,23,Hưng Yên,Phường Trần Hưng Đạo,20.4492199,106.3229529,76,Moderate,1,26.0,82,0.0,21.3,176,1005.9,2,13.6,16.9,209.0,4.8,98.0,2.2
2026-03-31 00:00:00,2026,3,31,0,Hưng Yên,Phường Trần Hưng Đạo,20.4492199,106.3229529,75,Moderate,1,25.7,83,0.0,21.7,175,1005.7,1,13.2,16.4,196.0,4.4,97.0,1.7
2026-03-31 01:00:00,2026,3,31,1,Hưng Yên,Phường Trần Hưng Đạo,20.4492199,106.3229529,75,Moderate,1,26.0,83,0.0,22.1,173,1004.8,14,13.2,16.4,187.0,4.2,97.0,1.5
2026-03-31 02:00:00,2026,3,31,2,Hưng Yên,Phường Trần Hưng Đạo,20.4492199,106.3229529,74,Moderate,1,25.8,83,0.0,19.5,175,1004.5,1,13.4,16.5,179.0,4.4,98.0,1.6
2026-03-31 03:00:00,2026,3,31,3,Hưng Yên,Phường Trần Hưng Đạo,20.4492199,106.3229529,74,Moderate,1,25.5,84,0.0,18.0,177,1004.4,1,14.0,16.9,175.0,4.8,99.0,1.9
2026-03-31 04:00:00,2026,3,31,4,Hưng Yên,Phường Trần Hưng Đạo,20.4492199,106.3229529,73,Moderate,1,25.2,85,0.0,17.5,178,1004.3,0,15.0,17.8,187.0,5.5,100.0,2.3
2026-03-31 05:00:00,2026,3,31,5,Hưng Yên,Phường Trần Hưng Đạo,20.4492199,106.3229529,73,Moderate,1,25.2,85,0.0,17.7,177,1004.6,0,16.2,19.1,227.0,6.7,98.0,2.9
2026-03-31 06:00:00,2026,3,31,6,Hưng Yên,Phường Trần Hưng Đạo,20.4492199,106.3229529,73,Moderate,1,25.1,85,0.0,17.1,178,1005.2,0,18.1,21.0,282.0,8.0,96.0,3.7
2026-03-31 07:00:00,2026,3,31,7,Hưng Yên,Phường Trần Hưng Đạo,20.4492199,106.3229529,72,Moderate,1,26.0,85,0.0,16.0,178,1006.1,0,27.5,30.9,326.0,9.6,91.0,4.7
2026-03-31 08:00:00,2026,3,31,8,Hưng Yên,Phường Trần Hưng Đạo,20.4492199,106.3229529,71,Moderate,1,27.9,79,0.0,15.1,181,1006.6,0,31.0,34.7,350.0,9.0,109.0,6.3
2026-03-31 09:00:00,2026,3,31,9,Hưng Yên,Phường Trần Hưng Đạo,20.4492199,106.3229529,71,Moderate,1,29.6,73,0.0,15.2,184,1007.3,0,34.8,38.8,363.0,8.2,135.0,8.5
2026-03-31 10:00:00,2026,3,31,10,Hưng Yên,Phường Trần Hưng Đạo,20.4492199,106.3229529,72,Moderate,1,31.2,64,0.0,17.0,187,1007.2,0,39.5,42.7,368.0,7.4,160.0,10.1
2026-03-31 11:00:00,2026,3,31,11,Hưng Yên,Phường Trần Hưng Đạo,20.4492199,106.3229529,73,Moderate,1,32.5,57,0.0,18.4,188,1006.5,0,42.8,44.9,361.0,6.4,186.0,10.7
2026-03-31 12:00:00,2026,3,31,12,Hưng Yên,Phường Trần Hưng Đạo,20.4492199,106.3229529,74,Moderate,1,33.4,52,0.0,19.3,188,1005.5,0,44.4,45.8,346.0,5.3,212.0,10.7
2026-03-31 13:00:00,2026,3,31,13,Hưng Yên,Phường Trần Hưng Đạo,20.4492199,106.3229529,98,Moderate,1,33.8,51,0.0,17.5,192,1004.3,2,43.8,44.8,334.0,4.9,224.0,10.1
2026-03-31 14:00:00,2026,3,31,14,Hưng Yên,Phường Trần Hưng Đạo,20.4492199,106.3229529,125,Unhealthy for Sensitive Groups,2,33.9,53,0.0,15.8,188,1003.4,25,42.1,42.8,328.0,5.1,214.0,8.6
2026-03-31 15:00:00,2026,3,31,15,Hưng Yên,Phường Trần Hưng Đạo,20.4492199,106.3229529,150,Unhealthy for Sensitive Groups,2,33.5,54,0.0,14.9,173,1002.7,7,39.5,40.0,326.0,6.0,192.0,6.5
2026-03-31 16:00:00,2026,3,31,16,Hưng Yên,Phường Trần Hưng Đạo,20.4492199,106.3229529,166,Unhealthy,3,32.5,59,0.0,14.2,171,1002.5,13,37.3,38.1,328.0,8.0,168.0,5.3
2026-03-31 17:00:00,2026,3,31,17,Hưng Yên,Phường Trần Hưng Đạo,20.4492199,106.3229529,175,Unhealthy,3,31.1,65,0.0,13.4,168,1002.6,16,38.9,40.7,341.0,12.8,145.0,5.9
2026-03-31 18:00:00,2026,3,31,18,Hưng Yên,Phường Trần Hưng Đạo,20.4492199,106.3229529,177,Unhealthy,3,29.3,65,0.0,14.6,167,1003.2,12,39.6,41.8,358.0,18.7,121.0,7.4
2026-03-31 19:00:00,2026,3,31,19,Hưng Yên,Phường Trần Hưng Đạo,20.4492199,106.3229529,171,Unhealthy,3,28.2,74,0.0,9.9,128,1004.2,11,60.1,63.1,363.0,15.7,114.0,6.0
2026-03-31 20:00:00,2026,3,31,20,Hưng Yên,Phường Trần Hưng Đạo,20.4492199,106.3229529,159,Unhealthy,3,27.5,76,0.0,10.4,98,1004.6,23,54.7,57.6,341.0,14.3,117.0,5.8
2026-03-31 21:00:00,2026,3,31,21,Hưng Yên,Phường Trần Hưng Đạo,20.4492199,106.3229529,142,Unhealthy for Sensitive Groups,2,26.2,77,0.0,18.7,88,1006.7,88,52.6,55.1,307.0,12.3,121.0,5.5
2026-03-31 22:00:00,2026,3,31,22,Hưng Yên,Phường Trần Hưng Đạo,20.4492199,106.3229529,120,Unhealthy for Sensitive Groups,2,25.5,83,0.4,26.4,76,1007.8,77,44.0,46.8,286.0,10.7,122.0,5.3
2026-03-31 23:00:00,2026,3,31,23,Hưng Yên,Phường Trần Hưng Đạo,20.4492199,106.3229529,101,Unhealthy for Sensitive Groups,2,24.8,84,0.0,22.7,82,1008.7,48,39.0,41.0,292.0,9.8,116.0,5.3
2026-04-01 00:00:00,2026,4,1,0,Hưng Yên,Phường Trần Hưng Đạo,20.4492199,106.3229529,97,Moderate,1,24.4,74,0.0,18.9,66,1009.1,39,35.6,37.4,311.0,9.3,107.0,5.4
2026-04-01 01:00:00,2026,4,1,1,Hưng Yên,Phường Trần Hưng Đạo,20.4492199,106.3229529,99,Moderate,1,23.1,90,0.1,21.1,75,1008.6,42,34.1,36.1,332.0,9.4,99.0,5.9
2026-04-01 02:00:00,2026,4,1,2,Hưng Yên,Phường Trần Hưng Đạo,20.4492199,106.3229529,101,Unhealthy for Sensitive Groups,2,23.4,86,0.1,19.4,77,1007.8,13,34.5,36.7,349.0,10.1,94.0,6.8
2026-04-01 03:00:00,2026,4,1,3,Hưng Yên,Phường Trần Hưng Đạo,20.4492199,106.3229529,103,Unhealthy for Sensitive Groups,2,22.9,85,0.0,13.7,55,1008.9,20,35.7,38.0,367.0,11.5,90.0,8.0
2026-04-01 04:00:00,2026,4,1,4,Hưng Yên,Phường Trần Hưng Đạo,20.4492199,106.3229529,105,Unhealthy for Sensitive Groups,2,22.8,81,0.0,13.0,53,1009.5,89,36.8,39.0,396.0,13.4,84.0,9.9
2026-04-01 05:00:00,2026,4,1,5,Hưng Yên,Phường Trần Hưng Đạo,20.4492199,106.3229529,107,Unhealthy for Sensitive Groups,2,22.9,78,0.0,12.4,59,1010.5,96,39.5,41.4,452.0,16.7,74.0,13.0
2026-04-01 06:00:00,2026,4,1,6,Hưng Yên,Phường Trần Hưng Đạo,20.4492199,106.3229529,110,Unhealthy for Sensitive Groups,2,22.8,79,0.0,11.4,57,1011.3,100,44.5,46.2,519.0,20.6,62.0,16.6
2026-04-01 07:00:00,2026,4,1,7,Hưng Yên,Phường Trần Hưng Đạo,20.4492199,106.3229529,113,Unhealthy for Sensitive Groups,2,24.5,85,0.0,7.6,31,1011.4,6,44.8,46.9,552.0,19.6,71.0,14.8
2026-04-01 08:00:00,2026,4,1,8,Hưng Yên,Phường Trần Hưng Đạo,20.4492199,106.3229529,114,Unhealthy for Sensitive Groups,2,25.5,78,0.0,6.6,45,1012.7,32,40.4,42.6,522.0,18.3,74.0,14.2
2026-04-01 09:00:00,2026,4,1,9,Hưng Yên,Phường Trần Hưng Đạo,20.4492199,106.3229529,115,Unhealthy for Sensitive Groups,2,26.4,72,0.0,7.7,69,1013.2,99,36.0,38.1,458.0,16.3,79.0,13.2
2026-04-01 10:00:00,2026,4,1,10,Hưng Yên,Phường Trần Hưng Đạo,20.4492199,106.3229529,115,Unhealthy for Sensitive Groups,2,26.8,68,0.0,11.7,85,1013.3,52,34.7,36.4,406.0,14.3,86.0,12.3
2026-04-01 11:00:00,2026,4,1,11,Hưng Yên,Phường Trần Hưng Đạo,20.4492199,106.3229529,115,Unhealthy for Sensitive Groups,2,27.1,62,0.0,13.0,89,1012.8,48,34.2,36.0,382.0,12.2,98.0,11.4
2026-04-01 12:00:00,2026,4,1,12,Hưng Yên,Phường Trần Hưng Đạo,20.4492199,106.3229529,114,Unhealthy for Sensitive Groups,2,27.2,62,0.0,14.4,90,1011.8,28,35.5,37.4,370.0,10.1,114.0,10.6
2026-04-01 13:00:00,2026,4,1,13,Hưng Yên,Phường Trần Hưng Đạo,20.4492199,106.3229529,113,Unhealthy for Sensitive Groups,2,27.1,63,0.0,12.3,94,1011.2,93,37.3,39.2,361.0,8.2,127.0,9.6
2026-04-01 14:00:00,2026,4,1,14,Hưng Yên,Phường Trần Hưng Đạo,20.4492199,106.3229529,112,Unhealthy for Sensitive Groups,2,26.6,64,0.0,13.8,97,1010.3,49,38.6,40.7,350.0,6.5,138.0,8.5
2026-04-01 15:00:00,2026,4,1,15,Hưng Yên,Phường Trần Hưng Đạo,20.4492199,106.3229529,112,Unhealthy for Sensitive Groups,2,26.0,66,0.0,13.3,98,1009.2,25,38.4,40.6,342.0,5.2,147.0,7.3
2026-04-01 16:00:00,2026,4,1,16,Hưng Yên,Phường Trần Hưng Đạo,20.4492199,106.3229529,112,Unhealthy for Sensitive Groups,2,25.8,68,0.0,13.1,102,1008.6,16,37.1,39.5,346.0,4.8,151.0,6.3
2026-04-01 17:00:00,2026,4,1,17,Hưng Yên,Phường Trần Hưng Đạo,20.4492199,106.3229529,112,Unhealthy for Sensitive Groups,2,25.0,71,0.0,12.2,110,1008.0,9,36.8,38.9,371.0,6.1,145.0,5.6
2026-04-01 18:00:00,2026,4,1,18,Hưng Yên,Phường Trần Hưng Đạo,20.4492199,106.3229529,112,Unhealthy for Sensitive Groups,2,23.9,76,0.0,10.1,115,1008.4,5,39.7,41.4,407.0,8.4,134.0,5.2
2026-04-01 19:00:00,2026,4,1,19,Hưng Yên,Phường Trần Hưng Đạo,20.4492199,106.3229529,112,Unhealthy for Sensitive Groups,2,23.2,81,0.0,9.0,112,1009.7,2,58.2,62.2,437.0,11.8,114.0,5.9
2026-04-01 20:00:00,2026,4,1,20,Hưng Yên,Phường Trần Hưng Đạo,20.4492199,106.3229529,112,Unhealthy for Sensitive Groups,2,22.8,86,0.0,8.4,115,1010.4,6,54.1,57.9,456.0,11.7,113.0,6.2
2026-04-01 21:00:00,2026,4,1,21,Hưng Yên,Phường Trần Hưng Đạo,20.4492199,106.3229529,111,Unhealthy for Sensitive Groups,2,22.5,89,0.0,8.9,114,1011.0,2,52.9,56.5,469.0,11.7,110.0,6.5
2026-04-01 22:00:00,2026,4,1,22,Hưng Yên,Phường Trần Hưng Đạo,20.4492199,106.3229529,112,Unhealthy for Sensitive Groups,2,22.3,92,0.0,6.8,119,1011.6,7,54.1,57.6,470.0,12.3,107.0,6.7
2026-04-01 23:00:00,2026,4,1,23,Hưng Yên,Phường Trần Hưng Đạo,20.4492199,106.3229529,113,Unhealthy for Sensitive Groups,2,22.2,93,0.0,6.4,119,1011.4,1,57.0,60.8,450.0,13.8,102.0,6.5
2026-04-02 00:00:00,2026,4,2,0,Hưng Yên,Phường Trần Hưng Đạo,20.4492199,106.3229529,114,Unhealthy for Sensitive Groups,2,22.0,95,0.0,5.3,123,1010.9,88,61.0,65.0,419.0,15.9,95.0,6.1
2026-04-02 01:00:00,2026,4,2,1,Hưng Yên,Phường Trần Hưng Đạo,20.4492199,106.3229529,117,Unhealthy for Sensitive Groups,2,22.1,96,0.0,4.1,131,1010.6,64,67.3,71.5,397.0,18.2,88.0,5.9
2026-04-02 02:00:00,2026,4,2,2,Hưng Yên,Phường Trần Hưng Đạo,20.4492199,106.3229529,121,Unhealthy for Sensitive Groups,2,22.1,97,0.0,3.2,128,1010.4,92,73.3,77.8,394.0,21.1,79.0,6.2
2026-04-02 03:00:00,2026,4,2,3,Hưng Yên,Phường Trần Hưng Đạo,20.4492199,106.3229529,125,Unhealthy for Sensitive Groups,2,22.5,96,0.0,4.0,122,1010.0,100,82.4,87.1,401.0,24.3,70.0,6.8
2026-04-02 04:00:00,2026,4,2,4,Hưng Yên,Phường Trần Hưng Đạo,20.4492199,106.3229529,129,Unhealthy for Sensitive Groups,2,22.9,94,0.0,5.5,117,1010.0,100,89.4,94.5,409.0,26.1,64.0,7.4
2026-04-02 05:00:00,2026,4,2,5,Hưng Yên,Phường Trần Hưng Đạo,20.4492199,106.3229529,135,Unhealthy for Sensitive Groups,2,23.1,94,0.0,6.3,125,1010.1,100,92.2,97.1,421.0,26.0,62.0,8.2
2026-04-02 06:00:00,2026,4,2,6,Hưng Yên,Phường Trần Hưng Đạo,20.4492199,106.3229529,140,Unhealthy for Sensitive Groups,2,23.5,92,0.0,6.8,132,1010.3,100,90.6,95.5,434.0,24.5,62.0,9.1
2026-04-02 07:00:00,2026,4,2,7,Hưng Yên,Phường Trần Hưng Đạo,20.4492199,106.3229529,145,Unhealthy for Sensitive Groups,2,23.6,91,0.0,5.9,133,1010.8,100,84.1,88.2,437.0,24.0,64.0,8.3
2026-04-02 08:00:00,2026,4,2,8,Hưng Yên,Phường Trần Hưng Đạo,20.4492199,106.3229529,149,Unhealthy for Sensitive Groups,2,24.5,88,0.0,6.9,137,1011.4,100,61.7,66.8,420.0,19.4,77.0,8.1
2026-04-02 09:00:00,2026,4,2,9,Hưng Yên,Phường Trần Hưng Đạo,20.4492199,106.3229529,150,Unhealthy for Sensitive Groups,2,26.5,79,0.0,10.1,177,1011.3,100,54.2,59.6,391.0,13.0,95.0,7.8
2026-04-02 10:00:00,2026,4,2,10,Hưng Yên,Phường Trần Hưng Đạo,20.4492199,106.3229529,151,Unhealthy,3,27.9,73,0.0,13.7,185,1011.0,100,56.2,61.7,366.0,7.9,111.0,7.3
2026-04-02 11:00:00,2026,4,2,11,Hưng Yên,Phường Trần Hưng Đạo,20.4492199,106.3229529,151,Unhealthy,3,28.6,71,0.0,14.6,182,1010.3,100,54.4,59.5,349.0,5.2,124.0,6.4
2026-04-02 12:00:00,2026,4,2,12,Hưng Yên,Phường Trần Hưng Đạo,20.4492199,106.3229529,152,Unhealthy,3,29.1,69,0.0,16.8,176,1009.2,100,49.9,54.7,334.0,3.7,134.0,5.3
2026-04-02 13:00:00,2026,4,2,13,Hưng Yên,Phường Trần Hưng Đạo,20.4492199,106.3229529,152,Unhealthy,3,28.6,69,0.0,16.4,176,1008.3,88,43.8,48.0,320.0,2.8,139.0,4.2
2026-04-02 14:00:00,2026,4,2,14,Hưng Yên,Phường Trần Hưng Đạo,20.4492199,106.3229529,152,Unhealthy,3,28.9,69,0.0,17.1,176,1007.1,75,41.9,46.2,304.0,2.3,135.0,3.3
2026-04-02 15:00:00,2026,4,2,15,Hưng Yên,Phường Trần Hưng Đạo,20.4492199,106.3229529,152,Unhealthy,3,28.5,71,0.0,16.5,160,1006.2,18,32.1,35.7,287.0,2.4,125.0,2.4
2026-04-02 16:00:00,2026,4,2,16,Hưng Yên,Phường Trần Hưng Đạo,20.4492199,106.3229529,152,Unhealthy,3,27.9,74,0.0,17.1,155,1005.8,16,25.1,28.4,276.0,2.9,116.0,1.9
2026-04-02 17:00:00,2026,4,2,17,Hưng Yên,Phường Trần Hưng Đạo,20.4492199,106.3229529,152,Unhealthy,3,27.0,77,0.0,19.0,151,1005.4,83,20.8,24.4,273.0,4.0,110.0,1.9
2026-04-02 18:00:00,2026,4,2,18,Hưng Yên,Phường Trần Hưng Đạo,20.4492199,106.3229529,151,Unhealthy,3,25.9,83,0.0,17.7,147,1005.6,31,19.5,22.8,275.0,5.4,105.0,2.2
2026-04-02 19:00:00,2026,4,2,19,Hưng Yên,Phường Trần Hưng Đạo,20.4492199,106.3229529,151,Unhealthy,3,25.0,90,0.0,14.5,141,1006.4,12,36.1,42.3,277.0,7.5,104.0,2.9
2026-04-02 20:00:00,2026,4,2,20,Hưng Yên,Phường Trần Hưng Đạo,20.4492199,106.3229529,150,Unhealthy for Sensitive Groups,2,24.6,92,0.0,12.2,154,1007.2,12,32.2,37.6,277.0,7.3,106.0,2.9
2026-04-02 21:00:00,2026,4,2,21,Hưng Yên,Phường Trần Hưng Đạo,20.4492199,106.3229529,150,Unhealthy for Sensitive Groups,2,24.6,92,0.0,14.1,164,1007.5,3,30.7,36.1,276.0,6.9,109.0,2.8
2026-04-02 22:00:00,2026,4,2,22,Hưng Yên,Phường Trần Hưng Đạo,20.4492199,106.3229529,148,Unhealthy for Sensitive Groups,2,24.6,91,0.0,12.3,173,1007.8,2,30.3,35.7,272.0,6.7,111.0,2.8
2026-04-02 23:00:00,2026,4,2,23,Hưng Yên,Phường Trần Hưng Đạo,20.4492199,106.3229529,145,Unhealthy for Sensitive Groups,2,24.5,91,0.0,10.6,181,1007.6,0,29.9,35.5,263.0,6.8,112.0,2.8
2026-04-03 00:00:00,2026,4,3,0,Hưng Yên,Phường Trần Hưng Đạo,20.4492199,106.3229529,142,Unhealthy for Sensitive Groups,2,24.4,92,0.0,9.7,183,1007.2,2,29.6,35.3,251.0,6.9,112.0,2.8
2026-04-03 01:00:00,2026,4,3,1,Hưng Yên,Phường Trần Hưng Đạo,20.4492199,106.3229529,139,Unhealthy for Sensitive Groups,2,24.6,93,0.0,12.2,181,1006.8,6,29.4,34.8,242.0,6.9,109.0,2.7
2026-04-03 02:00:00,2026,4,3,2,Hưng Yên,Phường Trần Hưng Đạo,20.4492199,106.3229529,135,Unhealthy for Sensitive Groups,2,24.8,92,0.0,14.4,181,1006.2,3,27.8,32.8,237.0,6.3,102.0,2.4
2026-04-03 03:00:00,2026,4,3,3,Hưng Yên,Phường Trần Hưng Đạo,20.4492199,106.3229529,130,Unhealthy for Sensitive Groups,2,24.6,93,0.0,16.7,181,1005.4,4,24.4,29.0,236.0,5.5,92.0,2.0
2026-04-03 04:00:00,2026,4,3,4,Hưng Yên,Phường Trần Hưng Đạo,20.4492199,106.3229529,124,Unhealthy for Sensitive Groups,2,24.5,93,0.0,17.0,184,1005.1,7,21.1,25.3,243.0,5.1,86.0,1.9
2026-04-03 05:00:00,2026,4,3,5,Hưng Yên,Phường Trần Hưng Đạo,20.4492199,106.3229529,117,Unhealthy for Sensitive Groups,2,24.5,93,0.0,17.2,185,1005.2,7,19.6,23.5,265.0,5.6,84.0,2.2
2026-04-03 06:00:00,2026,4,3,6,Hưng Yên,Phường Trần Hưng Đạo,20.4492199,106.3229529,110,Unhealthy for Sensitive Groups,2,24.5,94,0.0,16.8,189,1005.4,13,20.3,24.0,296.0,6.4,85.0,2.8
2026-04-03 07:00:00,2026,4,3,7,Hưng Yên,Phường Trần Hưng Đạo,20.4492199,106.3229529,102,Unhealthy for Sensitive Groups,2,25.9,91,0.0,16.9,188,1005.5,27,26.3,29.6,322.0,9.0,86.0,4.3
2026-04-03 08:00:00,2026,4,3,8,Hưng Yên,Phường Trần Hưng Đạo,20.4492199,106.3229529,97,Moderate,1,27.5,84,0.0,18.9,196,1006.3,82,30.9,34.6,338.0,8.6,98.0,5.0
2026-04-03 09:00:00,2026,4,3,9,Hưng Yên,Phường Trần Hưng Đạo,20.4492199,106.3229529,94,Moderate,1,28.8,79,0.0,17.9,201,1006.6,80,35.6,38.6,349.0,7.9,114.0,6.0
2026-04-03 10:00:00,2026,4,3,10,Hưng Yên,Phường Trần Hưng Đạo,20.4492199,106.3229529,93,Moderate,1,30.0,75,0.0,15.2,199,1006.5,9,40.6,43.4,359.0,7.1,133.0,6.9
2026-04-03 11:00:00,2026,4,3,11,Hưng Yên,Phường Trần Hưng Đạo,20.4492199,106.3229529,91,Moderate,1,31.0,74,0.0,12.4,182,1005.6,10,46.1,49.1,371.0,5.9,156.0,7.8
2026-04-03 12:00:00,2026,4,3,12,Hưng Yên,Phường Trần Hưng Đạo,20.4492199,106.3229529,90,Moderate,1,31.5,72,0.0,13.2,170,1004.3,2,50.2,53.1,381.0,4.6,182.0,8.5
2026-04-03 13:00:00,2026,4,3,13,Hưng Yên,Phường Trần Hưng Đạo,20.4492199,106.3229529,90,Moderate,1,31.4,71,0.0,12.8,180,1003.1,5,49.7,52.4,385.0,3.9,196.0,8.5
2026-04-03 14:00:00,2026,4,3,14,Hưng Yên,Phường Trần Hưng Đạo,20.4492199,106.3229529,91,Moderate,1,31.4,71,0.0,11.4,162,1002.0,9,46.2,48.8,378.0,4.2,192.0,7.0
2026-04-03 15:00:00,2026,4,3,15,Hưng Yên,Phường Trần Hưng Đạo,20.4492199,106.3229529,113,Unhealthy for Sensitive Groups,2,31.4,69,0.0,12.1,152,1001.1,11,40.3,43.0,365.0,5.1,176.0,4.7
2026-04-03 16:00:00,2026,4,3,16,Hưng Yên,Phường Trần Hưng Đạo,20.4492199,106.3229529,132,Unhealthy for Sensitive Groups,2,30.6,70,0.0,13.4,147,1000.9,23,36.0,39.5,354.0,6.1,160.0,3.0
2026-04-03 17:00:00,2026,4,3,17,Hưng Yên,Phường Trần Hưng Đạo,20.4492199,106.3229529,145,Unhealthy for Sensitive Groups,2,29.2,75,0.0,12.4,140,1000.9,5,33.2,37.3,349.0,7.3,144.0,2.7
2026-04-03 18:00:00,2026,4,3,18,Hưng Yên,Phường Trần Hưng Đạo,20.4492199,106.3229529,151,Unhealthy,3,27.9,79,0.0,11.3,126,1001.4,5,32.7,36.4,346.0,8.7,128.0,3.1
2026-04-03 19:00:00,2026,4,3,19,Hưng Yên,Phường Trần Hưng Đạo,20.4492199,106.3229529,150,Unhealthy for Sensitive Groups,2,26.7,81,0.0,7.9,117,1002.2,3,42.5,47.5,344.0,10.8,125.0,3.5
2026-04-03 20:00:00,2026,4,3,20,Hưng Yên,Phường Trần Hưng Đạo,20.4492199,106.3229529,144,Unhealthy for Sensitive Groups,2,26.0,85,0.0,8.9,96,1003.1,5,35.4,40.4,345.0,10.3,121.0,3.7
2026-04-03 21:00:00,2026,4,3,21,Hưng Yên,Phường Trần Hưng Đạo,20.4492199,106.3229529,131,Unhealthy for Sensitive Groups,2,25.9,85,0.0,11.0,109,1003.7,58,32.9,38.0,348.0,9.7,116.0,4.0
2026-04-03 22:00:00,2026,4,3,22,Hưng Yên,Phường Trần Hưng Đạo,20.4492199,106.3229529,114,Unhealthy for Sensitive Groups,2,25.6,86,0.0,10.5,112,1004.2,71,32.9,38.3,348.0,9.3,110.0,4.1
2026-04-03 23:00:00,2026,4,3,23,Hưng Yên,Phường Trần Hưng Đạo,20.4492199,106.3229529,97,Moderate,1,25.5,87,0.0,10.5,114,1004.1,84,32.8,38.0,344.0,9.4,105.0,3.7
2026-04-04 00:00:00,2026,4,4,0,Hưng Yên,Phường Trần Hưng Đạo,20.4492199,106.3229529,97,Moderate,1,25.1,88,0.0,9.3,98,1003.7,77,32.0,36.7,337.0,9.7,99.0,3.0
2026-04-04 01:00:00,2026,4,4,1,Hưng Yên,Phường Trần Hưng Đạo,20.4492199,106.3229529,97,Moderate,1,24.9,93,0.0,7.5,80,1003.1,27,30.6,34.8,325.0,9.9,95.0,2.6
2026-04-04 02:00:00,2026,4,4,2,Hưng Yên,Phường Trần Hưng Đạo,20.4492199,106.3229529,97,Moderate,1,24.5,95,0.0,6.0,83,1002.6,9,28.6,32.7,297.0,9.8,91.0,2.6
2026-04-04 03:00:00,2026,4,4,3,Hưng Yên,Phường Trần Hưng Đạo,20.4492199,106.3229529,97,Moderate,1,23.9,96,0.0,4.3,66,1002.1,2,27.2,31.1,264.0,9.6,88.0,2.9
2026-04-04 04:00:00,2026,4,4,4,Hưng Yên,Phường Trần Hưng Đạo,20.4492199,106.3229529,97,Moderate,1,24.0,96,0.0,16.6,20,1003.2,100,26.0,29.6,251.0,9.3,87.0,3.2
2026-04-04 05:00:00,2026,4,4,5,Hưng Yên,Phường Trần Hưng Đạo,20.4492199,106.3229529,98,Moderate,1,25.0,90,0.0,15.8,42,1003.8,48,24.6,27.6,280.0,8.8,88.0,3.4
2026-04-04 06:00:00,2026,4,4,6,Hưng Yên,Phường Trần Hưng Đạo,20.4492199,106.3229529,98,Moderate,1,24.8,89,0.0,15.1,51,1004.6,100,25.4,28.6,329.0,8.2,90.0,3.6
2026-04-04 07:00:00,2026,4,4,7,Hưng Yên,Phường Trần Hưng Đạo,20.4492199,106.3229529,99,Moderate,1,25.0,88,0.0,12.7,50,1006.1,100,64.0,67.1,365.0,24.3,61.0,18.9
2026-04-04 08:00:00,2026,4,4,8,Hưng Yên,Phường Trần Hưng Đạo,20.4492199,106.3229529,103,Unhealthy for Sensitive Groups,2,25.9,85,0.0,13.0,63,1007.2,66,58.9,61.9,373.0,20.4,80.0,17.0
2026-04-04 09:00:00,2026,4,4,9,Hưng Yên,Phường Trần Hưng Đạo,20.4492199,106.3229529,105,Unhealthy for Sensitive Groups,2,26.4,83,0.0,16.8,46,1007.7,100,49.5,52.7,368.0,15.0,107.0,14.3
2026-04-04 10:00:00,2026,4,4,10,Hưng Yên,Phường Trần Hưng Đạo,20.4492199,106.3229529,107,Unhealthy for Sensitive Groups,2,26.5,80,0.0,13.8,50,1007.9,99,45.1,49.0,359.0,10.4,129.0,11.6
2026-04-04 11:00:00,2026,4,4,11,Hưng Yên,Phường Trần Hưng Đạo,20.4492199,106.3229529,107,Unhealthy for Sensitive Groups,2,27.5,75,0.0,14.4,74,1007.3,100,45.2,49.8,345.0,7.5,142.0,9.1
2026-04-04 12:00:00,2026,4,4,12,Hưng Yên,Phường Trần Hưng Đạo,20.4492199,106.3229529,107,Unhealthy for Sensitive Groups,2,28.0,73,0.1,13.1,77,1006.4,100,45.6,50.4,328.0,5.4,151.0,6.7
2026-04-04 13:00:00,2026,4,4,13,Hưng Yên,Phường Trần Hưng Đạo,20.4492199,106.3229529,107,Unhealthy for Sensitive Groups,2,28.0,73,0.0,9.7,91,1005.1,98,42.4,46.8,317.0,4.0,155.0,4.9
2026-04-04 14:00:00,2026,4,4,14,Hưng Yên,Phường Trần Hưng Đạo,20.4492199,106.3229529,106,Unhealthy for Sensitive Groups,2,27.9,73,0.0,11.3,103,1004.1,43,36.8,40.3,317.0,3.4,153.0,3.9
2026-04-04 15:00:00,2026,4,4,15,Hưng Yên,Phường Trần Hưng Đạo,20.4492199,106.3229529,105,Unhealthy for Sensitive Groups,2,28.4,70,0.0,11.1,104,1003.6,78,32.0,34.7,323.0,3.5,147.0,3.5
2026-04-04 16:00:00,2026,4,4,16,Hưng Yên,Phường Trần Hưng Đạo,20.4492199,106.3229529,104,Unhealthy for Sensitive Groups,2,27.8,71,0.0,13.0,119,1003.3,68,30.4,32.6,337.0,4.4,140.0,3.5
2026-04-04 17:00:00,2026,4,4,17,Hưng Yên,Phường Trần Hưng Đạo,20.4492199,106.3229529,106,Unhealthy for Sensitive Groups,2,26.7,74,0.0,13.5,120,1002.9,13,32.5,34.5,364.0,6.6,133.0,3.9
2026-04-04 18:00:00,2026,4,4,18,Hưng Yên,Phường Trần Hưng Đạo,20.4492199,106.3229529,111,Unhealthy for Sensitive Groups,2,25.5,77,0.0,11.2,120,1002.9,8,36.9,39.0,399.0,9.6,126.0,4.7
2026-04-04 19:00:00,2026,4,4,19,Hưng Yên,Phường Trần Hưng Đạo,20.4492199,106.3229529,111,Unhealthy for Sensitive Groups,2,24.7,83,0.0,5.6,153,1003.8,9,41.7,44.4,426.0,11.2,123.0,5.0
2026-04-04 20:00:00,2026,4,4,20,Hưng Yên,Phường Trần Hưng Đạo,20.4492199,106.3229529,106,Unhealthy for Sensitive Groups,2,24.2,86,0.0,6.1,156,1004.5,8,43.2,46.3,443.0,11.5,120.0,5.3
2026-04-04 21:00:00,2026,4,4,21,Hưng Yên,Phường Trần Hưng Đạo,20.4492199,106.3229529,105,Unhealthy for Sensitive Groups,2,23.9,88,0.0,6.9,139,1004.8,6,44.6,48.0,452.0,11.9,117.0,5.7
2026-04-04 22:00:00,2026,4,4,22,Hưng Yên,Phường Trần Hưng Đạo,20.4492199,106.3229529,106,Unhealthy for Sensitive Groups,2,23.6,90,0.0,6.9,139,1005.1,10,46.6,50.2,449.0,12.2,113.0,5.8
2026-04-04 23:00:00,2026,4,4,23,Hưng Yên,Phường Trần Hưng Đạo,20.4492199,106.3229529,107,Unhealthy for Sensitive Groups,2,23.5,92,0.0,7.7,143,1004.8,23,47.5,51.5,426.0,12.3,110.0,5.4
2026-04-05 00:00:00,2026,4,5,0,Hưng Yên,Phường Trần Hưng Đạo,20.4492199,106.3229529,109,Unhealthy for Sensitive Groups,2,23.4,93,0.0,8.2,148,1004.1,16,47.6,51.9,390.0,12.3,107.0,4.7
2026-04-05 01:00:00,2026,4,5,1,Hưng Yên,Phường Trần Hưng Đạo,20.4492199,106.3229529,111,Unhealthy for Sensitive Groups,2,23.2,95,0.0,6.8,148,1003.9,82,49.5,54.2,360.0,12.5,104.0,4.3
2026-04-05 02:00:00,2026,4,5,2,Hưng Yên,Phường Trần Hưng Đạo,20.4492199,106.3229529,112,Unhealthy for Sensitive Groups,2,23.4,95,0.0,7.3,149,1003.3,93,51.7,56.3,340.0,13.3,99.0,4.3
2026-04-05 03:00:00,2026,4,5,3,Hưng Yên,Phường Trần Hưng Đạo,20.4492199,106.3229529,115,Unhealthy for Sensitive Groups,2,23.3,96,0.0,6.8,140,1002.9,93,53.4,58.1,326.0,14.3,94.0,4.6
2026-04-05 04:00:00,2026,4,5,4,Hưng Yên,Phường Trần Hưng Đạo,20.4492199,106.3229529,118,Unhealthy for Sensitive Groups,2,23.4,97,0.0,8.5,142,1002.8,98,54.9,59.5,326.0,15.1,90.0,5.0
2026-04-05 05:00:00,2026,4,5,5,Hưng Yên,Phường Trần Hưng Đạo,20.4492199,106.3229529,121,Unhealthy for Sensitive Groups,2,23.5,97,0.0,8.2,144,1003.2,98,55.4,59.8,351.0,15.7,88.0,5.5
2026-04-05 06:00:00,2026,4,5,6,Hưng Yên,Phường Trần Hưng Đạo,20.4492199,106.3229529,124,Unhealthy for Sensitive Groups,2,23.9,98,0.0,8.5,144,1003.6,100,58.0,62.4,390.0,16.0,88.0,6.0
2026-04-05 07:00:00,2026,4,5,7,Hưng Yên,Phường Trần Hưng Đạo,20.4492199,106.3229529,127,Unhealthy for Sensitive Groups,2,24.6,94,0.0,9.6,131,1004.4,100,58.8,62.9,417.0,15.1,90.0,6.5
2026-04-05 08:00:00,2026,4,5,8,Hưng Yên,Phường Trần Hưng Đạo,20.4492199,106.3229529,127,Unhealthy for Sensitive Groups,2,26.0,88,0.0,10.3,157,1005.0,100,56.9,62.9,419.0,12.8,101.0,6.8
2026-04-05 09:00:00,2026,4,5,9,Hưng Yên,Phường Trần Hưng Đạo,20.4492199,106.3229529,126,Unhealthy for Sensitive Groups,2,27.4,83,0.0,11.2,180,1005.0,100,63.6,69.8,410.0,9.6,116.0,7.1
2026-04-05 10:00:00,2026,4,5,10,Hưng Yên,Phường Trần Hưng Đạo,20.4492199,106.3229529,128,Unhealthy for Sensitive Groups,2,29.1,76,0.0,13.1,193,1004.8,70,66.1,72.2,400.0,6.9,131.0,7.3
2026-04-05 11:00:00,2026,4,5,11,Hưng Yên,Phường Trần Hưng Đạo,20.4492199,106.3229529,130,Unhealthy for Sensitive Groups,2,30.7,71,0.0,13.2,183,1004.0,53,69.2,74.7,392.0,5.2,147.0,7.3
2026-04-05 12:00:00,2026,4,5,12,Hưng Yên,Phường Trần Hưng Đạo,20.4492199,106.3229529,133,Unhealthy for Sensitive Groups,2,31.4,70,0.0,13.9,177,1002.7,9,67.3,72.4,384.0,4.0,162.0,7.2
2026-04-05 13:00:00,2026,4,5,13,Hưng Yên,Phường Trần Hưng Đạo,20.4492199,106.3229529,135,Unhealthy for Sensitive Groups,2,30.5,71,0.0,12.0,162,1002.1,10,62.2,66.6,381.0,3.6,170.0,6.8
2026-04-05 14:00:00,2026,4,5,14,Hưng Yên,Phường Trần Hưng Đạo,20.4492199,106.3229529,137,Unhealthy for Sensitive Groups,2,30.6,70,0.0,12.5,165,1001.1,35,57.7,61.7,385.0,4.1,166.0,5.7
2026-04-05 15:00:00,2026,4,5,15,Hưng Yên,Phường Trần Hưng Đạo,20.4492199,106.3229529,139,Unhealthy for Sensitive Groups,2,30.5,70,0.0,13.7,163,1000.6,17,54.6,58.1,393.0,5.4,154.0,4.3
2026-04-05 16:00:00,2026,4,5,16,Hưng Yên,Phường Trần Hưng Đạo,20.4492199,106.3229529,141,Unhealthy for Sensitive Groups,2,29.9,72,0.0,14.2,154,999.6,59,52.4,55.4,402.0,6.7,145.0,3.4
2026-04-05 17:00:00,2026,4,5,17,Hưng Yên,Phường Trần Hưng Đạo,20.4492199,106.3229529,144,Unhealthy for Sensitive Groups,2,28.8,77,0.0,14.2,154,999.5,75,49.2,52.3,412.0,8.0,141.0,3.4
2026-04-05 18:00:00,2026,4,5,18,Hưng Yên,Phường Trần Hưng Đạo,20.4492199,106.3229529,146,Unhealthy for Sensitive Groups,2,27.5,81,0.0,14.9,162,999.5,69,46.2,48.5,421.0,9.4,139.0,3.9
2026-04-05 19:00:00,2026,4,5,19,Hưng Yên,Phường Trần Hưng Đạo,20.4492199,106.3229529,146,Unhealthy for Sensitive Groups,2,26.8,85,0.0,13.9,155,1000.1,45,67.5,71.2,426.0,12.1,133.0,4.5
2026-04-05 20:00:00,2026,4,5,20,Hưng Yên,Phường Trần Hưng Đạo,20.4492199,106.3229529,149,Unhealthy for Sensitive Groups,2,27.1,82,0.0,14.9,167,1000.5,48,63.6,66.8,417.0,11.0,137.0,4.6
2026-04-05 21:00:00,2026,4,5,21,Hưng Yên,Phường Trần Hưng Đạo,20.4492199,106.3229529,150,Unhealthy for Sensitive Groups,2,27.9,77,0.0,17.3,176,1001.1,67,59.6,62.4,403.0,9.5,141.0,4.7
2026-04-05 22:00:00,2026,4,5,22,Hưng Yên,Phường Trần Hưng Đạo,20.4492199,106.3229529,151,Unhealthy,3,28.1,74,0.0,18.0,182,1001.8,83,57.0,59.8,403.0,8.8,142.0,5.0
2026-04-05 23:00:00,2026,4,5,23,Hưng Yên,Phường Trần Hưng Đạo,20.4492199,106.3229529,151,Unhealthy,3,28.0,75,0.0,16.4,184,1001.9,53,55.9,58.8,436.0,9.5,136.0,5.6
2026-04-06 00:00:00,2026,4,6,0,Hưng Yên,Phường Trần Hưng Đạo,20.4492199,106.3229529,151,Unhealthy,3,27.6,77,0.0,14.2,184,1001.6,0,56.5,59.5,483.0,10.9,126.0,6.2
2026-04-06 01:00:00,2026,4,6,1,Hưng Yên,Phường Trần Hưng Đạo,20.4492199,106.3229529,151,Unhealthy,3,27.0,83,0.0,13.0,174,1001.7,0,58.1,61.2,504.0,11.9,116.0,6.6
2026-04-06 02:00:00,2026,4,6,2,Hưng Yên,Phường Trần Hưng Đạo,20.4492199,106.3229529,151,Unhealthy,3,26.6,84,0.0,14.6,171,1001.4,0,58.2,61.5,467.0,11.9,108.0,6.3
2026-04-06 03:00:00,2026,4,6,3,Hưng Yên,Phường Trần Hưng Đạo,20.4492199,106.3229529,152,Unhealthy,3,26.4,84,0.0,15.0,175,1001.3,78,54.8,58.0,403.0,11.5,100.0,5.8
2026-04-06 04:00:00,2026,4,6,4,Hưng Yên,Phường Trần Hưng Đạo,20.4492199,106.3229529,152,Unhealthy,3,26.2,85,0.0,14.1,178,1001.6,96,48.4,51.3,368.0,11.1,94.0,5.4
2026-04-06 05:00:00,2026,4,6,5,Hưng Yên,Phường Trần Hưng Đạo,20.4492199,106.3229529,151,Unhealthy,3,26.0,85,0.0,13.3,180,1002.1,89,41.9,44.7,391.0,11.2,87.0,5.4
2026-04-06 06:00:00,2026,4,6,6,Hưng Yên,Phường Trần Hưng Đạo,20.4492199,106.3229529,151,Unhealthy,3,26.0,86,0.0,11.7,184,1002.5,61,38.2,40.7,442.0,11.3,81.0,5.5
2026-04-06 07:00:00,2026,4,6,7,Hưng Yên,Phường Trần Hưng Đạo,20.4492199,106.3229529,151,Unhealthy,3,27.2,83,0.0,11.7,183,1002.9,30,69.6,72.9,484.0,14.9,72.0,6.9
2026-04-06 08:00:00,2026,4,6,8,Hưng Yên,Phường Trần Hưng Đạo,20.4492199,106.3229529,151,Unhealthy,3,29.1,80,0.0,10.3,177,1003.7,46,71.0,74.0,504.0,13.2,95.0,7.4
2026-04-06 09:00:00,2026,4,6,9,Hưng Yên,Phường Trần Hưng Đạo,20.4492199,106.3229529,151,Unhealthy,3,31.1,75,0.0,10.7,187,1004.2,88,71.9,75.9,515.0,10.9,128.0,8.2
2026-04-06 10:00:00,2026,4,6,10,Hưng Yên,Phường Trần Hưng Đạo,20.4492199,106.3229529,151,Unhealthy,3,32.8,69,0.0,14.1,184,1003.8,73,72.6,76.8,515.0,8.9,158.0,9.0
2026-04-06 11:00:00,2026,4,6,11,Hưng Yên,Phường Trần Hưng Đạo,20.4492199,106.3229529,152,Unhealthy,3,33.8,63,0.0,17.2,186,1003.4,19,71.9,76.4,499.0,7.5,185.0,10.0
2026-04-06 12:00:00,2026,4,6,12,Hưng Yên,Phường Trần Hưng Đạo,20.4492199,106.3229529,152,Unhealthy,3,34.3,59,0.0,17.5,190,1002.7,0,70.1,74.0,473.0,6.4,209.0,11.0
2026-04-06 13:00:00,2026,4,6,13,Hưng Yên,Phường Trần Hưng Đạo,20.4492199,106.3229529,152,Unhealthy,3,35.0,61,0.0,16.4,192,1001.7,14,68.0,71.9,453.0,6.1,221.0,11.4
2026-04-06 14:00:00,2026,4,6,14,Hưng Yên,Phường Trần Hưng Đạo,20.4492199,106.3229529,152,Unhealthy,3,35.0,63,0.0,14.9,191,1001.0,6,66.1,69.6,445.0,6.8,212.0,10.7
2026-04-06 15:00:00,2026,4,6,15,Hưng Yên,Phường Trần Hưng Đạo,20.4492199,106.3229529,152,Unhealthy,3,34.8,69,0.0,13.0,184,1000.3,21,63.1,66.1,443.0,8.3,192.0,9.5
2026-04-06 16:00:00,2026,4,6,16,Hưng Yên,Phường Trần Hưng Đạo,20.4492199,106.3229529,161,Unhealthy,3,33.6,74,0.0,13.6,169,999.9,23,59.5,61.7,441.0,9.8,174.0,8.5
2026-04-06 17:00:00,2026,4,6,17,Hưng Yên,Phường Trần Hưng Đạo,20.4492199,106.3229529,173,Unhealthy,3,32.0,68,0.0,18.4,184,999.6,6,56.3,59.5,433.0,11.4,166.0,8.2
2026-04-06 18:00:00,2026,4,6,18,Hưng Yên,Phường Trần Hưng Đạo,20.4492199,106.3229529,179,Unhealthy,3,30.6,65,0.0,19.4,187,1000.0,3,54.1,57.3,425.0,13.1,160.0,8.1
2026-04-06 19:00:00,2026,4,6,19,Hưng Yên,Phường Trần Hưng Đạo,20.4492199,106.3229529,180,Unhealthy,3,30.8,61,0.0,19.6,188,1000.1,4,70.3,75.7,430.0,16.6,163.0,10.0
2026-04-06 20:00:00,2026,4,6,20,Hưng Yên,Phường Trần Hưng Đạo,20.4492199,106.3229529,176,Unhealthy,3,30.4,60,0.0,17.2,193,1000.9,2,64.0,68.7,462.0,15.6,152.0,9.7
2026-04-06 21:00:00,2026,4,6,21,Hưng Yên,Phường Trần Hưng Đạo,20.4492199,106.3229529,167,Unhealthy,3,29.8,63,0.0,14.7,197,1001.9,0,59.1,63.3,508.0,14.2,136.0,9.3
2026-04-06 22:00:00,2026,4,6,22,Hưng Yên,Phường Trần Hưng Đạo,20.4492199,106.3229529,154,Unhealthy,3,30.1,58,0.0,15.5,198,1002.3,0,57.3,61.5,535.0,13.2,122.0,8.9
2026-04-06 23:00:00,2026,4,6,23,Hưng Yên,Phường Trần Hưng Đạo,20.4492199,106.3229529,153,Unhealthy,3,29.9,55,0.0,15.1,200,1002.4,0,56.7,61.0,527.0,12.9,112.0,8.4
2026-04-07 00:00:00,2026,4,7,0,Hưng Yên,Phường Trần Hưng Đạo,20.4492199,106.3229529,153,Unhealthy,3,29.5,54,0.0,14.3,197,1002.0,0,54.9,59.4,501.0,12.9,105.0,7.9
2026-04-07 01:00:00,2026,4,7,1,Hưng Yên,Phường Trần Hưng Đạo,20.4492199,106.3229529,153,Unhealthy,3,29.2,59,0.0,13.6,202,1001.6,2,52.3,56.7,476.0,12.9,99.0,7.3
2026-04-07 02:00:00,2026,4,7,2,Hưng Yên,Phường Trần Hưng Đạo,20.4492199,106.3229529,153,Unhealthy,3,28.8,60,0.0,14.1,196,1001.2,54,48.1,52.4,452.0,12.4,96.0,6.6
2026-04-07 03:00:00,2026,4,7,3,Hưng Yên,Phường Trần Hưng Đạo,20.4492199,106.3229529,152,Unhealthy,3,28.0,63,0.0,14.3,186,1001.1,80,43.7,47.7,429.0,11.9,94.0,5.9
2026-04-07 04:00:00,2026,4,7,4,Hưng Yên,Phường Trần Hưng Đạo,20.4492199,106.3229529,152,Unhealthy,3,27.5,68,0.0,15.5,185,1001.6,72,41.1,45.2,423.0,11.9,91.0,5.7
2026-04-07 05:00:00,2026,4,7,5,Hưng Yên,Phường Trần Hưng Đạo,20.4492199,106.3229529,152,Unhealthy,3,27.2,70,0.0,14.1,191,1002.3,1,40.7,44.8,448.0,13.1,80.0,6.2
2026-04-07 06:00:00,2026,4,7,6,Hưng Yên,Phường Trần Hưng Đạo,20.4492199,106.3229529,152,Unhealthy,3,27.0,71,0.0,12.7,195,1002.8,0,42.3,46.1,490.0,14.9,67.0,7.2
2026-04-07 07:00:00,2026,4,7,7,Hưng Yên,Phường Trần Hưng Đạo,20.4492199,106.3229529,152,Unhealthy,3,27.9,73,0.0,14.3,194,1003.6,0,65.9,71.7,528.0,16.7,69.0,8.8
2026-04-07 08:00:00,2026,4,7,8,Hưng Yên,Phường Trần Hưng Đạo,20.4492199,106.3229529,152,Unhealthy,3,29.6,72,0.0,13.8,194,1004.3,0,72.4,78.5,558.0,15.1,97.0,9.8
2026-04-07 09:00:00,2026,4,7,9,Hưng Yên,Phường Trần Hưng Đạo,20.4492199,106.3229529,152,Unhealthy,3,31.6,70,0.0,11.6,199,1004.5,1,78.0,83.8,582.0,12.9,136.0,11.2
2026-04-07 10:00:00,2026,4,7,10,Hưng Yên,Phường Trần Hưng Đạo,20.4492199,106.3229529,152,Unhealthy,3,33.4,64,0.0,12.6,204,1004.7,0,83.4,90.3,591.0,10.8,172.0,12.3
2026-04-07 11:00:00,2026,4,7,11,Hưng Yên,Phường Trần Hưng Đạo,20.4492199,106.3229529,152,Unhealthy,3,34.7,60,0.0,13.5,205,1004.4,0,86.1,93.8,571.0,9.0,202.0,13.1
2026-04-07 12:00:00,2026,4,7,12,Hưng Yên,Phường Trần Hưng Đạo,20.4492199,106.3229529,153,Unhealthy,3,35.6,57,0.0,12.6,204,1003.8,0,85.4,92.7,534.0,7.3,228.0,13.7
2026-04-07 13:00:00,2026,4,7,13,Hưng Yên,Phường Trần Hưng Đạo,20.4492199,106.3229529,153,Unhealthy,3,36.2,55,0.0,12.0,216,1002.8,27,82.4,88.7,508.0,6.6,241.0,13.6
2026-04-07 14:00:00,2026,4,7,14,Hưng Yên,Phường Trần Hưng Đạo,20.4492199,106.3229529,153,Unhealthy,3,36.6,54,0.0,10.2,224,1002.0,12,77.8,82.7,507.0,7.2,231.0,12.4
2026-04-07 15:00:00,2026,4,7,15,Hưng Yên,Phường Trần Hưng Đạo,20.4492199,106.3229529,157,Unhealthy,3,36.4,58,0.0,7.9,201,1001.2,16,72.4,75.9,516.0,8.7,207.0,10.6
2026-04-07 16:00:00,2026,4,7,16,Hưng Yên,Phường Trần Hưng Đạo,20.4492199,106.3229529,179,Unhealthy,3,35.0,70,0.0,9.5,182,1000.9,36,67.5,70.1,514.0,10.4,187.0,9.2
2026-04-07 17:00:00,2026,4,7,17,Hưng Yên,Phường Trần Hưng Đạo,20.4492199,106.3229529,193,Unhealthy,3,32.5,72,0.0,14.1,174,1001.3,13,64.0,66.6,488.0,12.5,177.0,8.5
2026-04-07 18:00:00,2026,4,7,18,Hưng Yên,Phường Trần Hưng Đạo,20.4492199,106.3229529,200,Unhealthy,3,30.2,69,0.0,15.1,168,1001.8,13,61.7,64.5,451.0,14.7,170.0,8.2
2026-04-07 19:00:00,2026,4,7,19,Hưng Yên,Phường Trần Hưng Đạo,20.4492199,106.3229529,199,Unhealthy,3,29.8,63,0.0,16.2,161,1002.0,30,51.7,54.1,419.0,15.1,168.0,6.1
2026-04-07 20:00:00,2026,4,7,20,Hưng Yên,Phường Trần Hưng Đạo,20.4492199,106.3229529,194,Unhealthy,3,29.0,67,0.0,5.1,212,1002.7,33,52.6,55.5,398.0,14.6,157.0,6.3
2026-04-07 21:00:00,2026,4,7,21,Hưng Yên,Phường Trần Hưng Đạo,20.4492199,106.3229529,183,Unhealthy,3,28.4,77,0.0,1.7,288,1004.0,8,52.3,55.4,384.0,13.9,141.0,6.6
2026-04-07 22:00:00,2026,4,7,22,Hưng Yên,Phường Trần Hưng Đạo,20.4492199,106.3229529,167,Unhealthy,3,28.1,72,0.0,13.0,133,1004.2,16,51.8,54.9,376.0,13.6,126.0,6.8
2026-04-07 23:00:00,2026,4,7,23,Hưng Yên,Phường Trần Hưng Đạo,20.4492199,106.3229529,153,Unhealthy,3,27.9,71,0.0,9.8,154,1004.2,5,51.5,54.7,383.0,14.2,112.0,7.0
2026-04-08 00:00:00,2026,4,8,0,Hưng Yên,Phường Trần Hưng Đạo,20.4492199,106.3229529,153,Unhealthy,3,27.1,76,0.0,9.9,155,1004.2,0,52.0,55.4,396.0,15.3,97.0,7.2
2026-04-08 01:00:00,2026,4,8,1,Hưng Yên,Phường Trần Hưng Đạo,20.4492199,106.3229529,153,Unhealthy,3,27.1,79,0.0,11.9,151,1003.2,2,54.4,57.9,396.0,15.8,86.0,7.1
2026-04-08 02:00:00,2026,4,8,2,Hưng Yên,Phường Trần Hưng Đạo,20.4492199,106.3229529,153,Unhealthy,3,26.7,83,0.0,11.8,152,1003.1,2,55.9,59.5,361.0,15.4,78.0,6.5
2026-04-08 03:00:00,2026,4,8,3,Hưng Yên,Phường Trần Hưng Đạo,20.4492199,106.3229529,153,Unhealthy,3,26.4,84,0.0,11.8,163,1002.8,0,53.9,57.4,312.0,14.5,73.0,5.7
2026-04-08 04:00:00,2026,4,8,4,Hưng Yên,Phường Trần Hưng Đạo,20.4492199,106.3229529,154,Unhealthy,3,26.3,84,0.0,11.9,169,1003.3,3,46.9,50.4,289.0,13.2,73.0,5.0
2026-04-08 05:00:00,2026,4,8,5,Hưng Yên,Phường Trần Hưng Đạo,20.4492199,106.3229529,154,Unhealthy,3,26.1,85,0.0,13.3,170,1003.9,2,38.9,42.5,320.0,11.5,79.0,4.5
2026-04-08 06:00:00,2026,4,8,6,Hưng Yên,Phường Trần Hưng Đạo,20.4492199,106.3229529,154,Unhealthy,3,26.0,86,0.0,12.5,174,1004.3,3,33.3,36.9,378.0,9.5,89.0,4.0
2026-04-08 07:00:00,2026,4,8,7,Hưng Yên,Phường Trần Hưng Đạo,20.4492199,106.3229529,154,Unhealthy,3,26.8,86,0.0,13.2,169,1005.4,2,33.8,37.7,422.0,7.1,117.0,3.4
2026-04-08 08:00:00,2026,4,8,8,Hưng Yên,Phường Trần Hưng Đạo,20.4492199,106.3229529,153,Unhealthy,3,28.4,83,0.0,11.7,170,1006.1,12,34.9,39.0,439.0,6.2,124.0,3.4
2026-04-08 09:00:00,2026,4,8,9,Hưng Yên,Phường Trần Hưng Đạo,20.4492199,106.3229529,152,Unhealthy,3,29.8,79,0.0,9.1,173,1006.8,12,34.3,39.0,444.0,5.0,135.0,3.4
2026-04-08 10:00:00,2026,4,8,10,Hưng Yên,Phường Trần Hưng Đạo,20.4492199,106.3229529,151,Unhealthy,3,31.0,74,0.0,10.0,172,1006.9,5,34.1,38.9,435.0,4.0,143.0,3.4
2026-04-08 11:00:00,2026,4,8,11,Hưng Yên,Phường Trần Hưng Đạo,20.4492199,106.3229529,150,Unhealthy for Sensitive Groups,2,32.1,68,0.0,12.2,172,1006.7,0,33.6,38.2,405.0,3.5,148.0,3.3
2026-04-08 12:00:00,2026,4,8,12,Hưng Yên,Phường Trần Hưng Đạo,20.4492199,106.3229529,144,Unhealthy for Sensitive Groups,2,32.7,65,0.0,14.3,170,1005.7,0,32.7,37.0,362.0,3.3,150.0,3.1
2026-04-08 13:00:00,2026,4,8,13,Hưng Yên,Phường Trần Hưng Đạo,20.4492199,106.3229529,139,Unhealthy for Sensitive Groups,2,32.8,62,0.0,13.4,173,1004.8,49,32.1,36.1,334.0,3.4,150.0,3.0
2026-04-08 14:00:00,2026,4,8,14,Hưng Yên,Phường Trần Hưng Đạo,20.4492199,106.3229529,134,Unhealthy for Sensitive Groups,2,32.8,62,0.0,14.4,167,1003.8,8,31.9,35.4,336.0,3.9,146.0,2.9
2026-04-08 15:00:00,2026,4,8,15,Hưng Yên,Phường Trần Hưng Đạo,20.4492199,106.3229529,129,Unhealthy for Sensitive Groups,2,32.1,64,0.0,14.6,162,1003.1,9,31.9,35.3,352.0,4.8,139.0,2.9
2026-04-08 16:00:00,2026,4,8,16,Hưng Yên,Phường Trần Hưng Đạo,20.4492199,106.3229529,125,Unhealthy for Sensitive Groups,2,30.8,70,0.0,14.1,153,1002.7,6,32.1,35.4,360.0,5.6,134.0,2.9
2026-04-08 17:00:00,2026,4,8,17,Hưng Yên,Phường Trần Hưng Đạo,20.4492199,106.3229529,121,Unhealthy for Sensitive Groups,2,29.4,77,0.0,14.3,149,1002.7,10,32.8,35.6,349.0,6.5,133.0,3.0
2026-04-08 18:00:00,2026,4,8,18,Hưng Yên,Phường Trần Hưng Đạo,20.4492199,106.3229529,118,Unhealthy for Sensitive Groups,2,28.1,76,0.0,17.5,151,1002.8,5,31.4,34.6,329.0,7.3,134.0,3.1
2026-04-08 19:00:00,2026,4,8,19,Hưng Yên,Phường Trần Hưng Đạo,20.4492199,106.3229529,114,Unhealthy for Sensitive Groups,2,27.8,80,0.0,18.3,146,1002.8,1,31.2,34.6,310.0,8.5,137.0,3.5
2026-04-08 20:00:00,2026,4,8,20,Hưng Yên,Phường Trần Hưng Đạo,20.4492199,106.3229529,112,Unhealthy for Sensitive Groups,2,27.9,78,0.0,20.7,154,1003.2,1,29.2,32.5,293.0,7.7,139.0,3.3
2026-04-08 21:00:00,2026,4,8,21,Hưng Yên,Phường Trần Hưng Đạo,20.4492199,106.3229529,110,Unhealthy for Sensitive Groups,2,27.8,77,0.0,20.4,164,1004.2,5,28.3,31.8,276.0,6.6,141.0,3.1
2026-04-08 22:00:00,2026,4,8,22,Hưng Yên,Phường Trần Hưng Đạo,20.4492199,106.3229529,107,Unhealthy for Sensitive Groups,2,27.6,78,0.0,21.1,172,1005.0,31,27.3,30.9,260.0,5.6,140.0,2.8
2026-04-08 23:00:00,2026,4,8,23,Hưng Yên,Phường Trần Hưng Đạo,20.4492199,106.3229529,105,Unhealthy for Sensitive Groups,2,27.2,80,0.0,21.4,169,1005.2,13,25.2,28.8,243.0,5.0,133.0,2.4
2026-04-09 00:00:00,2026,4,9,0,Hưng Yên,Phường Trần Hưng Đạo,20.4492199,106.3229529,102,Unhealthy for Sensitive Groups,2,26.9,82,0.0,22.1,170,1004.9,11,21.9,25.6,227.0,4.5,122.0,1.9
2026-04-09 01:00:00,2026,4,9,1,Hưng Yên,Phường Trần Hưng Đạo,20.4492199,106.3229529,99,Moderate,1,26.8,86,0.0,21.5,171,1004.4,0,19.2,22.9,216.0,4.2,113.0,1.6
2026-04-09 02:00:00,2026,4,9,2,Hưng Yên,Phường Trần Hưng Đạo,20.4492199,106.3229529,96,Moderate,1,26.5,87,0.0,20.5,173,1004.3,0,18.5,21.9,210.0,4.1,107.0,1.5
2026-04-09 03:00:00,2026,4,9,3,Hưng Yên,Phường Trần Hưng Đạo,20.4492199,106.3229529,93,Moderate,1,26.2,88,0.0,19.1,176,1004.2,0,19.4,22.7,209.0,4.2,102.0,1.6
2026-04-09 04:00:00,2026,4,9,4,Hưng Yên,Phường Trần Hưng Đạo,20.4492199,106.3229529,90,Moderate,1,26.0,89,0.0,18.4,174,1004.2,0,20.4,23.6,217.0,4.5,98.0,1.8
2026-04-09 05:00:00,2026,4,9,5,Hưng Yên,Phường Trần Hưng Đạo,20.4492199,106.3229529,87,Moderate,1,25.8,90,0.0,18.1,175,1004.9,0,20.8,24.0,240.0,5.1,93.0,2.1
2026-04-09 06:00:00,2026,4,9,6,Hưng Yên,Phường Trần Hưng Đạo,20.4492199,106.3229529,86,Moderate,1,25.8,90,0.0,17.7,177,1005.3,0,21.1,24.4,272.0,5.8,89.0,2.4
2026-04-09 07:00:00,2026,4,9,7,Hưng Yên,Phường Trần Hưng Đạo,20.4492199,106.3229529,85,Moderate,1,26.9,90,0.0,16.0,172,1005.9,0,29.6,33.5,294.0,7.3,82.0,3.0
2026-04-09 08:00:00,2026,4,9,8,Hưng Yên,Phường Trần Hưng Đạo,20.4492199,106.3229529,84,Moderate,1,28.1,86,0.0,14.1,183,1006.7,0,29.7,34.6,296.0,6.1,93.0,3.2
2026-04-09 09:00:00,2026,4,9,9,Hưng Yên,Phường Trần Hưng Đạo,20.4492199,106.3229529,84,Moderate,1,29.4,82,0.0,12.8,191,1007.4,0,30.6,35.9,289.0,4.4,108.0,3.5
2026-04-09 10:00:00,2026,4,9,10,Hưng Yên,Phường Trần Hưng Đạo,20.4492199,106.3229529,83,Moderate,1,30.5,78,0.0,14.4,182,1007.3,0,31.9,37.5,283.0,3.2,122.0,3.8
2026-04-09 11:00:00,2026,4,9,11,Hưng Yên,Phường Trần Hưng Đạo,20.4492199,106.3229529,83,Moderate,1,31.2,75,0.0,14.4,188,1006.9,0,33.1,38.5,282.0,2.8,134.0,4.0
2026-04-09 12:00:00,2026,4,9,12,Hưng Yên,Phường Trần Hưng Đạo,20.4492199,106.3229529,83,Moderate,1,31.9,71,0.0,14.8,186,1006.1,0,34.5,39.7,282.0,2.9,146.0,4.2
2026-04-09 13:00:00,2026,4,9,13,Hưng Yên,Phường Trần Hưng Đạo,20.4492199,106.3229529,83,Moderate,1,32.2,69,0.0,12.6,182,1005.2,8,35.5,40.4,283.0,3.2,153.0,4.3
2026-04-09 14:00:00,2026,4,9,14,Hưng Yên,Phường Trần Hưng Đạo,20.4492199,106.3229529,84,Moderate,1,32.0,68,0.0,13.4,172,1004.3,10,36.3,40.6,283.0,3.8,155.0,4.1
2026-04-09 15:00:00,2026,4,9,15,Hưng Yên,Phường Trần Hưng Đạo,20.4492199,106.3229529,84,Moderate,1,31.5,69,0.0,14.5,165,1003.7,6,36.8,40.6,283.0,4.7,153.0,3.7
2026-04-09 16:00:00,2026,4,9,16,Hưng Yên,Phường Trần Hưng Đạo,20.4492199,106.3229529,93,Moderate,1,30.4,74,0.0,13.4,153,1003.1,4,37.5,41.0,288.0,5.7,150.0,3.4
2026-04-09 17:00:00,2026,4,9,17,Hưng Yên,Phường Trần Hưng Đạo,20.4492199,106.3229529,105,Unhealthy for Sensitive Groups,2,29.2,80,0.0,11.0,139,1002.6,5,39.0,42.4,305.0,7.3,145.0,3.5
2026-04-09 18:00:00,2026,4,9,18,Hưng Yên,Phường Trần Hưng Đạo,20.4492199,106.3229529,113,Unhealthy for Sensitive Groups,2,28.0,84,0.0,7.7,141,1003.1,5,40.6,44.2,328.0,9.0,139.0,3.7
2026-04-09 19:00:00,2026,4,9,19,Hưng Yên,Phường Trần Hưng Đạo,20.4492199,106.3229529,116,Unhealthy for Sensitive Groups,2,27.2,82,0.0,9.0,142,1003.1,5,37.3,41.4,336.0,10.0,126.0,3.5
2026-04-09 20:00:00,2026,4,9,20,Hưng Yên,Phường Trần Hưng Đạo,20.4492199,106.3229529,115,Unhealthy for Sensitive Groups,2,27.0,80,0.0,12.5,172,1003.8,2,34.2,38.2,316.0,8.6,125.0,3.2
2026-04-09 21:00:00,2026,4,9,21,Hưng Yên,Phường Trần Hưng Đạo,20.4492199,106.3229529,110,Unhealthy for Sensitive Groups,2,27.5,77,0.0,16.2,176,1004.7,0,30.6,34.5,282.0,6.6,124.0,2.8
2026-04-09 22:00:00,2026,4,9,22,Hưng Yên,Phường Trần Hưng Đạo,20.4492199,106.3229529,104,Unhealthy for Sensitive Groups,2,27.5,77,0.0,21.7,174,1005.2,1,28.7,32.4,260.0,5.1,123.0,2.5
2026-04-09 23:00:00,2026,4,9,23,Hưng Yên,Phường Trần Hưng Đạo,20.4492199,106.3229529,97,Moderate,1,27.2,79,0.0,21.6,172,1005.1,0,27.9,31.2,263.0,4.6,125.0,2.3
2026-04-10 00:00:00,2026,4,10,0,Hưng Yên,Phường Trần Hưng Đạo,20.4492199,106.3229529,91,Moderate,1,27.0,80,0.0,19.3,177,1004.7,0,26.8,29.9,277.0,4.6,127.0,2.3
2026-04-10 01:00:00,2026,4,10,1,Hưng Yên,Phường Trần Hưng Đạo,20.4492199,106.3229529,88,Moderate,1,27.0,82,0.0,19.8,178,1004.1,0,26.1,29.1,286.0,5.0,128.0,2.3
2026-04-10 02:00:00,2026,4,10,2,Hưng Yên,Phường Trần Hưng Đạo,20.4492199,106.3229529,89,Moderate,1,26.8,83,0.0,20.0,182,1003.7,0,25.8,28.8,277.0,5.6,127.0,2.5
2026-04-10 03:00:00,2026,4,10,3,Hưng Yên,Phường Trần Hưng Đạo,20.4492199,106.3229529,90,Moderate,1,26.5,84,0.0,19.6,182,1003.3,0,26.0,28.9,263.0,6.5,125.0,2.7
2026-04-10 04:00:00,2026,4,10,4,Hưng Yên,Phường Trần Hưng Đạo,20.4492199,106.3229529,90,Moderate,1,26.4,84,0.0,18.4,183,1003.5,0,26.6,29.6,262.0,7.7,120.0,3.2
2026-04-10 05:00:00,2026,4,10,5,Hưng Yên,Phường Trần Hưng Đạo,20.4492199,106.3229529,91,Moderate,1,26.1,85,0.0,15.5,184,1004.0,0,28.1,31.1,288.0,9.7,107.0,3.9
2026-04-10 06:00:00,2026,4,10,6,Hưng Yên,Phường Trần Hưng Đạo,20.4492199,106.3229529,91,Moderate,1,25.9,87,0.0,13.6,185,1004.8,0,30.7,33.6,327.0,12.0,92.0,4.9
2026-04-10 07:00:00,2026,4,10,7,Hưng Yên,Phường Trần Hưng Đạo,20.4492199,106.3229529,92,Moderate,1,26.7,89,0.0,13.9,176,1005.3,0,49.9,52.6,361.0,14.8,87.0,6.7
2026-04-10 08:00:00,2026,4,10,8,Hưng Yên,Phường Trần Hưng Đạo,20.4492199,106.3229529,94,Moderate,1,28.2,85,0.0,14.1,177,1005.9,0,55.2,57.7,384.0,12.8,113.0,7.3
2026-04-10 09:00:00,2026,4,10,9,Hưng Yên,Phường Trần Hưng Đạo,20.4492199,106.3229529,96,Moderate,1,30.0,80,0.0,13.7,179,1006.3,0,58.7,61.2,403.0,9.9,151.0,8.1
2026-04-10 10:00:00,2026,4,10,10,Hưng Yên,Phường Trần Hưng Đạo,20.4492199,106.3229529,99,Moderate,1,31.5,74,0.0,13.3,182,1006.3,0,61.7,64.0,412.0,7.6,182.0,8.6
2026-04-10 11:00:00,2026,4,10,11,Hưng Yên,Phường Trần Hưng Đạo,20.4492199,106.3229529,102,Unhealthy for Sensitive Groups,2,32.6,69,0.0,13.9,180,1005.8,0,62.9,65.0,409.0,6.2,204.0,8.4
2026-04-10 12:00:00,2026,4,10,12,Hưng Yên,Phường Trần Hưng Đạo,20.4492199,106.3229529,105,Unhealthy for Sensitive Groups,2,33.3,64,0.0,14.8,175,1004.9,0,61.2,63.3,397.0,5.4,221.0,7.9
2026-04-10 13:00:00,2026,4,10,13,Hưng Yên,Phường Trần Hưng Đạo,20.4492199,106.3229529,113,Unhealthy for Sensitive Groups,2,33.1,63,0.0,13.8,167,1003.9,0,57.9,59.8,385.0,5.0,227.0,7.1
2026-04-10 14:00:00,2026,4,10,14,Hưng Yên,Phường Trần Hưng Đạo,20.4492199,106.3229529,138,Unhealthy for Sensitive Groups,2,32.9,60,0.0,14.4,171,1002.8,8,53.8,55.4,375.0,5.2,215.0,6.0
2026-04-10 15:00:00,2026,4,10,15,Hưng Yên,Phường Trần Hưng Đạo,20.4492199,106.3229529,161,Unhealthy,3,32.4,63,0.0,14.0,168,1002.1,13,49.0,50.5,366.0,5.9,192.0,4.8
2026-04-10 16:00:00,2026,4,10,16,Hưng Yên,Phường Trần Hưng Đạo,20.4492199,106.3229529,177,Unhealthy,3,31.4,68,0.0,12.9,157,1001.3,5,44.6,46.1,356.0,6.5,172.0,3.9
2026-04-10 17:00:00,2026,4,10,17,Hưng Yên,Phường Trần Hưng Đạo,20.4492199,106.3229529,187,Unhealthy,3,30.1,70,0.0,14.0,154,1000.8,5,42.5,43.7,346.0,7.0,161.0,3.6
2026-04-10 18:00:00,2026,4,10,18,Hưng Yên,Phường Trần Hưng Đạo,20.4492199,106.3229529,188,Unhealthy,3,28.9,68,0.0,14.9,163,1001.2,1,39.6,41.4,335.0,7.4,153.0,3.7
2026-04-10 19:00:00,2026,4,10,19,Hưng Yên,Phường Trần Hưng Đạo,20.4492199,106.3229529,184,Unhealthy,3,30.1,58,0.0,19.5,171,1001.5,6,45.4,47.8,329.0,8.6,162.0,3.6
2026-04-10 20:00:00,2026,4,10,20,Hưng Yên,Phường Trần Hưng Đạo,20.4492199,106.3229529,177,Unhealthy,3,29.9,60,0.0,21.8,178,1002.3,1,44.4,47.3,329.0,7.7,164.0,3.5
2026-04-10 21:00:00,2026,4,10,21,Hưng Yên,Phường Trần Hưng Đạo,20.4492199,106.3229529,168,Unhealthy,3,29.6,61,0.0,22.5,176,1002.9,0,41.7,44.7,332.0,6.4,166.0,3.2
2026-04-10 22:00:00,2026,4,10,22,Hưng Yên,Phường Trần Hưng Đạo,20.4492199,106.3229529,158,Unhealthy,3,28.9,67,0.0,21.3,172,1003.4,1,38.6,41.7,336.0,5.5,166.0,3.1
2026-04-10 23:00:00,2026,4,10,23,Hưng Yên,Phường Trần Hưng Đạo,20.4492199,106.3229529,151,Unhealthy,3,28.0,75,0.0,20.8,175,1003.1,0,36.0,39.0,341.0,5.2,163.0,3.0
2026-04-11 00:00:00,2026,4,11,0,Hưng Yên,Phường Trần Hưng Đạo,20.4492199,106.3229529,145,Unhealthy for Sensitive Groups,2,27.8,76,0.0,20.2,181,1002.8,0,33.8,36.7,348.0,5.3,157.0,3.0
2026-04-11 01:00:00,2026,4,11,1,Hưng Yên,Phường Trần Hưng Đạo,20.4492199,106.3229529,141,Unhealthy for Sensitive Groups,2,27.4,80,0.0,17.0,176,1002.6,0,32.6,35.4,351.0,5.9,149.0,3.1
2026-04-11 02:00:00,2026,4,11,2,Hưng Yên,Phường Trần Hưng Đạo,20.4492199,106.3229529,139,Unhealthy for Sensitive Groups,2,27.0,81,0.0,16.9,173,1002.2,0,32.4,34.9,342.0,7.0,139.0,3.4
2026-04-11 03:00:00,2026,4,11,3,Hưng Yên,Phường Trần Hưng Đạo,20.4492199,106.3229529,136,Unhealthy for Sensitive Groups,2,26.6,83,0.0,16.8,174,1001.9,0,32.8,35.4,330.0,8.6,126.0,3.8
2026-04-11 04:00:00,2026,4,11,4,Hưng Yên,Phường Trần Hưng Đạo,20.4492199,106.3229529,128,Unhealthy for Sensitive Groups,2,26.4,85,0.0,15.6,172,1002.3,0,34.3,36.7,338.0,10.2,113.0,4.3
2026-04-11 05:00:00,2026,4,11,5,Hưng Yên,Phường Trần Hưng Đạo,20.4492199,106.3229529,122,Unhealthy for Sensitive Groups,2,26.1,85,0.0,10.8,177,1002.8,0,36.3,38.4,387.0,12.3,95.0,5.1
2026-04-11 06:00:00,2026,4,11,6,Hưng Yên,Phường Trần Hưng Đạo,20.4492199,106.3229529,123,Unhealthy for Sensitive Groups,2,25.7,86,0.0,7.0,192,1003.5,0,38.2,40.0,456.0,14.5,77.0,6.0
2026-04-11 07:00:00,2026,4,11,7,Hưng Yên,Phường Trần Hưng Đạo,20.4492199,106.3229529,124,Unhealthy for Sensitive Groups,2,27.2,82,0.0,11.6,188,1004.0,0,51.0,52.5,510.0,17.4,66.0,7.2
2026-04-11 08:00:00,2026,4,11,8,Hưng Yên,Phường Trần Hưng Đạo,20.4492199,106.3229529,124,Unhealthy for Sensitive Groups,2,29.3,75,0.0,12.0,189,1004.6,0,51.9,53.0,537.0,14.7,94.0,7.7
2026-04-11 09:00:00,2026,4,11,9,Hưng Yên,Phường Trần Hưng Đạo,20.4492199,106.3229529,124,Unhealthy for Sensitive Groups,2,30.9,67,0.0,14.2,193,1004.7,0,49.5,50.5,549.0,10.9,132.0,8.4
2026-04-11 10:00:00,2026,4,11,10,Hưng Yên,Phường Trần Hưng Đạo,20.4492199,106.3229529,123,Unhealthy for Sensitive Groups,2,32.4,63,0.0,14.8,190,1004.5,0,49.5,50.4,542.0,7.8,165.0,9.1
2026-04-11 11:00:00,2026,4,11,11,Hưng Yên,Phường Trần Hưng Đạo,20.4492199,106.3229529,122,Unhealthy for Sensitive Groups,2,33.7,59,0.0,16.7,186,1003.9,0,50.5,51.3,503.0,6.1,186.0,9.9
2026-04-11 12:00:00,2026,4,11,12,Hưng Yên,Phường Trần Hưng Đạo,20.4492199,106.3229529,120,Unhealthy for Sensitive Groups,2,34.2,54,0.0,17.5,183,1002.9,1,50.9,51.8,445.0,5.3,201.0,10.7
2026-04-11 13:00:00,2026,4,11,13,Hưng Yên,Phường Trần Hưng Đạo,20.4492199,106.3229529,119,Unhealthy for Sensitive Groups,2,35.2,54,0.0,15.6,188,1001.5,5,50.5,51.3,404.0,5.0,208.0,10.7
2026-04-11 14:00:00,2026,4,11,14,Hưng Yên,Phường Trần Hưng Đạo,20.4492199,106.3229529,119,Unhealthy for Sensitive Groups,2,34.7,57,0.0,16.1,184,1000.4,9,49.4,50.3,399.0,5.7,203.0,9.4
2026-04-11 15:00:00,2026,4,11,15,Hưng Yên,Phường Trần Hưng Đạo,20.4492199,106.3229529,133,Unhealthy for Sensitive Groups,2,34.0,60,0.0,13.9,184,999.7,9,48.0,48.8,411.0,7.0,190.0,7.3
2026-04-11 16:00:00,2026,4,11,16,Hưng Yên,Phường Trần Hưng Đạo,20.4492199,106.3229529,157,Unhealthy,3,33.2,66,0.0,12.7,164,998.8,2,46.8,47.5,418.0,8.0,178.0,5.6
2026-04-11 17:00:00,2026,4,11,17,Hưng Yên,Phường Trần Hưng Đạo,20.4492199,106.3229529,171,Unhealthy,3,31.6,57,0.0,18.5,173,998.6,2,45.8,46.6,412.0,8.3,170.0,4.8
2026-04-11 18:00:00,2026,4,11,18,Hưng Yên,Phường Trần Hưng Đạo,20.4492199,106.3229529,177,Unhealthy,3,30.2,54,0.0,17.5,170,998.9,5,42.4,44.0,401.0,8.3,163.0,4.3
2026-04-11 19:00:00,2026,4,11,19,Hưng Yên,Phường Trần Hưng Đạo,20.4492199,106.3229529,176,Unhealthy,3,29.5,59,0.0,17.9,167,999.6,2,71.2,74.5,391.0,7.0,163.0,3.8
2026-04-11 20:00:00,2026,4,11,20,Hưng Yên,Phường Trần Hưng Đạo,20.4492199,106.3229529,173,Unhealthy,3,29.1,63,0.0,19.2,172,1000.4,2,60.8,62.9,381.0,7.4,158.0,4.3
2026-04-11 21:00:00,2026,4,11,21,Hưng Yên,Phường Trần Hưng Đạo,20.4492199,106.3229529,166,Unhealthy,3,29.1,61,0.0,18.2,183,1001.5,2,54.5,56.7,370.0,8.1,152.0,5.1
2026-04-11 22:00:00,2026,4,11,22,Hưng Yên,Phường Trần Hưng Đạo,20.4492199,106.3229529,157,Unhealthy,3,28.8,61,0.0,16.6,182,1002.0,4,52.3,54.4,366.0,8.7,145.0,5.6
2026-04-11 23:00:00,2026,4,11,23,Hưng Yên,Phường Trần Hưng Đạo,20.4492199,106.3229529,147,Unhealthy for Sensitive Groups,2,28.6,59,0.0,15.1,179,1002.1,0,51.0,53.1,370.0,9.3,139.0,5.7
2026-04-12 00:00:00,2026,4,12,0,Hưng Yên,Phường Trần Hưng Đạo,20.4492199,106.3229529,136,Unhealthy for Sensitive Groups,2,27.8,62,0.0,13.3,167,1001.7,0,49.5,51.6,380.0,9.9,132.0,5.6
2026-04-12 01:00:00,2026,4,12,1,Hưng Yên,Phường Trần Hưng Đạo,20.4492199,106.3229529,129,Unhealthy for Sensitive Groups,2,27.1,68,0.0,13.3,171,1001.4,0,48.3,50.5,394.0,10.5,126.0,5.5
2026-04-12 02:00:00,2026,4,12,2,Hưng Yên,Phường Trần Hưng Đạo,20.4492199,106.3229529,131,Unhealthy for Sensitive Groups,2,27.1,73,0.0,16.4,179,1001.0,0,47.1,49.5,414.0,11.1,120.0,5.3
2026-04-12 03:00:00,2026,4,12,3,Hưng Yên,Phường Trần Hưng Đạo,20.4492199,106.3229529,132,Unhealthy for Sensitive Groups,2,26.9,80,0.0,17.0,173,1000.9,0,46.1,48.7,437.0,11.8,115.0,5.1
2026-04-12 04:00:00,2026,4,12,4,Hưng Yên,Phường Trần Hưng Đạo,20.4492199,106.3229529,134,Unhealthy for Sensitive Groups,2,26.4,84,0.0,15.9,174,1001.1,0,45.6,48.2,454.0,12.3,109.0,5.0
2026-04-12 05:00:00,2026,4,12,5,Hưng Yên,Phường Trần Hưng Đạo,20.4492199,106.3229529,135,Unhealthy for Sensitive Groups,2,26.4,83,0.0,15.7,175,1001.6,0,45.1,47.6,455.0,12.9,98.0,5.1
2026-04-12 06:00:00,2026,4,12,6,Hưng Yên,Phường Trần Hưng Đạo,20.4492199,106.3229529,136,Unhealthy for Sensitive Groups,2,26.2,83,0.0,13.9,181,1002.1,0,44.1,46.7,449.0,13.3,87.0,5.4
2026-04-12 07:00:00,2026,4,12,7,Hưng Yên,Phường Trần Hưng Đạo,20.4492199,106.3229529,136,Unhealthy for Sensitive Groups,2,27.7,80,0.0,11.7,179,1002.7,0,56.0,58.0,451.0,13.9,82.0,6.4
2026-04-12 08:00:00,2026,4,12,8,Hưng Yên,Phường Trần Hưng Đạo,20.4492199,106.3229529,137,Unhealthy for Sensitive Groups,2,29.5,78,0.0,11.5,176,1003.1,0,56.5,58.6,473.0,12.0,105.0,6.5
2026-04-12 09:00:00,2026,4,12,9,Hưng Yên,Phường Trần Hưng Đạo,20.4492199,106.3229529,137,Unhealthy for Sensitive Groups,2,31.5,70,0.0,12.2,181,1003.4,0,56.5,59.1,503.0,9.5,137.0,6.7
2026-04-12 10:00:00,2026,4,12,10,Hưng Yên,Phường Trần Hưng Đạo,20.4492199,106.3229529,138,Unhealthy for Sensitive Groups,2,32.8,65,0.0,12.7,188,1003.5,0,57.6,60.1,517.0,7.4,167.0,7.0
2026-04-12 11:00:00,2026,4,12,11,Hưng Yên,Phường Trần Hưng Đạo,20.4492199,106.3229529,139,Unhealthy for Sensitive Groups,2,34.0,61,0.0,12.1,190,1003.0,0,59.6,62.2,504.0,6.2,193.0,7.8
2026-04-12 12:00:00,2026,4,12,12,Hưng Yên,Phường Trần Hưng Đạo,20.4492199,106.3229529,140,Unhealthy for Sensitive Groups,2,34.7,59,0.0,13.0,182,1002.4,0,60.8,62.6,475.0,5.6,216.0,8.7
2026-04-12 13:00:00,2026,4,12,13,Hưng Yên,Phường Trần Hưng Đạo,20.4492199,106.3229529,141,Unhealthy for Sensitive Groups,2,35.5,55,0.0,13.1,189,1001.2,2,61.0,62.9,446.0,5.5,226.0,9.0
2026-04-12 14:00:00,2026,4,12,14,Hưng Yên,Phường Trần Hưng Đạo,20.4492199,106.3229529,142,Unhealthy for Sensitive Groups,2,35.4,55,0.0,13.9,184,1000.2,5,59.5,61.5,418.0,6.2,216.0,8.0
2026-04-12 15:00:00,2026,4,12,15,Hưng Yên,Phường Trần Hưng Đạo,20.4492199,106.3229529,151,Unhealthy,3,34.4,59,0.0,15.9,174,999.9,8,56.2,58.3,388.0,7.5,194.0,6.3
2026-04-12 16:00:00,2026,4,12,16,Hưng Yên,Phường Trần Hưng Đạo,20.4492199,106.3229529,169,Unhealthy,3,32.3,67,0.0,16.1,160,999.6,9,52.2,54.2,365.0,8.5,174.0,5.0
2026-04-12 17:00:00,2026,4,12,17,Hưng Yên,Phường Trần Hưng Đạo,20.4492199,106.3229529,180,Unhealthy,3,30.5,68,0.0,16.1,160,999.7,2,49.7,52.2,352.0,9.2,159.0,4.4
2026-04-12 18:00:00,2026,4,12,18,Hưng Yên,Phường Trần Hưng Đạo,20.4492199,106.3229529,184,Unhealthy,3,29.2,67,0.0,15.1,147,1000.1,1,44.2,48.0,345.0,9.7,145.0,4.1
2026-04-12 19:00:00,2026,4,12,19,Hưng Yên,Phường Trần Hưng Đạo,20.4492199,106.3229529,180,Unhealthy,3,28.6,71,0.0,13.5,150,1000.9,0,53.9,59.4,339.0,8.6,155.0,3.6
2026-04-12 20:00:00,2026,4,12,20,Hưng Yên,Phường Trần Hưng Đạo,20.4492199,106.3229529,174,Unhealthy,3,28.1,75,0.0,14.8,151,1001.8,0,42.8,47.1,332.0,7.7,157.0,3.4
2026-04-12 21:00:00,2026,4,12,21,Hưng Yên,Phường Trần Hưng Đạo,20.4492199,106.3229529,165,Unhealthy,3,28.1,75,0.0,16.2,163,1002.7,0,35.2,38.9,327.0,6.5,159.0,3.2
2026-04-12 22:00:00,2026,4,12,22,Hưng Yên,Phường Trần Hưng Đạo,20.4492199,106.3229529,154,Unhealthy,3,28.0,76,0.0,18.4,168,1003.2,0,32.4,35.7,318.0,5.5,159.0,2.9
2026-04-12 23:00:00,2026,4,12,23,Hưng Yên,Phường Trần Hưng Đạo,20.4492199,106.3229529,143,Unhealthy for Sensitive Groups,2,27.8,78,0.0,20.6,168,1003.1,0,31.4,34.7,303.0,5.0,155.0,2.6
2026-04-13 00:00:00,2026,4,13,0,Hưng Yên,Phường Trần Hưng Đạo,20.4492199,106.3229529,135,Unhealthy for Sensitive Groups,2,27.5,80,0.0,18.7,168,1002.7,0,30.5,33.8,285.0,4.7,149.0,2.2
2026-04-13 01:00:00,2026,4,13,1,Hưng Yên,Phường Trần Hưng Đạo,20.4492199,106.3229529,133,Unhealthy for Sensitive Groups,2,27.4,82,0.0,17.7,168,1002.4,0,30.0,33.3,274.0,4.7,144.0,2.0
2026-04-13 02:00:00,2026,4,13,2,Hưng Yên,Phường Trần Hưng Đạo,20.4492199,106.3229529,131,Unhealthy for Sensitive Groups,2,27.1,83,0.0,16.5,174,1002.3,0,30.3,33.4,270.0,4.9,142.0,2.0
2026-04-13 03:00:00,2026,4,13,3,Hưng Yên,Phường Trần Hưng Đạo,20.4492199,106.3229529,130,Unhealthy for Sensitive Groups,2,26.8,84,0.0,15.4,174,1002.2,0,31.0,34.0,272.0,5.4,141.0,2.2
2026-04-13 04:00:00,2026,4,13,4,Hưng Yên,Phường Trần Hưng Đạo,20.4492199,106.3229529,128,Unhealthy for Sensitive Groups,2,26.5,86,0.0,13.8,173,1002.5,0,31.7,34.7,287.0,6.0,139.0,2.4
2026-04-13 05:00:00,2026,4,13,5,Hưng Yên,Phường Trần Hưng Đạo,20.4492199,106.3229529,127,Unhealthy for Sensitive Groups,2,26.2,87,0.0,13.2,173,1003.4,0,32.2,35.3,329.0,7.0,132.0,2.7
2026-04-13 06:00:00,2026,4,13,6,Hưng Yên,Phường Trần Hưng Đạo,20.4492199,106.3229529,125,Unhealthy for Sensitive Groups,2,26.2,88,0.0,12.8,176,1004.3,0,32.7,35.9,384.0,8.0,123.0,3.2
2026-04-13 07:00:00,2026,4,13,7,Hưng Yên,Phường Trần Hưng Đạo,20.4492199,106.3229529,124,Unhealthy for Sensitive Groups,2,27.6,86,0.0,13.6,168,1005.4,0,38.2,41.3,418.0,10.5,112.0,4.2
2026-04-13 08:00:00,2026,4,13,8,Hưng Yên,Phường Trần Hưng Đạo,20.4492199,106.3229529,122,Unhealthy for Sensitive Groups,2,29.2,83,0.0,8.6,178,1006.1,0,37.4,41.2,414.0,8.9,123.0,4.4
2026-04-13 09:00:00,2026,4,13,9,Hưng Yên,Phường Trần Hưng Đạo,20.4492199,106.3229529,120,Unhealthy for Sensitive Groups,2,30.8,80,0.0,8.6,181,1006.7,0,36.1,40.6,390.0,6.7,138.0,4.6
2026-04-13 10:00:00,2026,4,13,10,Hưng Yên,Phường Trần Hưng Đạo,20.4492199,106.3229529,118,Unhealthy for Sensitive Groups,2,32.0,74,0.0,12.2,179,1006.9,0,35.6,40.4,364.0,5.0,152.0,4.7
2026-04-13 11:00:00,2026,4,13,11,Hưng Yên,Phường Trần Hưng Đạo,20.4492199,106.3229529,116,Unhealthy for Sensitive Groups,2,32.7,69,0.0,15.3,179,1006.4,0,35.0,39.8,339.0,4.2,165.0,4.6
2026-04-13 12:00:00,2026,4,13,12,Hưng Yên,Phường Trần Hưng Đạo,20.4492199,106.3229529,113,Unhealthy for Sensitive Groups,2,32.8,68,0.0,15.7,177,1005.8,0,34.8,39.2,313.0,4.0,178.0,4.4
2026-04-13 13:00:00,2026,4,13,13,Hưng Yên,Phường Trần Hưng Đạo,20.4492199,106.3229529,111,Unhealthy for Sensitive Groups,2,32.7,64,0.0,15.4,173,1005.0,4,34.3,38.5,293.0,4.1,184.0,4.2
2026-04-13 14:00:00,2026,4,13,14,Hưng Yên,Phường Trần Hưng Đạo,20.4492199,106.3229529,116,Unhealthy for Sensitive Groups,2,32.3,65,0.0,14.8,167,1004.0,5,33.9,38.0,284.0,4.6,180.0,3.8
2026-04-13 15:00:00,2026,4,13,15,Hưng Yên,Phường Trần Hưng Đạo,20.4492199,106.3229529,129,Unhealthy for Sensitive Groups,2,31.8,68,0.0,14.2,159,1003.3,5,33.4,37.4,282.0,5.5,169.0,3.4
2026-04-13 16:00:00,2026,4,13,16,Hưng Yên,Phường Trần Hưng Đạo,20.4492199,106.3229529,141,Unhealthy for Sensitive Groups,2,30.9,72,0.0,14.6,150,1002.8,7,33.2,37.3,283.0,6.6,158.0,3.2
2026-04-13 17:00:00,2026,4,13,17,Hưng Yên,Phường Trần Hưng Đạo,20.4492199,106.3229529,148,Unhealthy for Sensitive Groups,2,29.6,78,0.0,14.2,144,1002.6,3,34.1,38.1,289.0,8.1,148.0,3.4
2026-04-13 18:00:00,2026,4,13,18,Hưng Yên,Phường Trần Hưng Đạo,20.4492199,106.3229529,150,Unhealthy for Sensitive Groups,2,28.4,78,0.0,14.5,143,1003.0,2,35.7,39.9,299.0,9.8,137.0,3.9
2026-04-13 19:00:00,2026,4,13,19,Hưng Yên,Phường Trần Hưng Đạo,20.4492199,106.3229529,147,Unhealthy for Sensitive Groups,2,27.8,83,0.0,10.4,136,1003.6,0,43.1,48.0,301.0,10.2,139.0,4.1
2026-04-13 20:00:00,2026,4,13,20,Hưng Yên,Phường Trần Hưng Đạo,20.4492199,106.3229529,142,Unhealthy for Sensitive Groups,2,27.0,85,0.0,6.2,136,1004.3,2,41.6,46.4,288.0,9.4,137.0,3.9
2026-04-13 21:00:00,2026,4,13,21,Hưng Yên,Phường Trần Hưng Đạo,20.4492199,106.3229529,133,Unhealthy for Sensitive Groups,2,26.7,84,0.0,6.0,164,1005.2,0,39.6,44.2,268.0,8.2,135.0,3.7
2026-04-13 22:00:00,2026,4,13,22,Hưng Yên,Phường Trần Hưng Đạo,20.4492199,106.3229529,122,Unhealthy for Sensitive Groups,2,27.1,81,0.0,9.4,187,1006.0,2,37.0,41.4,250.0,7.1,132.0,3.4
2026-04-13 23:00:00,2026,4,13,23,Hưng Yên,Phường Trần Hưng Đạo,20.4492199,106.3229529,112,Unhealthy for Sensitive Groups,2,27.0,83,0.0,12.6,191,1006.3,0,33.4,37.6,237.0,6.2,127.0,2.9
2026-04-14 00:00:00,2026,4,14,0,Hưng Yên,Phường Trần Hưng Đạo,20.4492199,106.3229529,103,Unhealthy for Sensitive Groups,2,27.0,84,0.0,14.5,174,1005.7,0,29.8,34.0,227.0,5.3,122.0,2.3
2026-04-14 01:00:00,2026,4,14,1,Hưng Yên,Phường Trần Hưng Đạo,20.4492199,106.3229529,98,Moderate,1,27.0,89,0.0,15.3,171,1004.9,9,28.3,32.4,219.0,4.8,119.0,1.9
2026-04-14 02:00:00,2026,4,14,2,Hưng Yên,Phường Trần Hưng Đạo,20.4492199,106.3229529,98,Moderate,1,26.9,88,0.0,13.4,175,1004.5,12,28.6,32.5,213.0,4.7,121.0,1.9
2026-04-14 03:00:00,2026,4,14,3,Hưng Yên,Phường Trần Hưng Đạo,20.4492199,106.3229529,98,Moderate,1,26.8,87,0.0,11.0,182,1004.5,2,29.9,33.6,211.0,4.9,125.0,2.0
2026-04-14 04:00:00,2026,4,14,4,Hưng Yên,Phường Trần Hưng Đạo,20.4492199,106.3229529,98,Moderate,1,26.4,89,0.0,9.4,177,1004.6,2,31.4,35.0,215.0,5.4,127.0,2.3
2026-04-14 05:00:00,2026,4,14,5,Hưng Yên,Phường Trần Hưng Đạo,20.4492199,106.3229529,98,Moderate,1,26.2,90,0.0,9.2,173,1005.2,3,32.7,36.4,231.0,6.4,123.0,2.7
2026-04-14 06:00:00,2026,4,14,6,Hưng Yên,Phường Trần Hưng Đạo,20.4492199,106.3229529,98,Moderate,1,26.2,90,0.0,9.2,164,1005.6,0,34.0,37.7,253.0,7.5,117.0,3.2
2026-04-14 07:00:00,2026,4,14,7,Hưng Yên,Phường Trần Hưng Đạo,20.4492199,106.3229529,98,Moderate,1,27.2,89,0.0,8.2,116,1006.4,0,60.5,65.0,273.0,11.8,100.0,4.4
2026-04-14 08:00:00,2026,4,14,8,Hưng Yên,Phường Trần Hưng Đạo,20.4492199,106.3229529,100,Moderate,1,28.6,84,0.0,8.8,137,1007.2,0,57.5,63.6,287.0,9.8,112.0,4.6
2026-04-14 09:00:00,2026,4,14,9,Hưng Yên,Phường Trần Hưng Đạo,20.4492199,106.3229529,102,Unhealthy for Sensitive Groups,2,29.9,81,0.0,9.5,147,1007.6,0,55.5,62.6,298.0,7.1,128.0,4.9
2026-04-14 10:00:00,2026,4,14,10,Hưng Yên,Phường Trần Hưng Đạo,20.4492199,106.3229529,104,Unhealthy for Sensitive Groups,2,31.0,78,0.0,11.0,155,1007.8,0,54.9,62.9,305.0,5.0,143.0,5.0
2026-04-14 11:00:00,2026,4,14,11,Hưng Yên,Phường Trần Hưng Đạo,20.4492199,106.3229529,106,Unhealthy for Sensitive Groups,2,31.8,74,0.0,12.4,161,1007.3,0,54.7,62.9,308.0,3.9,155.0,4.9
2026-04-14 12:00:00,2026,4,14,12,Hưng Yên,Phường Trần Hưng Đạo,20.4492199,106.3229529,108,Unhealthy for Sensitive Groups,2,32.3,70,0.0,13.3,167,1006.5,0,53.6,61.7,308.0,3.5,165.0,4.7
2026-04-14 13:00:00,2026,4,14,13,Hưng Yên,Phường Trần Hưng Đạo,20.4492199,106.3229529,110,Unhealthy for Sensitive Groups,2,32.3,68,0.0,13.3,164,1005.5,1,51.8,59.8,301.0,3.4,169.0,4.4
2026-04-14 14:00:00,2026,4,14,14,Hưng Yên,Phường Trần Hưng Đạo,20.4492199,106.3229529,112,Unhealthy for Sensitive Groups,2,32.2,68,0.0,14.0,156,1004.2,5,48.7,56.1,284.0,3.7,162.0,3.8
2026-04-14 15:00:00,2026,4,14,15,Hưng Yên,Phường Trần Hưng Đạo,20.4492199,106.3229529,114,Unhealthy for Sensitive Groups,2,31.6,70,0.0,14.0,149,1003.5,8,44.1,50.8,262.0,4.5,148.0,3.0
2026-04-14 16:00:00,2026,4,14,16,Hưng Yên,Phường Trần Hưng Đạo,20.4492199,106.3229529,118,Unhealthy for Sensitive Groups,2,30.5,75,0.0,15.3,142,1003.0,4,40.0,46.1,245.0,5.5,135.0,2.6
2026-04-14 17:00:00,2026,4,14,17,Hưng Yên,Phường Trần Hưng Đạo,20.4492199,106.3229529,123,Unhealthy for Sensitive Groups,2,29.2,81,0.0,14.0,138,1002.8,5,37.5,43.0,241.0,7.2,124.0,2.8
2026-04-14 18:00:00,2026,4,14,18,Hưng Yên,Phường Trần Hưng Đạo,20.4492199,106.3229529,122,Unhealthy for Sensitive Groups,2,28.0,84,0.0,13.9,134,1003.2,2,37.6,42.7,243.0,9.1,114.0,3.2
2026-04-14 19:00:00,2026,4,14,19,Hưng Yên,Phường Trần Hưng Đạo,20.4492199,106.3229529,116,Unhealthy for Sensitive Groups,2,27.0,86,0.0,13.4,134,1003.5,1,36.9,42.1,242.0,10.2,107.0,3.5
2026-04-14 20:00:00,2026,4,14,20,Hưng Yên,Phường Trần Hưng Đạo,20.4492199,106.3229529,115,Unhealthy for Sensitive Groups,2,26.7,87,0.0,11.9,141,1004.2,1,35.5,40.5,235.0,9.6,106.0,3.4
