timestamp,year,month,day,hour,province,location,lat,lon,aqi,pollution_level,pollution_class,temp,humidity,rain,wind_speed,wind_dir,pressure,cloud,pm2_5,pm10,co,no2,o3,so2
2026-01-14 20:00:00,2026,1,14,20,Hà Nội,Phường Tương Mai,20.9899896,105.8530145,159,Unhealthy,3,19.4,77,0.0,11.5,121,1014.6,6,46.7,47.6,612.0,32.5,74.0,28.8
2026-01-14 21:00:00,2026,1,14,21,Hà Nội,Phường Tương Mai,20.9899896,105.8530145,157,Unhealthy,3,18.5,82,0.0,9.4,130,1015.3,20,48.4,49.4,656.0,31.8,70.0,29.2
2026-01-14 22:00:00,2026,1,14,22,Hà Nội,Phường Tương Mai,20.9899896,105.8530145,156,Unhealthy,3,18.1,85,0.0,7.8,130,1016.0,19,54.5,55.5,701.0,32.4,65.0,29.9
2026-01-14 23:00:00,2026,1,14,23,Hà Nội,Phường Tương Mai,20.9899896,105.8530145,156,Unhealthy,3,17.5,88,0.0,5.3,135,1016.2,25,63.3,64.3,753.0,35.5,58.0,31.0
2026-01-15 00:00:00,2026,1,15,0,Hà Nội,Phường Tương Mai,20.9899896,105.8530145,156,Unhealthy,3,17.1,90,0.0,4.7,133,1016.4,28,71.0,71.9,805.0,39.8,49.0,32.4
2026-01-15 01:00:00,2026,1,15,1,Hà Nội,Phường Tương Mai,20.9899896,105.8530145,156,Unhealthy,3,17.1,92,0.0,4.2,108,1016.2,100,78.2,79.2,837.0,43.4,41.0,33.3
2026-01-15 02:00:00,2026,1,15,2,Hà Nội,Phường Tương Mai,20.9899896,105.8530145,157,Unhealthy,3,17.3,92,0.0,4.3,88,1015.8,100,84.3,85.2,804.0,45.3,36.0,33.0
2026-01-15 03:00:00,2026,1,15,3,Hà Nội,Phường Tương Mai,20.9899896,105.8530145,157,Unhealthy,3,17.4,92,0.0,3.9,62,1015.5,99,96.6,97.6,751.0,46.4,32.0,32.2
2026-01-15 04:00:00,2026,1,15,4,Hà Nội,Phường Tương Mai,20.9899896,105.8530145,158,Unhealthy,3,17.5,92,0.0,3.2,87,1015.5,100,104.5,105.5,789.0,47.3,29.0,32.4
2026-01-15 05:00:00,2026,1,15,5,Hà Nội,Phường Tương Mai,20.9899896,105.8530145,158,Unhealthy,3,17.5,93,0.0,3.7,104,1015.4,100,98.5,99.4,1043.0,48.6,25.0,34.3
2026-01-15 06:00:00,2026,1,15,6,Hà Nội,Phường Tương Mai,20.9899896,105.8530145,159,Unhealthy,3,17.6,92,0.0,4.1,90,1016.1,100,99.9,100.8,1389.0,49.8,21.0,37.1
2026-01-15 07:00:00,2026,1,15,7,Hà Nội,Phường Tương Mai,20.9899896,105.8530145,159,Unhealthy,3,17.4,93,0.0,3.6,33,1016.5,100,92.9,93.8,1568.0,49.6,28.0,37.9
2026-01-15 08:00:00,2026,1,15,8,Hà Nội,Phường Tương Mai,20.9899896,105.8530145,157,Unhealthy,3,18.1,89,0.0,2.8,63,1017.1,99,86.8,87.5,1425.0,48.4,40.0,41.8
2026-01-15 09:00:00,2026,1,15,9,Hà Nội,Phường Tương Mai,20.9899896,105.8530145,157,Unhealthy,3,18.9,85,0.0,3.3,81,1017.4,48,77.5,78.5,1116.0,46.7,56.0,47.1
2026-01-15 10:00:00,2026,1,15,10,Hà Nội,Phường Tương Mai,20.9899896,105.8530145,156,Unhealthy,3,21.0,76,0.0,4.9,107,1017.4,70,71.0,72.2,851.0,44.5,71.0,49.8
2026-01-15 11:00:00,2026,1,15,11,Hà Nội,Phường Tương Mai,20.9899896,105.8530145,156,Unhealthy,3,22.5,70,0.1,6.2,136,1016.5,100,63.6,65.2,702.0,41.3,81.0,47.4
2026-01-15 12:00:00,2026,1,15,12,Hà Nội,Phường Tương Mai,20.9899896,105.8530145,156,Unhealthy,3,22.5,70,0.0,5.4,143,1015.2,100,62.9,64.7,598.0,37.6,90.0,42.3
2026-01-15 13:00:00,2026,1,15,13,Hà Nội,Phường Tương Mai,20.9899896,105.8530145,156,Unhealthy,3,22.1,69,0.1,4.3,123,1014.2,100,61.0,63.1,532.0,35.2,95.0,38.4
2026-01-15 14:00:00,2026,1,15,14,Hà Nội,Phường Tương Mai,20.9899896,105.8530145,157,Unhealthy,3,22.5,67,0.0,6.4,130,1013.1,100,61.2,63.1,504.0,34.4,98.0,36.9
2026-01-15 15:00:00,2026,1,15,15,Hà Nội,Phường Tương Mai,20.9899896,105.8530145,157,Unhealthy,3,22.0,71,0.0,8.6,126,1012.4,100,62.9,64.5,514.0,34.9,97.0,36.5
2026-01-15 16:00:00,2026,1,15,16,Hà Nội,Phường Tương Mai,20.9899896,105.8530145,157,Unhealthy,3,21.7,73,0.0,8.3,124,1012.1,100,63.3,65.0,556.0,37.7,92.0,36.7
2026-01-15 17:00:00,2026,1,15,17,Hà Nội,Phường Tương Mai,20.9899896,105.8530145,158,Unhealthy,3,21.5,75,0.0,7.1,124,1012.1,100,64.0,65.4,659.0,45.1,77.0,38.1
2026-01-15 18:00:00,2026,1,15,18,Hà Nội,Phường Tương Mai,20.9899896,105.8530145,158,Unhealthy,3,21.2,77,0.0,5.2,136,1012.0,100,74.0,75.2,794.0,54.7,57.0,40.1
2026-01-15 19:00:00,2026,1,15,19,Hà Nội,Phường Tương Mai,20.9899896,105.8530145,159,Unhealthy,3,20.8,80,0.0,6.4,108,1012.6,76,107.6,109.2,871.0,65.6,37.0,47.4
2026-01-15 20:00:00,2026,1,15,20,Hà Nội,Phường Tương Mai,20.9899896,105.8530145,160,Unhealthy,3,20.5,82,0.0,7.5,123,1012.8,5,101.5,103.1,834.0,59.4,39.0,42.7
2026-01-15 21:00:00,2026,1,15,21,Hà Nội,Phường Tương Mai,20.9899896,105.8530145,161,Unhealthy,3,19.5,86,0.0,8.4,135,1012.9,24,85.0,86.4,739.0,50.8,41.0,36.2
2026-01-15 22:00:00,2026,1,15,22,Hà Nội,Phường Tương Mai,20.9899896,105.8530145,162,Unhealthy,3,18.8,90,0.0,7.4,158,1013.0,16,73.6,75.2,668.0,43.7,42.0,30.8
2026-01-15 23:00:00,2026,1,15,23,Hà Nội,Phường Tương Mai,20.9899896,105.8530145,163,Unhealthy,3,18.2,94,0.0,7.2,168,1012.9,13,68.2,70.3,657.0,39.9,41.0,28.0
2026-01-16 00:00:00,2026,1,16,0,Hà Nội,Phường Tương Mai,20.9899896,105.8530145,163,Unhealthy,3,17.8,96,0.0,7.3,169,1012.8,19,67.5,69.4,669.0,37.6,38.0,26.3
2026-01-16 01:00:00,2026,1,16,1,Hà Nội,Phường Tương Mai,20.9899896,105.8530145,163,Unhealthy,3,17.5,98,0.0,8.0,166,1012.7,100,68.0,69.4,675.0,36.0,34.0,24.8
2026-01-16 02:00:00,2026,1,16,2,Hà Nội,Phường Tương Mai,20.9899896,105.8530145,162,Unhealthy,3,17.6,100,0.0,7.7,164,1011.9,100,75.4,76.8,652.0,34.7,28.0,22.5
2026-01-16 03:00:00,2026,1,16,3,Hà Nội,Phường Tương Mai,20.9899896,105.8530145,162,Unhealthy,3,17.8,100,0.0,8.6,151,1011.5,100,86.1,87.8,622.0,34.0,21.0,20.3
2026-01-16 04:00:00,2026,1,16,4,Hà Nội,Phường Tương Mai,20.9899896,105.8530145,162,Unhealthy,3,17.9,100,0.0,10.8,152,1011.4,100,93.6,95.0,625.0,33.9,17.0,19.9
2026-01-16 05:00:00,2026,1,16,5,Hà Nội,Phường Tương Mai,20.9899896,105.8530145,162,Unhealthy,3,18.0,100,0.0,7.3,149,1011.5,100,94.5,95.9,707.0,35.1,15.0,22.9
2026-01-16 06:00:00,2026,1,16,6,Hà Nội,Phường Tương Mai,20.9899896,105.8530145,162,Unhealthy,3,18.1,99,0.1,4.7,148,1011.8,100,93.4,95.2,821.0,36.8,15.0,27.8
2026-01-16 07:00:00,2026,1,16,7,Hà Nội,Phường Tương Mai,20.9899896,105.8530145,161,Unhealthy,3,18.2,99,0.1,6.8,145,1012.5,100,92.0,93.6,867.0,35.9,23.0,35.6
2026-01-16 08:00:00,2026,1,16,8,Hà Nội,Phường Tương Mai,20.9899896,105.8530145,161,Unhealthy,3,19.2,93,0.0,9.2,159,1012.8,100,77.8,79.4,778.0,32.2,37.0,35.8
2026-01-16 09:00:00,2026,1,16,9,Hà Nội,Phường Tương Mai,20.9899896,105.8530145,161,Unhealthy,3,20.1,89,0.1,11.4,168,1013.7,100,59.5,61.0,620.0,27.0,57.0,36.1
2026-01-16 10:00:00,2026,1,16,10,Hà Nội,Phường Tương Mai,20.9899896,105.8530145,161,Unhealthy,3,21.7,79,0.1,13.3,172,1013.4,100,45.2,46.4,494.0,22.7,74.0,35.7
2026-01-16 11:00:00,2026,1,16,11,Hà Nội,Phường Tương Mai,20.9899896,105.8530145,160,Unhealthy,3,23.0,71,0.0,13.0,178,1012.6,100,43.8,44.9,438.0,20.1,85.0,34.2
2026-01-16 12:00:00,2026,1,16,12,Hà Nội,Phường Tương Mai,20.9899896,105.8530145,160,Unhealthy,3,24.1,67,0.1,12.4,188,1011.3,100,42.8,43.9,414.0,18.4,93.0,32.2
2026-01-16 13:00:00,2026,1,16,13,Hà Nội,Phường Tương Mai,20.9899896,105.8530145,159,Unhealthy,3,24.5,65,0.1,10.8,181,1010.3,100,42.8,43.8,404.0,17.3,100.0,30.4
2026-01-16 14:00:00,2026,1,16,14,Hà Nội,Phường Tương Mai,20.9899896,105.8530145,159,Unhealthy,3,25.2,62,0.1,10.8,169,1009.1,100,42.5,43.3,404.0,16.1,108.0,29.3
2026-01-16 15:00:00,2026,1,16,15,Hà Nội,Phường Tương Mai,20.9899896,105.8530145,159,Unhealthy,3,26.0,58,0.0,10.1,164,1008.5,100,42.0,42.7,420.0,15.4,116.0,28.5
2026-01-16 16:00:00,2026,1,16,16,Hà Nội,Phường Tương Mai,20.9899896,105.8530145,158,Unhealthy,3,25.9,57,0.0,10.3,134,1008.0,23,41.4,42.1,448.0,17.0,116.0,27.9
2026-01-16 17:00:00,2026,1,16,17,Hà Nội,Phường Tương Mai,20.9899896,105.8530145,158,Unhealthy,3,25.1,61,0.0,11.6,118,1008.0,7,42.8,43.4,499.0,22.8,104.0,27.6
2026-01-16 18:00:00,2026,1,16,18,Hà Nội,Phường Tương Mai,20.9899896,105.8530145,157,Unhealthy,3,23.1,69,0.0,11.8,128,1008.7,39,44.0,44.6,562.0,30.9,84.0,27.5
2026-01-16 19:00:00,2026,1,16,19,Hà Nội,Phường Tương Mai,20.9899896,105.8530145,157,Unhealthy,3,22.2,76,0.0,12.6,143,1009.5,25,45.3,46.0,610.0,36.9,69.0,29.0
2026-01-16 20:00:00,2026,1,16,20,Hà Nội,Phường Tương Mai,20.9899896,105.8530145,155,Unhealthy,3,21.2,80,0.0,13.3,150,1010.5,21,42.8,43.8,627.0,36.1,65.0,28.5
2026-01-16 21:00:00,2026,1,16,21,Hà Nội,Phường Tương Mai,20.9899896,105.8530145,154,Unhealthy,3,20.4,86,0.0,12.2,152,1011.0,11,43.9,45.1,628.0,35.2,59.0,27.8
2026-01-16 22:00:00,2026,1,16,22,Hà Nội,Phường Tương Mai,20.9899896,105.8530145,153,Unhealthy,3,19.6,92,0.0,10.6,154,1011.2,26,49.0,50.4,626.0,35.4,52.0,27.2
2026-01-16 23:00:00,2026,1,16,23,Hà Nội,Phường Tương Mai,20.9899896,105.8530145,152,Unhealthy,3,19.2,96,0.0,8.1,148,1011.3,25,55.5,57.5,628.0,38.0,44.0,26.7
2026-01-17 00:00:00,2026,1,17,0,Hà Nội,Phường Tương Mai,20.9899896,105.8530145,152,Unhealthy,3,18.9,98,0.0,7.5,130,1011.2,24,62.2,64.7,627.0,41.7,35.0,26.3
2026-01-17 01:00:00,2026,1,17,1,Hà Nội,Phường Tương Mai,20.9899896,105.8530145,152,Unhealthy,3,19.4,99,0.0,9.3,133,1011.2,100,78.2,80.3,613.0,44.0,28.0,25.7
2026-01-17 02:00:00,2026,1,17,2,Hà Nội,Phường Tương Mai,20.9899896,105.8530145,152,Unhealthy,3,19.4,99,0.0,8.3,123,1010.7,100,97.6,99.2,564.0,43.5,23.0,24.3
2026-01-17 03:00:00,2026,1,17,3,Hà Nội,Phường Tương Mai,20.9899896,105.8530145,153,Unhealthy,3,19.3,99,0.0,8.5,117,1010.4,100,102.7,104.1,502.0,41.6,20.0,22.8
2026-01-17 04:00:00,2026,1,17,4,Hà Nội,Phường Tương Mai,20.9899896,105.8530145,153,Unhealthy,3,19.3,98,0.0,9.6,123,1010.3,100,96.6,98.0,480.0,40.3,18.0,22.6
2026-01-17 05:00:00,2026,1,17,5,Hà Nội,Phường Tương Mai,20.9899896,105.8530145,153,Unhealthy,3,19.3,98,0.0,8.7,120,1010.6,100,96.4,97.8,539.0,40.5,17.0,25.0
2026-01-17 06:00:00,2026,1,17,6,Hà Nội,Phường Tương Mai,20.9899896,105.8530145,153,Unhealthy,3,19.2,98,0.0,6.7,117,1010.8,100,83.6,84.8,640.0,41.3,18.0,28.7
2026-01-17 07:00:00,2026,1,17,7,Hà Nội,Phường Tương Mai,20.9899896,105.8530145,153,Unhealthy,3,19.0,99,0.7,4.5,76,1011.3,100,82.9,84.1,714.0,44.7,18.0,32.7
2026-01-17 08:00:00,2026,1,17,8,Hà Nội,Phường Tương Mai,20.9899896,105.8530145,153,Unhealthy,3,19.4,98,1.1,2.4,138,1012.4,100,64.7,66.1,743.0,43.7,24.0,35.7
2026-01-17 09:00:00,2026,1,17,9,Hà Nội,Phường Tương Mai,20.9899896,105.8530145,153,Unhealthy,3,19.9,96,1.8,2.6,141,1013.2,100,56.6,57.7,746.0,42.0,33.0,39.7
2026-01-17 10:00:00,2026,1,17,10,Hà Nội,Phường Tương Mai,20.9899896,105.8530145,152,Unhealthy,3,20.2,94,1.6,5.2,46,1013.2,100,45.9,47.0,717.0,39.0,43.0,41.6
2026-01-17 11:00:00,2026,1,17,11,Hà Nội,Phường Tương Mai,20.9899896,105.8530145,152,Unhealthy,3,21.0,90,0.2,8.1,45,1012.9,100,35.7,37.0,633.0,33.3,57.0,39.5
2026-01-17 12:00:00,2026,1,17,12,Hà Nội,Phường Tương Mai,20.9899896,105.8530145,152,Unhealthy,3,21.0,86,0.1,10.1,49,1011.5,35,30.7,32.0,518.0,26.2,72.0,35.4
2026-01-17 13:00:00,2026,1,17,13,Hà Nội,Phường Tương Mai,20.9899896,105.8530145,152,Unhealthy,3,20.9,87,0.0,8.2,58,1010.7,50,29.7,31.0,434.0,21.4,83.0,31.9
2026-01-17 14:00:00,2026,1,17,14,Hà Nội,Phường Tương Mai,20.9899896,105.8530145,152,Unhealthy,3,22.4,79,0.0,8.9,98,1009.8,54,29.5,30.6,403.0,20.4,88.0,29.8
2026-01-17 15:00:00,2026,1,17,15,Hà Nội,Phường Tương Mai,20.9899896,105.8530145,151,Unhealthy,3,22.5,78,0.0,13.1,120,1008.8,97,31.4,32.4,404.0,21.6,90.0,28.3
2026-01-17 16:00:00,2026,1,17,16,Hà Nội,Phường Tương Mai,20.9899896,105.8530145,151,Unhealthy,3,22.0,79,0.0,14.5,122,1008.6,15,32.4,33.1,434.0,24.4,87.0,27.6
2026-01-17 17:00:00,2026,1,17,17,Hà Nội,Phường Tương Mai,20.9899896,105.8530145,151,Unhealthy,3,21.5,82,0.0,12.3,121,1008.9,27,36.9,37.7,515.0,29.7,78.0,27.9
2026-01-17 18:00:00,2026,1,17,18,Hà Nội,Phường Tương Mai,20.9899896,105.8530145,151,Unhealthy,3,20.5,86,0.0,10.3,117,1009.8,95,38.4,38.9,624.0,36.5,64.0,29.0
2026-01-17 19:00:00,2026,1,17,19,Hà Nội,Phường Tương Mai,20.9899896,105.8530145,151,Unhealthy,3,20.0,91,0.0,10.3,130,1010.0,14,29.6,29.6,692.0,38.3,56.0,29.7
2026-01-17 20:00:00,2026,1,17,20,Hà Nội,Phường Tương Mai,20.9899896,105.8530145,150,Unhealthy for Sensitive Groups,2,19.8,90,0.0,10.9,134,1010.1,5,35.4,35.9,678.0,38.3,55.0,30.3
2026-01-17 21:00:00,2026,1,17,21,Hà Nội,Phường Tương Mai,20.9899896,105.8530145,150,Unhealthy for Sensitive Groups,2,19.2,91,0.0,9.8,136,1010.5,9,41.7,42.4,622.0,38.2,53.0,31.2
2026-01-17 22:00:00,2026,1,17,22,Hà Nội,Phường Tương Mai,20.9899896,105.8530145,150,Unhealthy for Sensitive Groups,2,18.8,92,0.0,8.6,143,1010.7,59,49.7,50.5,575.0,37.7,52.0,31.4
2026-01-17 23:00:00,2026,1,17,23,Hà Nội,Phường Tương Mai,20.9899896,105.8530145,150,Unhealthy for Sensitive Groups,2,18.3,93,0.0,7.4,139,1010.6,97,54.6,55.5,557.0,36.5,52.0,30.5
2026-01-18 00:00:00,2026,1,18,0,Hà Nội,Phường Tương Mai,20.9899896,105.8530145,150,Unhealthy for Sensitive Groups,2,18.1,94,0.0,6.8,130,1010.6,100,55.9,56.8,546.0,34.8,52.0,29.1
2026-01-18 01:00:00,2026,1,18,1,Hà Nội,Phường Tương Mai,20.9899896,105.8530145,150,Unhealthy for Sensitive Groups,2,18.3,96,0.0,7.4,112,1010.6,100,58.8,59.8,531.0,33.3,51.0,27.9
2026-01-18 02:00:00,2026,1,18,2,Hà Nội,Phường Tương Mai,20.9899896,105.8530145,148,Unhealthy for Sensitive Groups,2,18.5,96,0.0,7.3,101,1010.0,98,62.9,64.0,488.0,31.9,49.0,27.2
2026-01-18 03:00:00,2026,1,18,3,Hà Nội,Phường Tương Mai,20.9899896,105.8530145,145,Unhealthy for Sensitive Groups,2,18.6,97,0.0,7.4,113,1009.8,85,65.4,66.8,440.0,30.7,46.0,26.7
2026-01-18 04:00:00,2026,1,18,4,Hà Nội,Phường Tương Mai,20.9899896,105.8530145,141,Unhealthy for Sensitive Groups,2,18.5,98,0.1,7.1,96,1009.5,100,65.0,66.1,441.0,30.6,44.0,26.9
2026-01-18 05:00:00,2026,1,18,5,Hà Nội,Phường Tương Mai,20.9899896,105.8530145,138,Unhealthy for Sensitive Groups,2,18.4,98,0.7,6.0,99,1009.6,99,56.6,57.6,544.0,33.1,42.0,28.0
2026-01-18 06:00:00,2026,1,18,6,Hà Nội,Phường Tương Mai,20.9899896,105.8530145,134,Unhealthy for Sensitive Groups,2,18.5,98,0.2,6.6,119,1010.2,100,54.6,55.6,696.0,36.8,40.0,29.8
2026-01-18 07:00:00,2026,1,18,7,Hà Nội,Phường Tương Mai,20.9899896,105.8530145,131,Unhealthy for Sensitive Groups,2,18.2,97,0.3,4.0,93,1011.1,100,64.5,65.4,789.0,41.8,33.0,33.5
2026-01-18 08:00:00,2026,1,18,8,Hà Nội,Phường Tương Mai,20.9899896,105.8530145,129,Unhealthy for Sensitive Groups,2,18.7,96,0.1,4.2,97,1011.7,100,64.5,65.7,766.0,39.5,42.0,37.4
2026-01-18 09:00:00,2026,1,18,9,Hà Nội,Phường Tương Mai,20.9899896,105.8530145,129,Unhealthy for Sensitive Groups,2,19.6,92,0.0,6.4,128,1012.1,100,61.2,62.4,684.0,36.1,56.0,42.7
2026-01-18 10:00:00,2026,1,18,10,Hà Nội,Phường Tương Mai,20.9899896,105.8530145,129,Unhealthy for Sensitive Groups,2,21.0,87,0.0,6.7,144,1012.4,100,47.1,48.3,605.0,32.0,70.0,45.5
2026-01-18 11:00:00,2026,1,18,11,Hà Nội,Phường Tương Mai,20.9899896,105.8530145,129,Unhealthy for Sensitive Groups,2,22.8,78,0.1,6.4,164,1011.6,81,34.8,35.9,546.0,26.4,85.0,43.7
2026-01-18 12:00:00,2026,1,18,12,Hà Nội,Phường Tương Mai,20.9899896,105.8530145,129,Unhealthy for Sensitive Groups,2,24.5,69,0.1,5.3,188,1010.3,28,31.7,32.5,489.0,20.1,101.0,39.4
2026-01-18 13:00:00,2026,1,18,13,Hà Nội,Phường Tương Mai,20.9899896,105.8530145,129,Unhealthy for Sensitive Groups,2,25.5,63,0.1,5.4,180,1009.2,30,30.6,31.4,449.0,15.6,112.0,35.2
2026-01-18 14:00:00,2026,1,18,14,Hà Nội,Phường Tương Mai,20.9899896,105.8530145,129,Unhealthy for Sensitive Groups,2,26.0,61,0.1,7.7,159,1008.2,37,30.4,31.1,430.0,14.0,117.0,31.8
2026-01-18 15:00:00,2026,1,18,15,Hà Nội,Phường Tương Mai,20.9899896,105.8530145,129,Unhealthy for Sensitive Groups,2,25.8,62,0.1,11.7,142,1007.7,84,31.7,32.6,426.0,14.3,117.0,28.4
2026-01-18 16:00:00,2026,1,18,16,Hà Nội,Phường Tương Mai,20.9899896,105.8530145,129,Unhealthy for Sensitive Groups,2,24.4,69,0.1,17.2,128,1007.6,20,31.7,32.6,437.0,15.5,115.0,26.0
2026-01-18 17:00:00,2026,1,18,17,Hà Nội,Phường Tương Mai,20.9899896,105.8530145,129,Unhealthy for Sensitive Groups,2,23.4,74,0.0,15.4,125,1007.9,31,34.6,35.6,467.0,17.8,109.0,24.8
2026-01-18 18:00:00,2026,1,18,18,Hà Nội,Phường Tương Mai,20.9899896,105.8530145,129,Unhealthy for Sensitive Groups,2,21.8,79,0.0,15.5,122,1008.2,58,38.2,39.1,511.0,21.1,101.0,24.4
2026-01-18 19:00:00,2026,1,18,19,Hà Nội,Phường Tương Mai,20.9899896,105.8530145,129,Unhealthy for Sensitive Groups,2,21.1,81,0.0,15.6,130,1008.9,19,50.1,51.5,549.0,24.7,86.0,24.8
2026-01-18 20:00:00,2026,1,18,20,Hà Nội,Phường Tương Mai,20.9899896,105.8530145,131,Unhealthy for Sensitive Groups,2,20.4,86,0.0,14.3,137,1009.6,2,53.3,54.6,574.0,25.7,83.0,26.2
2026-01-18 21:00:00,2026,1,18,21,Hà Nội,Phường Tương Mai,20.9899896,105.8530145,133,Unhealthy for Sensitive Groups,2,19.8,91,0.0,12.8,141,1010.0,5,57.2,58.4,592.0,27.0,78.0,28.1
2026-01-18 22:00:00,2026,1,18,22,Hà Nội,Phường Tương Mai,20.9899896,105.8530145,135,Unhealthy for Sensitive Groups,2,19.2,94,0.0,11.9,141,1010.6,19,61.5,62.9,603.0,27.9,73.0,29.2
2026-01-18 23:00:00,2026,1,18,23,Hà Nội,Phường Tương Mai,20.9899896,105.8530145,136,Unhealthy for Sensitive Groups,2,19.0,96,0.0,11.1,138,1010.5,28,63.8,65.2,606.0,27.8,69.0,28.8
2026-01-19 00:00:00,2026,1,19,0,Hà Nội,Phường Tương Mai,20.9899896,105.8530145,137,Unhealthy for Sensitive Groups,2,18.9,97,0.0,10.7,135,1010.4,16,64.0,65.4,601.0,27.1,66.0,27.7
2026-01-19 01:00:00,2026,1,19,1,Hà Nội,Phường Tương Mai,20.9899896,105.8530145,138,Unhealthy for Sensitive Groups,2,19.5,98,0.0,10.6,141,1010.0,64,66.8,68.5,586.0,26.7,62.0,26.7
2026-01-19 02:00:00,2026,1,19,2,Hà Nội,Phường Tương Mai,20.9899896,105.8530145,139,Unhealthy for Sensitive Groups,2,19.2,98,0.0,11.2,139,1009.3,88,68.5,70.1,544.0,26.3,58.0,26.0
2026-01-19 03:00:00,2026,1,19,3,Hà Nội,Phường Tương Mai,20.9899896,105.8530145,139,Unhealthy for Sensitive Groups,2,19.1,98,0.0,10.7,136,1009.2,95,69.6,71.2,492.0,26.0,54.0,25.4
2026-01-19 04:00:00,2026,1,19,4,Hà Nội,Phường Tương Mai,20.9899896,105.8530145,140,Unhealthy for Sensitive Groups,2,19.0,98,0.0,9.6,131,1009.0,98,71.0,72.6,476.0,27.2,50.0,25.7
2026-01-19 05:00:00,2026,1,19,5,Hà Nội,Phường Tương Mai,20.9899896,105.8530145,140,Unhealthy for Sensitive Groups,2,19.0,98,0.0,9.3,127,1009.3,100,72.4,74.0,536.0,31.5,43.0,27.6
2026-01-19 06:00:00,2026,1,19,6,Hà Nội,Phường Tương Mai,20.9899896,105.8530145,142,Unhealthy for Sensitive Groups,2,18.9,99,0.0,9.6,124,1010.1,100,75.0,76.6,632.0,37.2,36.0,30.3
2026-01-19 07:00:00,2026,1,19,7,Hà Nội,Phường Tương Mai,20.9899896,105.8530145,144,Unhealthy for Sensitive Groups,2,18.5,100,0.0,9.7,125,1011.4,100,90.3,92.4,685.0,40.7,33.0,36.7
2026-01-19 08:00:00,2026,1,19,8,Hà Nội,Phường Tương Mai,20.9899896,105.8530145,147,Unhealthy for Sensitive Groups,2,19.2,97,0.0,11.5,131,1012.3,100,74.5,76.6,652.0,37.1,45.0,36.2
2026-01-19 09:00:00,2026,1,19,9,Hà Nội,Phường Tương Mai,20.9899896,105.8530145,148,Unhealthy for Sensitive Groups,2,20.3,93,0.2,13.0,138,1013.0,96,60.3,62.6,577.0,32.0,63.0,35.5
2026-01-19 10:00:00,2026,1,19,10,Hà Nội,Phường Tương Mai,20.9899896,105.8530145,148,Unhealthy for Sensitive Groups,2,21.4,87,0.3,13.9,149,1013.3,94,49.5,51.9,512.0,27.2,78.0,34.4
2026-01-19 11:00:00,2026,1,19,11,Hà Nội,Phường Tương Mai,20.9899896,105.8530145,148,Unhealthy for Sensitive Groups,2,23.5,73,0.1,14.2,165,1012.3,90,44.1,46.3,478.0,23.4,88.0,32.9
2026-01-19 12:00:00,2026,1,19,12,Hà Nội,Phường Tương Mai,20.9899896,105.8530145,149,Unhealthy for Sensitive Groups,2,24.6,67,0.1,13.9,170,1011.2,98,41.3,43.3,455.0,19.9,96.0,30.9
2026-01-19 13:00:00,2026,1,19,13,Hà Nội,Phường Tương Mai,20.9899896,105.8530145,150,Unhealthy for Sensitive Groups,2,24.7,65,0.0,14.5,168,1010.3,66,40.0,41.8,437.0,17.0,103.0,28.6
2026-01-19 14:00:00,2026,1,19,14,Hà Nội,Phường Tương Mai,20.9899896,105.8530145,150,Unhealthy for Sensitive Groups,2,26.0,59,0.0,14.9,165,1009.3,48,36.6,38.1,418.0,14.1,110.0,25.3
2026-01-19 15:00:00,2026,1,19,15,Hà Nội,Phường Tương Mai,20.9899896,105.8530145,150,Unhealthy for Sensitive Groups,2,26.0,58,0.0,16.9,161,1008.6,88,33.4,34.8,404.0,11.7,115.0,21.5
2026-01-19 16:00:00,2026,1,19,16,Hà Nội,Phường Tương Mai,20.9899896,105.8530145,150,Unhealthy for Sensitive Groups,2,25.5,59,0.0,17.4,153,1008.4,71,33.9,35.5,411.0,11.6,115.0,19.3
2026-01-19 17:00:00,2026,1,19,17,Hà Nội,Phường Tương Mai,20.9899896,105.8530145,150,Unhealthy for Sensitive Groups,2,24.3,66,0.0,17.0,140,1008.7,55,30.4,31.7,458.0,15.4,105.0,19.8
2026-01-19 18:00:00,2026,1,19,18,Hà Nội,Phường Tương Mai,20.9899896,105.8530145,150,Unhealthy for Sensitive Groups,2,23.0,71,0.0,15.5,144,1009.3,30,33.8,34.9,526.0,21.5,90.0,21.9
2026-01-19 19:00:00,2026,1,19,19,Hà Nội,Phường Tương Mai,20.9899896,105.8530145,150,Unhealthy for Sensitive Groups,2,22.4,77,0.0,15.9,151,1009.9,14,37.5,38.9,575.0,25.2,78.0,22.2
2026-01-19 20:00:00,2026,1,19,20,Hà Nội,Phường Tương Mai,20.9899896,105.8530145,150,Unhealthy for Sensitive Groups,2,21.5,83,0.0,14.0,147,1010.3,21,41.3,42.7,586.0,27.0,72.0,23.2
2026-01-19 21:00:00,2026,1,19,21,Hà Nội,Phường Tương Mai,20.9899896,105.8530145,148,Unhealthy for Sensitive Groups,2,20.6,89,0.0,12.7,147,1010.8,80,46.1,47.6,578.0,29.4,63.0,24.6
2026-01-19 22:00:00,2026,1,19,22,Hà Nội,Phường Tương Mai,20.9899896,105.8530145,147,Unhealthy for Sensitive Groups,2,20.1,93,0.0,12.1,147,1011.4,77,51.3,53.0,565.0,31.2,56.0,25.5
2026-01-19 23:00:00,2026,1,19,23,Hà Nội,Phường Tương Mai,20.9899896,105.8530145,146,Unhealthy for Sensitive Groups,2,19.7,97,0.0,11.3,143,1011.4,57,54.2,56.2,554.0,31.8,52.0,25.3
2026-01-20 00:00:00,2026,1,20,0,Hà Nội,Phường Tương Mai,20.9899896,105.8530145,145,Unhealthy for Sensitive Groups,2,19.5,98,0.0,10.5,142,1011.4,95,53.3,55.5,538.0,31.7,49.0,24.6
2026-01-20 01:00:00,2026,1,20,1,Hà Nội,Phường Tương Mai,20.9899896,105.8530145,144,Unhealthy for Sensitive Groups,2,20.4,98,0.0,10.5,153,1011.2,100,51.3,53.6,511.0,31.5,46.0,24.1
2026-01-20 02:00:00,2026,1,20,2,Hà Nội,Phường Tương Mai,20.9899896,105.8530145,142,Unhealthy for Sensitive Groups,2,20.5,98,0.0,10.5,149,1010.5,100,50.2,52.6,449.0,31.1,43.0,23.9
2026-01-20 03:00:00,2026,1,20,3,Hà Nội,Phường Tương Mai,20.9899896,105.8530145,141,Unhealthy for Sensitive Groups,2,20.4,98,0.0,9.6,147,1010.3,100,51.7,54.0,375.0,30.6,40.0,23.9
2026-01-20 04:00:00,2026,1,20,4,Hà Nội,Phường Tương Mai,20.9899896,105.8530145,139,Unhealthy for Sensitive Groups,2,20.4,98,0.0,9.0,147,1010.4,100,51.6,53.9,351.0,30.8,38.0,24.3
2026-01-20 05:00:00,2026,1,20,5,Hà Nội,Phường Tương Mai,20.9899896,105.8530145,137,Unhealthy for Sensitive Groups,2,20.4,98,0.0,8.0,142,1010.8,100,48.4,50.6,435.0,32.9,36.0,25.4
2026-01-20 06:00:00,2026,1,20,6,Hà Nội,Phường Tương Mai,20.9899896,105.8530145,134,Unhealthy for Sensitive Groups,2,20.4,98,0.1,8.4,143,1011.7,100,46.0,48.2,568.0,35.7,34.0,26.9
2026-01-20 07:00:00,2026,1,20,7,Hà Nội,Phường Tương Mai,20.9899896,105.8530145,131,Unhealthy for Sensitive Groups,2,20.1,98,0.5,8.5,138,1013.0,100,40.6,42.1,641.0,35.0,41.0,27.4
2026-01-20 08:00:00,2026,1,20,8,Hà Nội,Phường Tương Mai,20.9899896,105.8530145,126,Unhealthy for Sensitive Groups,2,20.9,93,0.3,11.1,141,1013.9,42,35.0,36.3,587.0,31.3,49.0,26.5
2026-01-20 09:00:00,2026,1,20,9,Hà Nội,Phường Tương Mai,20.9899896,105.8530145,122,Unhealthy for Sensitive Groups,2,22.0,82,0.3,12.5,143,1014.7,48,28.3,29.7,472.0,26.1,61.0,25.1
2026-01-20 10:00:00,2026,1,20,10,Hà Nội,Phường Tương Mai,20.9899896,105.8530145,119,Unhealthy for Sensitive Groups,2,23.0,78,0.1,12.9,147,1015.2,84,21.0,22.4,381.0,21.4,71.0,23.6
2026-01-20 11:00:00,2026,1,20,11,Hà Nội,Phường Tương Mai,20.9899896,105.8530145,116,Unhealthy for Sensitive Groups,2,23.9,74,0.1,13.0,153,1014.8,76,20.3,21.5,348.0,17.8,80.0,21.8
2026-01-20 12:00:00,2026,1,20,12,Hà Nội,Phường Tương Mai,20.9899896,105.8530145,113,Unhealthy for Sensitive Groups,2,24.9,69,0.1,13.9,146,1013.8,45,19.7,20.8,339.0,14.8,87.0,19.7
2026-01-20 13:00:00,2026,1,20,13,Hà Nội,Phường Tương Mai,20.9899896,105.8530145,111,Unhealthy for Sensitive Groups,2,24.4,69,0.2,13.1,142,1013.4,38,18.2,19.2,337.0,12.8,92.0,18.0
2026-01-20 14:00:00,2026,1,20,14,Hà Nội,Phường Tương Mai,20.9899896,105.8530145,109,Unhealthy for Sensitive Groups,2,25.4,66,0.0,13.0,154,1012.1,25,18.9,19.8,337.0,11.8,94.0,16.5
2026-01-20 15:00:00,2026,1,20,15,Hà Nội,Phường Tương Mai,20.9899896,105.8530145,107,Unhealthy for Sensitive Groups,2,24.9,68,0.1,14.9,144,1011.5,70,17.8,18.6,344.0,11.8,93.0,15.2
2026-01-20 16:00:00,2026,1,20,16,Hà Nội,Phường Tương Mai,20.9899896,105.8530145,105,Unhealthy for Sensitive Groups,2,24.4,68,0.1,16.8,139,1011.7,28,15.6,16.4,362.0,13.4,90.0,15.0
2026-01-20 17:00:00,2026,1,20,17,Hà Nội,Phường Tương Mai,20.9899896,105.8530145,103,Unhealthy for Sensitive Groups,2,23.2,74,0.1,15.8,144,1012.2,41,17.3,18.0,396.0,17.6,83.0,16.5
2026-01-20 18:00:00,2026,1,20,18,Hà Nội,Phường Tương Mai,20.9899896,105.8530145,102,Unhealthy for Sensitive Groups,2,21.6,84,0.4,14.5,135,1012.8,45,23.5,24.4,439.0,23.3,74.0,19.1
2026-01-20 19:00:00,2026,1,20,19,Hà Nội,Phường Tương Mai,20.9899896,105.8530145,101,Unhealthy for Sensitive Groups,2,21.0,89,0.0,15.4,135,1013.3,27,31.7,33.8,477.0,25.7,63.0,22.1
2026-01-20 20:00:00,2026,1,20,20,Hà Nội,Phường Tương Mai,20.9899896,105.8530145,100,Moderate,1,20.6,91,0.0,14.1,128,1014.1,26,36.8,38.6,501.0,28.1,58.0,23.8
2026-01-20 21:00:00,2026,1,20,21,Hà Nội,Phường Tương Mai,20.9899896,105.8530145,100,Moderate,1,20.1,94,0.0,12.0,125,1014.4,11,42.3,44.1,519.0,31.3,52.0,26.1
2026-01-20 22:00:00,2026,1,20,22,Hà Nội,Phường Tương Mai,20.9899896,105.8530145,99,Moderate,1,19.8,95,0.0,9.5,117,1014.9,24,48.8,50.9,536.0,34.0,46.0,27.6
2026-01-20 23:00:00,2026,1,20,23,Hà Nội,Phường Tương Mai,20.9899896,105.8530145,99,Moderate,1,19.4,97,0.0,8.5,107,1015.2,32,56.9,59.3,558.0,36.0,42.0,27.6
2026-01-21 00:00:00,2026,1,21,0,Hà Nội,Phường Tương Mai,20.9899896,105.8530145,99,Moderate,1,19.1,97,0.1,8.7,107,1015.5,100,65.7,68.0,579.0,37.3,38.0,26.7
2026-01-21 01:00:00,2026,1,21,1,Hà Nội,Phường Tương Mai,20.9899896,105.8530145,101,Unhealthy for Sensitive Groups,2,19.5,97,0.2,10.8,123,1015.1,100,61.5,63.3,589.0,36.8,35.0,25.8
2026-01-21 02:00:00,2026,1,21,2,Hà Nội,Phường Tương Mai,20.9899896,105.8530145,102,Unhealthy for Sensitive Groups,2,19.9,95,0.4,12.2,128,1014.7,99,51.9,53.3,573.0,32.8,33.0,24.8
2026-01-21 03:00:00,2026,1,21,3,Hà Nội,Phường Tương Mai,20.9899896,105.8530145,102,Unhealthy for Sensitive Groups,2,19.4,96,1.6,11.3,108,1014.8,100,42.6,43.5,547.0,26.9,31.0,23.8
2026-01-21 04:00:00,2026,1,21,4,Hà Nội,Phường Tương Mai,20.9899896,105.8530145,101,Unhealthy for Sensitive Groups,2,18.9,92,0.8,16.2,105,1015.1,100,32.6,33.1,547.0,22.8,29.0,23.6
2026-01-21 05:00:00,2026,1,21,5,Hà Nội,Phường Tương Mai,20.9899896,105.8530145,99,Moderate,1,18.2,89,0.6,12.6,95,1015.4,98,33.1,33.4,603.0,22.5,24.0,24.8
2026-01-21 06:00:00,2026,1,21,6,Hà Nội,Phường Tương Mai,20.9899896,105.8530145,98,Moderate,1,17.5,94,0.3,11.6,47,1016.4,100,32.5,32.8,685.0,24.1,19.0,26.8
2026-01-21 07:00:00,2026,1,21,7,Hà Nội,Phường Tương Mai,20.9899896,105.8530145,97,Moderate,1,16.5,81,0.5,14.7,40,1017.1,100,37.6,38.0,739.0,26.0,15.0,28.5
2026-01-21 08:00:00,2026,1,21,8,Hà Nội,Phường Tương Mai,20.9899896,105.8530145,96,Moderate,1,16.8,72,0.0,16.2,50,1018.0,100,36.6,37.1,736.0,25.5,16.0,29.9
2026-01-21 09:00:00,2026,1,21,9,Hà Nội,Phường Tương Mai,20.9899896,105.8530145,96,Moderate,1,16.9,68,0.0,16.4,44,1019.4,100,31.9,32.2,705.0,24.8,16.0,31.8
2026-01-21 10:00:00,2026,1,21,10,Hà Nội,Phường Tương Mai,20.9899896,105.8530145,97,Moderate,1,17.2,67,0.0,15.6,41,1020.0,100,27.9,28.2,674.0,24.2,19.0,33.0
2026-01-21 11:00:00,2026,1,21,11,Hà Nội,Phường Tương Mai,20.9899896,105.8530145,97,Moderate,1,17.2,66,0.0,15.6,37,1020.3,100,27.5,28.0,650.0,23.5,25.0,32.9
2026-01-21 12:00:00,2026,1,21,12,Hà Nội,Phường Tương Mai,20.9899896,105.8530145,98,Moderate,1,17.2,66,0.1,16.8,39,1019.5,100,24.9,25.3,626.0,22.9,32.0,32.0
2026-01-21 13:00:00,2026,1,21,13,Hà Nội,Phường Tương Mai,20.9899896,105.8530145,98,Moderate,1,16.1,71,0.1,16.6,37,1018.6,100,24.3,24.6,612.0,22.8,37.0,31.4
2026-01-21 14:00:00,2026,1,21,14,Hà Nội,Phường Tương Mai,20.9899896,105.8530145,99,Moderate,1,16.9,64,0.0,15.7,43,1017.9,100,25.5,25.8,610.0,23.5,39.0,31.3
2026-01-21 15:00:00,2026,1,21,15,Hà Nội,Phường Tương Mai,20.9899896,105.8530145,100,Moderate,1,16.1,64,0.0,15.6,38,1017.5,100,27.0,27.3,618.0,24.7,38.0,31.4
2026-01-21 16:00:00,2026,1,21,16,Hà Nội,Phường Tương Mai,20.9899896,105.8530145,100,Moderate,1,15.4,66,0.0,15.1,39,1017.9,100,27.9,28.2,634.0,26.5,36.0,31.6
2026-01-21 17:00:00,2026,1,21,17,Hà Nội,Phường Tương Mai,20.9899896,105.8530145,102,Unhealthy for Sensitive Groups,2,14.6,68,0.0,13.9,37,1018.1,100,26.8,27.1,668.0,29.4,30.0,32.0
2026-01-21 18:00:00,2026,1,21,18,Hà Nội,Phường Tương Mai,20.9899896,105.8530145,103,Unhealthy for Sensitive Groups,2,14.0,70,0.0,13.3,38,1018.4,100,23.8,23.9,711.0,32.8,22.0,32.4
2026-01-21 19:00:00,2026,1,21,19,Hà Nội,Phường Tương Mai,20.9899896,105.8530145,103,Unhealthy for Sensitive Groups,2,14.1,73,0.0,13.2,32,1018.7,100,19.8,20.1,733.0,31.9,14.0,30.0
2026-01-21 20:00:00,2026,1,21,20,Hà Nội,Phường Tương Mai,20.9899896,105.8530145,101,Unhealthy for Sensitive Groups,2,13.7,74,0.0,12.3,35,1019.3,100,19.3,19.7,716.0,30.9,16.0,29.7
2026-01-21 21:00:00,2026,1,21,21,Hà Nội,Phường Tương Mai,20.9899896,105.8530145,100,Moderate,1,13.4,74,0.0,11.3,29,1019.8,100,19.2,19.6,677.0,29.4,18.0,29.2
2026-01-21 22:00:00,2026,1,21,22,Hà Nội,Phường Tương Mai,20.9899896,105.8530145,98,Moderate,1,13.1,73,0.0,12.2,31,1020.2,100,19.6,20.0,640.0,28.1,20.0,28.5
2026-01-21 23:00:00,2026,1,21,23,Hà Nội,Phường Tương Mai,20.9899896,105.8530145,95,Moderate,1,12.6,75,0.1,11.9,32,1020.4,100,20.2,20.6,614.0,27.3,21.0,27.6
2026-01-22 00:00:00,2026,1,22,0,Hà Nội,Phường Tương Mai,20.9899896,105.8530145,92,Moderate,1,12.1,79,0.4,12.6,34,1020.8,100,20.0,20.4,590.0,26.7,21.0,26.5
2026-01-22 01:00:00,2026,1,22,1,Hà Nội,Phường Tương Mai,20.9899896,105.8530145,88,Moderate,1,11.8,85,0.4,12.9,30,1020.7,100,20.3,20.8,566.0,25.8,21.0,25.3
2026-01-22 02:00:00,2026,1,22,2,Hà Nội,Phường Tương Mai,20.9899896,105.8530145,84,Moderate,1,11.4,87,0.1,13.6,32,1020.5,100,18.6,19.0,535.0,24.2,22.0,23.9
2026-01-22 03:00:00,2026,1,22,3,Hà Nội,Phường Tương Mai,20.9899896,105.8530145,81,Moderate,1,11.1,86,0.1,14.3,31,1020.7,100,16.7,17.1,504.0,22.4,22.0,22.4
2026-01-22 04:00:00,2026,1,22,4,Hà Nội,Phường Tương Mai,20.9899896,105.8530145,79,Moderate,1,10.8,87,0.2,14.5,30,1020.9,100,15.3,15.7,495.0,21.2,23.0,21.5
2026-01-22 05:00:00,2026,1,22,5,Hà Nội,Phường Tương Mai,20.9899896,105.8530145,77,Moderate,1,10.4,87,0.2,14.0,24,1021.6,100,14.1,14.6,527.0,21.2,23.0,21.5
2026-01-22 06:00:00,2026,1,22,6,Hà Nội,Phường Tương Mai,20.9899896,105.8530145,76,Moderate,1,10.0,86,0.2,14.9,21,1022.4,100,13.6,14.2,581.0,21.8,23.0,22.0
2026-01-22 07:00:00,2026,1,22,7,Hà Nội,Phường Tương Mai,20.9899896,105.8530145,74,Moderate,1,10.1,84,0.2,14.9,25,1023.4,100,13.4,13.9,621.0,22.7,21.0,22.7
2026-01-22 08:00:00,2026,1,22,8,Hà Nội,Phường Tương Mai,20.9899896,105.8530145,72,Moderate,1,9.8,82,0.2,15.2,24,1024.5,100,14.6,15.1,629.0,22.9,22.0,23.2
2026-01-22 09:00:00,2026,1,22,9,Hà Nội,Phường Tương Mai,20.9899896,105.8530145,70,Moderate,1,9.6,80,0.1,14.1,21,1025.6,100,15.8,16.3,622.0,23.2,23.0,23.9
2026-01-22 10:00:00,2026,1,22,10,Hà Nội,Phường Tương Mai,20.9899896,105.8530145,68,Moderate,1,10.1,75,0.0,14.8,23,1026.2,100,14.8,15.3,619.0,22.9,26.0,24.3
2026-01-22 11:00:00,2026,1,22,11,Hà Nội,Phường Tương Mai,20.9899896,105.8530145,67,Moderate,1,10.4,76,0.0,12.7,18,1026.0,100,13.1,13.6,623.0,21.3,31.0,24.0
2026-01-22 12:00:00,2026,1,22,12,Hà Nội,Phường Tương Mai,20.9899896,105.8530145,66,Moderate,1,10.4,77,0.0,12.1,17,1025.1,100,12.3,12.7,630.0,19.1,37.0,23.4
2026-01-22 13:00:00,2026,1,22,13,Hà Nội,Phường Tương Mai,20.9899896,105.8530145,65,Moderate,1,10.8,77,0.1,12.1,17,1023.9,100,12.1,12.5,643.0,17.9,42.0,23.2
2026-01-22 14:00:00,2026,1,22,14,Hà Nội,Phường Tương Mai,20.9899896,105.8530145,64,Moderate,1,11.2,74,0.0,10.6,21,1023.0,100,13.6,13.7,652.0,18.1,45.0,23.6
2026-01-22 15:00:00,2026,1,22,15,Hà Nội,Phường Tương Mai,20.9899896,105.8530145,63,Moderate,1,11.6,72,0.0,10.4,30,1022.1,100,15.4,15.4,666.0,19.2,46.0,24.3
2026-01-22 16:00:00,2026,1,22,16,Hà Nội,Phường Tương Mai,20.9899896,105.8530145,62,Moderate,1,11.9,69,0.0,9.8,32,1021.9,100,16.5,16.6,722.0,21.3,45.0,25.4
2026-01-22 17:00:00,2026,1,22,17,Hà Nội,Phường Tương Mai,20.9899896,105.8530145,61,Moderate,1,11.9,69,0.0,8.6,33,1022.2,100,17.8,17.8,870.0,24.9,41.0,26.9
2026-01-22 18:00:00,2026,1,22,18,Hà Nội,Phường Tương Mai,20.9899896,105.8530145,60,Moderate,1,11.8,70,0.0,6.3,37,1022.5,100,19.8,19.8,1058.0,29.4,36.0,28.7
2026-01-22 19:00:00,2026,1,22,19,Hà Nội,Phường Tương Mai,20.9899896,105.8530145,60,Moderate,1,11.4,73,0.0,9.4,40,1023.1,100,22.6,22.6,1170.0,29.6,33.0,32.7
2026-01-22 20:00:00,2026,1,22,20,Hà Nội,Phường Tương Mai,20.9899896,105.8530145,60,Moderate,1,11.2,74,0.0,9.0,47,1023.8,100,28.1,28.1,1139.0,29.0,33.0,32.6
2026-01-22 21:00:00,2026,1,22,21,Hà Nội,Phường Tương Mai,20.9899896,105.8530145,61,Moderate,1,10.9,74,0.0,8.9,38,1023.9,100,28.8,28.8,1031.0,28.0,32.0,32.5
2026-01-22 22:00:00,2026,1,22,22,Hà Nội,Phường Tương Mai,20.9899896,105.8530145,61,Moderate,1,10.4,75,0.0,9.7,27,1024.3,100,28.9,28.9,923.0,27.0,32.0,32.0
2026-01-22 23:00:00,2026,1,22,23,Hà Nội,Phường Tương Mai,20.9899896,105.8530145,62,Moderate,1,10.2,76,0.0,9.4,23,1024.1,100,29.3,29.4,832.0,25.9,32.0,30.9
2026-01-23 00:00:00,2026,1,23,0,Hà Nội,Phường Tương Mai,20.9899896,105.8530145,63,Moderate,1,10.2,76,0.0,8.1,21,1024.1,100,29.0,29.0,740.0,24.6,33.0,29.5
2026-01-23 01:00:00,2026,1,23,1,Hà Nội,Phường Tương Mai,20.9899896,105.8530145,64,Moderate,1,9.9,80,0.0,8.3,14,1024.2,100,28.5,28.6,673.0,23.6,34.0,28.3
2026-01-23 02:00:00,2026,1,23,2,Hà Nội,Phường Tương Mai,20.9899896,105.8530145,65,Moderate,1,9.8,80,0.0,8.0,10,1023.8,100,27.5,27.6,633.0,22.8,35.0,27.3
2026-01-23 03:00:00,2026,1,23,3,Hà Nội,Phường Tương Mai,20.9899896,105.8530145,65,Moderate,1,9.8,79,0.0,8.0,10,1023.5,100,26.3,26.4,618.0,22.1,35.0,26.4
2026-01-23 04:00:00,2026,1,23,4,Hà Nội,Phường Tương Mai,20.9899896,105.8530145,66,Moderate,1,9.9,77,0.0,8.2,8,1023.4,100,25.8,25.8,643.0,22.2,35.0,26.0
2026-01-23 05:00:00,2026,1,23,5,Hà Nội,Phường Tương Mai,20.9899896,105.8530145,67,Moderate,1,9.9,75,0.0,7.7,11,1023.4,100,25.6,25.6,745.0,23.7,33.0,26.3
2026-01-23 06:00:00,2026,1,23,6,Hà Nội,Phường Tương Mai,20.9899896,105.8530145,68,Moderate,1,9.9,75,0.0,7.4,6,1023.8,100,25.5,25.6,886.0,25.8,30.0,27.1
2026-01-23 07:00:00,2026,1,23,7,Hà Nội,Phường Tương Mai,20.9899896,105.8530145,69,Moderate,1,9.9,76,0.0,7.1,7,1024.5,100,28.8,28.8,971.0,27.9,27.0,29.2
2026-01-23 08:00:00,2026,1,23,8,Hà Nội,Phường Tương Mai,20.9899896,105.8530145,71,Moderate,1,10.1,76,0.0,6.5,8,1025.1,100,29.9,29.9,948.0,27.4,28.0,30.9
2026-01-23 09:00:00,2026,1,23,9,Hà Nội,Phường Tương Mai,20.9899896,105.8530145,72,Moderate,1,10.6,75,0.0,5.9,11,1025.6,100,30.0,30.0,868.0,26.6,29.0,33.2
2026-01-23 10:00:00,2026,1,23,10,Hà Nội,Phường Tương Mai,20.9899896,105.8530145,73,Moderate,1,11.5,72,0.0,5.5,11,1025.8,100,30.0,30.0,790.0,25.8,32.0,34.8
2026-01-23 11:00:00,2026,1,23,11,Hà Nội,Phường Tương Mai,20.9899896,105.8530145,75,Moderate,1,12.1,70,0.0,6.0,10,1025.1,100,30.3,30.3,726.0,24.6,39.0,35.2
2026-01-23 12:00:00,2026,1,23,12,Hà Nội,Phường Tương Mai,20.9899896,105.8530145,76,Moderate,1,13.8,67,0.0,6.2,8,1023.8,100,30.9,30.9,665.0,23.4,49.0,34.9
2026-01-23 13:00:00,2026,1,23,13,Hà Nội,Phường Tương Mai,20.9899896,105.8530145,78,Moderate,1,13.5,68,0.0,6.0,27,1023.1,56,32.2,32.4,626.0,23.0,57.0,34.6
2026-01-23 14:00:00,2026,1,23,14,Hà Nội,Phường Tương Mai,20.9899896,105.8530145,80,Moderate,1,14.9,66,0.0,4.5,56,1021.8,14,33.3,33.3,590.0,22.5,63.0,33.7
2026-01-23 15:00:00,2026,1,23,15,Hà Nội,Phường Tương Mai,20.9899896,105.8530145,81,Moderate,1,15.9,64,0.0,2.4,163,1021.1,99,32.4,32.5,577.0,22.8,68.0,32.8
2026-01-23 16:00:00,2026,1,23,16,Hà Nội,Phường Tương Mai,20.9899896,105.8530145,83,Moderate,1,15.9,64,0.0,3.5,145,1020.9,99,33.6,33.8,669.0,27.8,65.0,34.3
2026-01-23 17:00:00,2026,1,23,17,Hà Nội,Phường Tương Mai,20.9899896,105.8530145,84,Moderate,1,15.6,67,0.0,4.4,111,1020.4,100,35.7,35.9,992.0,42.8,48.0,41.0
2026-01-23 18:00:00,2026,1,23,18,Hà Nội,Phường Tương Mai,20.9899896,105.8530145,86,Moderate,1,14.7,73,0.0,4.6,79,1020.3,48,62.6,62.9,1420.0,62.5,23.0,50.1
2026-01-23 19:00:00,2026,1,23,19,Hà Nội,Phường Tương Mai,20.9899896,105.8530145,90,Moderate,1,13.1,79,0.0,7.5,33,1021.1,50,76.4,76.6,1655.0,66.3,5.0,54.5
2026-01-23 20:00:00,2026,1,23,20,Hà Nội,Phường Tương Mai,20.9899896,105.8530145,94,Moderate,1,12.6,80,0.0,8.3,41,1021.5,100,84.1,84.3,1513.0,65.1,5.0,52.4
2026-01-23 21:00:00,2026,1,23,21,Hà Nội,Phường Tương Mai,20.9899896,105.8530145,99,Moderate,1,12.9,78,0.0,7.8,38,1021.8,100,74.5,74.5,1177.0,63.3,5.0,49.4
2026-01-23 22:00:00,2026,1,23,22,Hà Nội,Phường Tương Mai,20.9899896,105.8530145,104,Unhealthy for Sensitive Groups,2,12.9,79,0.0,7.3,38,1022.3,100,70.3,70.3,900.0,61.1,5.0,46.4
2026-01-23 23:00:00,2026,1,23,23,Hà Nội,Phường Tương Mai,20.9899896,105.8530145,108,Unhealthy for Sensitive Groups,2,13.0,80,0.0,5.5,38,1022.4,100,67.3,67.3,775.0,58.5,6.0,43.5
2026-01-24 00:00:00,2026,1,24,0,Hà Nội,Phường Tương Mai,20.9899896,105.8530145,112,Unhealthy for Sensitive Groups,2,13.1,80,0.0,4.9,33,1022.2,100,63.6,63.6,708.0,55.6,7.0,40.6
2026-01-24 01:00:00,2026,1,24,1,Hà Nội,Phường Tương Mai,20.9899896,105.8530145,116,Unhealthy for Sensitive Groups,2,12.3,84,0.0,7.0,348,1022.5,100,61.0,61.2,667.0,52.7,8.0,38.7
2026-01-24 02:00:00,2026,1,24,2,Hà Nội,Phường Tương Mai,20.9899896,105.8530145,119,Unhealthy for Sensitive Groups,2,12.1,84,0.0,7.0,356,1021.7,100,63.6,63.6,638.0,49.8,8.0,38.4
2026-01-24 03:00:00,2026,1,24,3,Hà Nội,Phường Tương Mai,20.9899896,105.8530145,123,Unhealthy for Sensitive Groups,2,11.9,84,0.0,6.6,343,1021.5,100,65.7,65.9,634.0,47.0,8.0,39.1
2026-01-24 04:00:00,2026,1,24,4,Hà Nội,Phường Tương Mai,20.9899896,105.8530145,127,Unhealthy for Sensitive Groups,2,12.0,83,0.0,6.8,342,1021.3,100,67.3,67.3,671.0,44.6,8.0,40.4
2026-01-24 05:00:00,2026,1,24,5,Hà Nội,Phường Tương Mai,20.9899896,105.8530145,132,Unhealthy for Sensitive Groups,2,12.0,81,0.0,7.5,349,1021.5,100,66.6,66.8,780.0,43.0,7.0,42.5
2026-01-24 06:00:00,2026,1,24,6,Hà Nội,Phường Tương Mai,20.9899896,105.8530145,136,Unhealthy for Sensitive Groups,2,11.9,83,0.0,7.5,350,1022.0,100,65.7,65.9,929.0,41.9,6.0,45.3
2026-01-24 07:00:00,2026,1,24,7,Hà Nội,Phường Tương Mai,20.9899896,105.8530145,140,Unhealthy for Sensitive Groups,2,11.9,83,0.1,7.4,356,1022.5,100,57.3,57.4,1032.0,41.1,6.0,46.4
2026-01-24 08:00:00,2026,1,24,8,Hà Nội,Phường Tương Mai,20.9899896,105.8530145,143,Unhealthy for Sensitive Groups,2,12.0,83,0.0,6.2,352,1023.0,100,56.2,56.3,1048.0,38.8,8.0,48.1
2026-01-24 09:00:00,2026,1,24,9,Hà Nội,Phường Tương Mai,20.9899896,105.8530145,146,Unhealthy for Sensitive Groups,2,12.4,81,0.0,5.6,353,1023.5,100,54.5,54.6,1020.0,35.7,12.0,50.3
2026-01-24 10:00:00,2026,1,24,10,Hà Nội,Phường Tương Mai,20.9899896,105.8530145,148,Unhealthy for Sensitive Groups,2,13.1,80,0.0,5.5,347,1024.0,100,53.1,53.2,987.0,33.2,16.0,51.8
2026-01-24 11:00:00,2026,1,24,11,Hà Nội,Phường Tương Mai,20.9899896,105.8530145,150,Unhealthy for Sensitive Groups,2,13.4,79,0.0,5.3,352,1023.2,100,51.2,51.3,964.0,31.9,21.0,51.8
2026-01-24 12:00:00,2026,1,24,12,Hà Nội,Phường Tương Mai,20.9899896,105.8530145,151,Unhealthy,3,13.8,78,0.0,4.3,355,1022.0,100,50.6,50.8,937.0,31.3,28.0,51.1
2026-01-24 13:00:00,2026,1,24,13,Hà Nội,Phường Tương Mai,20.9899896,105.8530145,151,Unhealthy,3,13.4,80,0.0,4.5,7,1021.1,100,49.9,50.1,904.0,31.7,33.0,50.4
2026-01-24 14:00:00,2026,1,24,14,Hà Nội,Phường Tương Mai,20.9899896,105.8530145,151,Unhealthy,3,14.8,76,0.0,4.1,38,1019.6,100,51.3,51.5,816.0,33.1,38.0,50.0
2026-01-24 15:00:00,2026,1,24,15,Hà Nội,Phường Tương Mai,20.9899896,105.8530145,152,Unhealthy,3,15.4,75,0.0,4.3,95,1018.9,100,51.5,51.6,722.0,35.5,42.0,49.7
2026-01-24 16:00:00,2026,1,24,16,Hà Nội,Phường Tương Mai,20.9899896,105.8530145,152,Unhealthy,3,16.1,73,0.0,5.0,139,1018.5,100,49.5,49.6,768.0,39.8,41.0,49.7
2026-01-24 17:00:00,2026,1,24,17,Hà Nội,Phường Tương Mai,20.9899896,105.8530145,153,Unhealthy,3,16.0,75,0.0,5.0,128,1018.2,100,49.7,49.8,1131.0,48.2,31.0,50.8
2026-01-24 18:00:00,2026,1,24,18,Hà Nội,Phường Tương Mai,20.9899896,105.8530145,153,Unhealthy,3,15.4,79,0.0,6.2,111,1018.0,94,60.5,60.8,1634.0,58.5,17.0,52.2
2026-01-24 19:00:00,2026,1,24,19,Hà Nội,Phường Tương Mai,20.9899896,105.8530145,153,Unhealthy,3,15.0,84,0.0,6.2,60,1018.0,100,78.7,78.9,1893.0,58.2,0.0,59.4
2026-01-24 20:00:00,2026,1,24,20,Hà Nội,Phường Tương Mai,20.9899896,105.8530145,153,Unhealthy,3,14.8,85,0.0,3.9,37,1018.3,100,89.2,89.2,1663.0,57.3,0.0,59.2
2026-01-24 21:00:00,2026,1,24,21,Hà Nội,Phường Tương Mai,20.9899896,105.8530145,153,Unhealthy,3,14.5,87,0.0,3.8,31,1018.3,100,91.3,91.3,1189.0,56.2,0.0,58.9
2026-01-24 22:00:00,2026,1,24,22,Hà Nội,Phường Tương Mai,20.9899896,105.8530145,153,Unhealthy,3,14.5,88,0.0,3.4,58,1018.0,100,91.5,91.7,821.0,55.3,0.0,58.2
2026-01-24 23:00:00,2026,1,24,23,Hà Nội,Phường Tương Mai,20.9899896,105.8530145,154,Unhealthy,3,14.6,88,0.0,3.3,84,1017.8,100,98.3,98.3,709.0,55.2,0.0,56.9
2026-01-25 00:00:00,2026,1,25,0,Hà Nội,Phường Tương Mai,20.9899896,105.8530145,155,Unhealthy,3,14.6,89,0.0,3.3,96,1017.4,100,97.8,98.0,704.0,55.3,0.0,55.2
2026-01-25 01:00:00,2026,1,25,1,Hà Nội,Phường Tương Mai,20.9899896,105.8530145,155,Unhealthy,3,14.1,91,0.0,3.3,77,1017.0,100,90.6,90.8,708.0,55.2,0.0,53.3
2026-01-25 02:00:00,2026,1,25,2,Hà Nội,Phường Tương Mai,20.9899896,105.8530145,156,Unhealthy,3,14.0,92,0.0,4.9,94,1016.0,100,89.2,89.4,666.0,54.5,0.0,50.9
2026-01-25 03:00:00,2026,1,25,3,Hà Nội,Phường Tương Mai,20.9899896,105.8530145,156,Unhealthy,3,14.0,93,0.0,4.6,79,1015.2,100,90.3,90.6,633.0,53.5,0.0,48.3
2026-01-25 04:00:00,2026,1,25,4,Hà Nội,Phường Tương Mai,20.9899896,105.8530145,157,Unhealthy,3,14.1,94,0.0,4.5,74,1015.0,100,92.2,92.4,682.0,52.2,0.0,46.8
2026-01-25 05:00:00,2026,1,25,5,Hà Nội,Phường Tương Mai,20.9899896,105.8530145,158,Unhealthy,3,14.2,94,0.0,4.4,81,1015.1,100,93.8,94.1,894.0,50.8,0.0,47.1
2026-01-25 06:00:00,2026,1,25,6,Hà Nội,Phường Tương Mai,20.9899896,105.8530145,158,Unhealthy,3,14.3,95,0.0,3.6,93,1015.7,100,90.3,90.6,1188.0,49.2,0.0,48.4
2026-01-25 07:00:00,2026,1,25,7,Hà Nội,Phường Tương Mai,20.9899896,105.8530145,159,Unhealthy,3,14.4,94,0.0,2.5,60,1016.7,100,91.3,91.3,1386.0,47.0,2.0,50.5
2026-01-25 08:00:00,2026,1,25,8,Hà Nội,Phường Tương Mai,20.9899896,105.8530145,159,Unhealthy,3,14.9,93,0.0,2.0,100,1017.4,100,85.0,85.2,1414.0,43.5,12.0,51.7
2026-01-25 09:00:00,2026,1,25,9,Hà Nội,Phường Tương Mai,20.9899896,105.8530145,160,Unhealthy,3,15.9,90,0.0,1.0,135,1018.0,100,67.3,67.8,1347.0,38.6,27.0,53.3
2026-01-25 10:00:00,2026,1,25,10,Hà Nội,Phường Tương Mai,20.9899896,105.8530145,160,Unhealthy,3,17.0,87,0.0,0.3,135,1018.0,100,46.8,47.3,1234.0,33.8,42.0,52.9
2026-01-25 11:00:00,2026,1,25,11,Hà Nội,Phường Tương Mai,20.9899896,105.8530145,160,Unhealthy,3,19.2,79,0.0,5.9,168,1017.5,100,41.0,41.4,1055.0,29.6,56.0,49.3
2026-01-25 12:00:00,2026,1,25,12,Hà Nội,Phường Tương Mai,20.9899896,105.8530145,160,Unhealthy,3,20.0,76,0.1,7.7,192,1016.4,100,38.5,39.0,829.0,25.5,70.0,43.9
2026-01-25 13:00:00,2026,1,25,13,Hà Nội,Phường Tương Mai,20.9899896,105.8530145,160,Unhealthy,3,20.5,75,0.0,6.5,172,1015.6,100,37.3,37.7,663.0,22.0,81.0,38.4
2026-01-25 14:00:00,2026,1,25,14,Hà Nội,Phường Tương Mai,20.9899896,105.8530145,159,Unhealthy,3,21.5,72,0.0,4.8,167,1014.7,98,33.9,34.5,607.0,18.5,90.0,33.1
2026-01-25 15:00:00,2026,1,25,15,Hà Nội,Phường Tương Mai,20.9899896,105.8530145,159,Unhealthy,3,22.6,67,0.1,11.2,174,1014.2,100,29.7,30.3,611.0,15.5,97.0,27.7
2026-01-25 16:00:00,2026,1,25,16,Hà Nội,Phường Tương Mai,20.9899896,105.8530145,159,Unhealthy,3,22.8,68,0.0,10.2,163,1014.0,100,25.9,26.5,633.0,14.7,99.0,23.7
2026-01-25 17:00:00,2026,1,25,17,Hà Nội,Phường Tương Mai,20.9899896,105.8530145,158,Unhealthy,3,22.2,71,0.0,9.5,147,1014.2,17,23.5,24.2,666.0,17.2,92.0,21.5
2026-01-25 18:00:00,2026,1,25,18,Hà Nội,Phường Tương Mai,20.9899896,105.8530145,157,Unhealthy,3,20.4,78,0.0,11.3,134,1014.7,16,25.0,25.7,717.0,21.9,80.0,20.6
2026-01-25 19:00:00,2026,1,25,19,Hà Nội,Phường Tương Mai,20.9899896,105.8530145,157,Unhealthy,3,19.1,83,0.0,10.5,149,1015.5,13,31.7,32.8,762.0,27.9,68.0,21.9
2026-01-25 20:00:00,2026,1,25,20,Hà Nội,Phường Tương Mai,20.9899896,105.8530145,156,Unhealthy,3,18.4,89,0.0,10.1,141,1016.3,4,37.5,38.9,782.0,31.8,60.0,25.0
2026-01-25 21:00:00,2026,1,25,21,Hà Nội,Phường Tương Mai,20.9899896,105.8530145,155,Unhealthy,3,17.8,93,0.0,9.4,144,1016.9,5,44.7,47.0,796.0,37.4,49.0,29.3
2026-01-25 22:00:00,2026,1,25,22,Hà Nội,Phường Tương Mai,20.9899896,105.8530145,154,Unhealthy,3,17.2,95,0.0,6.6,151,1017.0,13,55.9,58.8,836.0,42.4,38.0,31.8
2026-01-25 23:00:00,2026,1,25,23,Hà Nội,Phường Tương Mai,20.9899896,105.8530145,153,Unhealthy,3,16.6,97,0.0,4.9,156,1017.1,100,67.5,71.0,948.0,46.9,27.0,31.2
2026-01-26 00:00:00,2026,1,26,0,Hà Nội,Phường Tương Mai,20.9899896,105.8530145,152,Unhealthy,3,16.9,97,0.0,3.5,159,1017.0,100,87.3,90.8,1085.0,50.8,16.0,28.9
2026-01-26 01:00:00,2026,1,26,1,Hà Nội,Phường Tương Mai,20.9899896,105.8530145,152,Unhealthy,3,16.8,97,0.0,2.5,120,1017.0,100,111.1,113.6,1140.0,52.3,9.0,26.6
2026-01-26 02:00:00,2026,1,26,2,Hà Nội,Phường Tương Mai,20.9899896,105.8530145,152,Unhealthy,3,17.0,97,0.0,4.0,90,1016.7,100,109.7,112.0,1036.0,49.6,8.0,24.5
2026-01-26 03:00:00,2026,1,26,3,Hà Nội,Phường Tương Mai,20.9899896,105.8530145,153,Unhealthy,3,17.1,97,0.0,3.8,73,1016.7,100,106.9,108.7,850.0,44.4,12.0,22.4
2026-01-26 04:00:00,2026,1,26,4,Hà Nội,Phường Tương Mai,20.9899896,105.8530145,153,Unhealthy,3,17.0,98,0.1,2.2,48,1016.6,100,99.9,101.3,709.0,40.3,16.0,21.7
2026-01-26 05:00:00,2026,1,26,5,Hà Nội,Phường Tương Mai,20.9899896,105.8530145,153,Unhealthy,3,17.1,98,0.3,2.0,10,1016.9,100,88.9,90.3,660.0,38.8,20.0,23.4
2026-01-26 06:00:00,2026,1,26,6,Hà Nội,Phường Tương Mai,20.9899896,105.8530145,153,Unhealthy,3,17.1,99,0.3,3.2,357,1017.5,100,81.7,83.1,657.0,38.4,25.0,26.3
2026-01-26 07:00:00,2026,1,26,7,Hà Nội,Phường Tương Mai,20.9899896,105.8530145,153,Unhealthy,3,16.9,99,0.3,5.4,352,1018.5,100,70.5,71.7,685.0,41.8,27.0,33.6
2026-01-26 08:00:00,2026,1,26,8,Hà Nội,Phường Tương Mai,20.9899896,105.8530145,153,Unhealthy,3,17.2,99,0.4,4.9,358,1019.5,100,57.6,58.7,769.0,39.9,34.0,33.3
2026-01-26 09:00:00,2026,1,26,9,Hà Nội,Phường Tương Mai,20.9899896,105.8530145,152,Unhealthy,3,17.6,98,1.1,3.6,360,1020.5,100,45.3,46.3,885.0,37.1,44.0,32.7
2026-01-26 10:00:00,2026,1,26,10,Hà Nội,Phường Tương Mai,20.9899896,105.8530145,151,Unhealthy,3,18.1,96,1.0,3.1,329,1020.6,100,30.5,32.2,950.0,33.6,54.0,31.1
2026-01-26 11:00:00,2026,1,26,11,Hà Nội,Phường Tương Mai,20.9899896,105.8530145,151,Unhealthy,3,19.0,91,0.2,4.0,309,1020.2,100,26.3,28.5,920.0,28.9,63.0,27.3
2026-01-26 12:00:00,2026,1,26,12,Hà Nội,Phường Tương Mai,20.9899896,105.8530145,151,Unhealthy,3,19.5,90,0.3,5.9,301,1018.9,96,21.1,23.0,839.0,23.5,72.0,22.4
2026-01-26 13:00:00,2026,1,26,13,Hà Nội,Phường Tương Mai,20.9899896,105.8530145,150,Unhealthy for Sensitive Groups,2,20.7,83,0.0,3.9,298,1018.1,97,19.2,21.1,753.0,19.5,79.0,19.2
2026-01-26 14:00:00,2026,1,26,14,Hà Nội,Phường Tương Mai,20.9899896,105.8530145,150,Unhealthy for Sensitive Groups,2,22.0,78,0.0,0.6,236,1016.8,66,20.3,22.0,644.0,17.0,85.0,18.8
2026-01-26 15:00:00,2026,1,26,15,Hà Nội,Phường Tương Mai,20.9899896,105.8530145,149,Unhealthy for Sensitive Groups,2,22.2,74,0.3,2.1,160,1016.1,38,20.7,22.4,530.0,15.9,90.0,20.1
2026-01-26 16:00:00,2026,1,26,16,Hà Nội,Phường Tương Mai,20.9899896,105.8530145,148,Unhealthy for Sensitive Groups,2,22.2,74,0.2,4.9,147,1016.1,49,20.6,22.2,506.0,18.4,88.0,22.2
2026-01-26 17:00:00,2026,1,26,17,Hà Nội,Phường Tương Mai,20.9899896,105.8530145,147,Unhealthy for Sensitive Groups,2,21.1,82,0.2,6.6,139,1016.4,100,23.4,25.0,663.0,27.5,75.0,25.0
2026-01-26 18:00:00,2026,1,26,18,Hà Nội,Phường Tương Mai,20.9899896,105.8530145,147,Unhealthy for Sensitive Groups,2,20.2,87,0.1,4.8,117,1016.8,80,38.6,40.4,911.0,40.2,56.0,28.6
2026-01-26 19:00:00,2026,1,26,19,Hà Nội,Phường Tương Mai,20.9899896,105.8530145,148,Unhealthy for Sensitive Groups,2,19.7,89,0.1,8.9,135,1017.4,31,61.7,64.3,1067.0,58.4,37.0,38.7
2026-01-26 20:00:00,2026,1,26,20,Hà Nội,Phường Tương Mai,20.9899896,105.8530145,150,Unhealthy for Sensitive Groups,2,19.1,92,0.0,9.8,133,1017.8,19,75.7,79.6,1027.0,58.5,32.0,39.1
2026-01-26 21:00:00,2026,1,26,21,Hà Nội,Phường Tương Mai,20.9899896,105.8530145,151,Unhealthy,3,18.6,95,0.0,7.1,124,1018.1,7,75.4,79.4,896.0,58.7,25.0,39.7
2026-01-26 22:00:00,2026,1,26,22,Hà Nội,Phường Tương Mai,20.9899896,105.8530145,152,Unhealthy,3,18.0,97,0.0,5.3,128,1018.3,24,79.2,83.4,811.0,59.0,19.0,40.2
2026-01-26 23:00:00,2026,1,26,23,Hà Nội,Phường Tương Mai,20.9899896,105.8530145,152,Unhealthy,3,17.1,98,0.0,3.2,146,1018.2,36,86.1,90.3,847.0,59.6,14.0,40.3
2026-01-27 00:00:00,2026,1,27,0,Hà Nội,Phường Tương Mai,20.9899896,105.8530145,153,Unhealthy,3,16.8,100,0.0,3.4,162,1018.0,100,91.5,95.9,928.0,60.3,10.0,40.2
2026-01-27 01:00:00,2026,1,27,1,Hà Nội,Phường Tương Mai,20.9899896,105.8530145,153,Unhealthy,3,17.9,99,0.0,5.9,168,1017.5,100,105.2,109.7,968.0,60.7,7.0,40.3
2026-01-27 02:00:00,2026,1,27,2,Hà Nội,Phường Tương Mai,20.9899896,105.8530145,153,Unhealthy,3,17.5,100,0.0,4.1,167,1017.3,100,130.9,133.2,897.0,60.9,4.0,40.9
2026-01-27 03:00:00,2026,1,27,3,Hà Nội,Phường Tương Mai,20.9899896,105.8530145,153,Unhealthy,3,17.8,100,0.0,5.0,120,1017.4,100,149.0,151.3,785.0,60.9,1.0,41.6
2026-01-27 04:00:00,2026,1,27,4,Hà Nội,Phường Tương Mai,20.9899896,105.8530145,154,Unhealthy,3,17.9,100,0.0,6.0,119,1017.5,100,160.7,163.4,752.0,60.0,0.0,42.0
2026-01-27 05:00:00,2026,1,27,5,Hà Nội,Phường Tương Mai,20.9899896,105.8530145,155,Unhealthy,3,17.8,99,0.0,6.9,113,1017.8,100,140.2,142.5,914.0,58.1,0.0,41.6
2026-01-27 06:00:00,2026,1,27,6,Hà Nội,Phường Tương Mai,20.9899896,105.8530145,157,Unhealthy,3,17.6,100,0.0,7.2,109,1018.4,100,137.4,139.7,1155.0,55.4,0.0,40.8
2026-01-27 07:00:00,2026,1,27,7,Hà Nội,Phường Tương Mai,20.9899896,105.8530145,158,Unhealthy,3,17.5,100,0.0,6.2,105,1019.1,100,158.3,161.1,1255.0,52.0,2.0,38.6
2026-01-27 08:00:00,2026,1,27,8,Hà Nội,Phường Tương Mai,20.9899896,105.8530145,160,Unhealthy,3,17.8,98,0.0,8.1,125,1019.8,100,158.3,159.7,1066.0,48.1,15.0,42.6
2026-01-27 09:00:00,2026,1,27,9,Hà Nội,Phường Tương Mai,20.9899896,105.8530145,162,Unhealthy,3,19.0,89,0.0,9.3,131,1020.6,68,129.0,130.9,735.0,42.6,34.0,47.9
2026-01-27 10:00:00,2026,1,27,10,Hà Nội,Phường Tương Mai,20.9899896,105.8530145,164,Unhealthy,3,20.5,79,0.0,8.2,126,1020.8,63,71.9,74.3,480.0,37.1,52.0,49.9
2026-01-27 11:00:00,2026,1,27,11,Hà Nội,Phường Tương Mai,20.9899896,105.8530145,165,Unhealthy,3,21.7,72,0.0,7.6,135,1020.1,73,56.7,58.7,390.0,31.7,66.0,45.7
2026-01-27 12:00:00,2026,1,27,12,Hà Nội,Phường Tương Mai,20.9899896,105.8530145,165,Unhealthy,3,23.0,66,0.0,7.6,149,1018.8,100,51.1,53.0,376.0,26.4,79.0,38.3
2026-01-27 13:00:00,2026,1,27,13,Hà Nội,Phường Tương Mai,20.9899896,105.8530145,166,Unhealthy,3,23.4,63,0.0,7.6,155,1017.6,100,44.2,46.1,386.0,22.3,90.0,32.2
2026-01-27 14:00:00,2026,1,27,14,Hà Nội,Phường Tương Mai,20.9899896,105.8530145,167,Unhealthy,3,23.2,63,0.0,6.3,145,1016.9,100,42.0,43.7,393.0,18.6,100.0,28.3
2026-01-27 15:00:00,2026,1,27,15,Hà Nội,Phường Tương Mai,20.9899896,105.8530145,167,Unhealthy,3,23.5,62,0.0,6.7,136,1016.7,100,42.5,44.0,425.0,16.2,107.0,25.7
2026-01-27 16:00:00,2026,1,27,16,Hà Nội,Phường Tương Mai,20.9899896,105.8530145,167,Unhealthy,3,23.4,62,0.0,7.9,120,1016.7,61,43.0,44.4,512.0,19.2,105.0,25.9
2026-01-27 17:00:00,2026,1,27,17,Hà Nội,Phường Tương Mai,20.9899896,105.8530145,168,Unhealthy,3,22.6,67,0.0,7.5,111,1017.0,15,49.5,50.6,716.0,32.9,87.0,30.7
2026-01-27 18:00:00,2026,1,27,18,Hà Nội,Phường Tương Mai,20.9899896,105.8530145,169,Unhealthy,3,21.0,74,0.0,6.0,99,1017.4,82,78.5,79.6,976.0,52.0,60.0,38.4
2026-01-27 19:00:00,2026,1,27,19,Hà Nội,Phường Tương Mai,20.9899896,105.8530145,169,Unhealthy,3,21.0,75,0.0,9.1,97,1018.0,88,71.0,71.5,1138.0,55.8,42.0,36.4
2026-01-27 20:00:00,2026,1,27,20,Hà Nội,Phường Tương Mai,20.9899896,105.8530145,170,Unhealthy,3,20.1,78,0.0,9.9,119,1018.8,21,76.8,77.1,1102.0,54.6,41.0,38.3
2026-01-27 21:00:00,2026,1,27,21,Hà Nội,Phường Tương Mai,20.9899896,105.8530145,170,Unhealthy,3,18.6,83,0.0,9.6,118,1019.6,10,80.6,80.8,968.0,53.1,38.0,41.0
2026-01-27 22:00:00,2026,1,27,22,Hà Nội,Phường Tương Mai,20.9899896,105.8530145,170,Unhealthy,3,17.7,87,0.0,8.6,127,1019.7,16,87.8,87.8,883.0,52.6,35.0,43.3
2026-01-27 23:00:00,2026,1,27,23,Hà Nội,Phường Tương Mai,20.9899896,105.8530145,170,Unhealthy,3,17.1,90,0.0,4.6,149,1019.6,25,96.4,96.6,919.0,53.6,30.0,44.4
2026-01-28 00:00:00,2026,1,28,0,Hà Nội,Phường Tương Mai,20.9899896,105.8530145,170,Unhealthy,3,16.5,93,0.0,1.3,352,1019.7,23,104.5,104.8,1003.0,55.5,25.0,45.0
2026-01-28 01:00:00,2026,1,28,1,Hà Nội,Phường Tương Mai,20.9899896,105.8530145,170,Unhealthy,3,16.5,95,0.0,2.3,18,1019.2,37,115.0,115.3,1063.0,58.1,19.0,46.3
2026-01-28 02:00:00,2026,1,28,2,Hà Nội,Phường Tương Mai,20.9899896,105.8530145,171,Unhealthy,3,16.6,94,0.0,2.8,15,1018.6,46,126.7,127.1,1054.0,62.3,14.0,49.0
2026-01-28 03:00:00,2026,1,28,3,Hà Nội,Phường Tương Mai,20.9899896,105.8530145,171,Unhealthy,3,16.7,94,0.0,3.5,15,1018.6,19,137.8,139.2,1021.0,67.1,8.0,52.3
2026-01-28 04:00:00,2026,1,28,4,Hà Nội,Phường Tương Mai,20.9899896,105.8530145,170,Unhealthy,3,16.2,95,0.0,3.8,25,1018.8,34,147.6,149.0,1023.0,69.6,5.0,55.0
2026-01-28 05:00:00,2026,1,28,5,Hà Nội,Phường Tương Mai,20.9899896,105.8530145,170,Unhealthy,3,16.2,94,0.1,5.2,29,1019.1,49,158.3,160.7,1119.0,68.8,2.0,56.9
2026-01-28 06:00:00,2026,1,28,6,Hà Nội,Phường Tương Mai,20.9899896,105.8530145,170,Unhealthy,3,15.9,90,0.0,6.7,36,1019.7,40,161.6,163.4,1250.0,65.6,0.0,58.1
2026-01-28 07:00:00,2026,1,28,7,Hà Nội,Phường Tương Mai,20.9899896,105.8530145,171,Unhealthy,3,15.4,88,0.0,7.9,47,1020.1,12,141.1,142.0,1304.0,52.6,7.0,48.3
2026-01-28 08:00:00,2026,1,28,8,Hà Nội,Phường Tương Mai,20.9899896,105.8530145,171,Unhealthy,3,16.6,83,0.0,7.3,48,1020.9,11,116.9,117.3,1215.0,45.7,22.0,47.9
2026-01-28 09:00:00,2026,1,28,9,Hà Nội,Phường Tương Mai,20.9899896,105.8530145,170,Unhealthy,3,18.4,78,0.0,5.3,62,1021.4,10,68.2,68.5,1048.0,36.0,43.0,47.0
2026-01-28 10:00:00,2026,1,28,10,Hà Nội,Phường Tương Mai,20.9899896,105.8530145,168,Unhealthy,3,20.1,74,0.0,2.9,86,1021.1,13,54.8,55.1,890.0,27.5,66.0,44.7
2026-01-28 11:00:00,2026,1,28,11,Hà Nội,Phường Tương Mai,20.9899896,105.8530145,168,Unhealthy,3,22.0,67,0.0,6.4,142,1020.1,39,51.5,51.7,761.0,21.3,93.0,39.5
2026-01-28 12:00:00,2026,1,28,12,Hà Nội,Phường Tương Mai,20.9899896,105.8530145,168,Unhealthy,3,23.1,61,0.0,9.0,154,1018.6,100,47.6,48.0,640.0,16.3,121.0,32.7
2026-01-28 13:00:00,2026,1,28,13,Hà Nội,Phường Tương Mai,20.9899896,105.8530145,168,Unhealthy,3,23.4,59,0.0,9.3,161,1017.7,91,43.7,44.0,554.0,12.8,141.0,27.5
2026-01-28 14:00:00,2026,1,28,14,Hà Nội,Phường Tương Mai,20.9899896,105.8530145,168,Unhealthy,3,23.6,57,0.0,11.4,165,1016.6,61,43.9,44.1,511.0,10.7,149.0,24.9
2026-01-28 15:00:00,2026,1,28,15,Hà Nội,Phường Tương Mai,20.9899896,105.8530145,168,Unhealthy,3,24.0,55,0.0,12.1,160,1015.8,84,44.2,44.5,503.0,10.1,148.0,23.8
2026-01-28 16:00:00,2026,1,28,16,Hà Nội,Phường Tương Mai,20.9899896,105.8530145,168,Unhealthy,3,23.6,56,0.0,11.8,155,1015.5,44,45.4,45.8,531.0,11.3,143.0,23.7
2026-01-28 17:00:00,2026,1,28,17,Hà Nội,Phường Tương Mai,20.9899896,105.8530145,168,Unhealthy,3,22.5,61,0.0,12.0,140,1015.5,47,48.3,48.5,615.0,15.4,132.0,24.9
2026-01-28 18:00:00,2026,1,28,18,Hà Nội,Phường Tương Mai,20.9899896,105.8530145,168,Unhealthy,3,20.4,69,0.0,16.2,131,1015.6,10,51.8,52.0,735.0,21.3,117.0,27.2
2026-01-28 19:00:00,2026,1,28,19,Hà Nội,Phường Tương Mai,20.9899896,105.8530145,167,Unhealthy,3,19.3,75,0.0,16.2,135,1016.3,1,53.4,53.7,827.0,27.8,85.0,30.1
2026-01-28 20:00:00,2026,1,28,20,Hà Nội,Phường Tương Mai,20.9899896,105.8530145,167,Unhealthy,3,18.3,78,0.0,14.9,136,1016.7,0,54.5,54.7,864.0,28.2,80.0,30.5
2026-01-28 21:00:00,2026,1,28,21,Hà Nội,Phường Tương Mai,20.9899896,105.8530145,166,Unhealthy,3,17.4,82,0.0,12.3,141,1017.1,0,56.1,56.5,873.0,28.8,74.0,31.0
2026-01-28 22:00:00,2026,1,28,22,Hà Nội,Phường Tương Mai,20.9899896,105.8530145,166,Unhealthy,3,16.6,87,0.0,8.9,166,1017.2,0,58.9,59.4,877.0,29.4,67.0,30.9
2026-01-28 23:00:00,2026,1,28,23,Hà Nội,Phường Tương Mai,20.9899896,105.8530145,165,Unhealthy,3,16.1,91,0.0,8.0,170,1017.0,0,61.9,62.4,885.0,30.2,61.0,29.7
2026-01-29 00:00:00,2026,1,29,0,Hà Nội,Phường Tương Mai,20.9899896,105.8530145,165,Unhealthy,3,15.9,93,0.0,8.8,154,1016.8,2,64.7,65.4,887.0,31.0,55.0,27.8
2026-01-29 01:00:00,2026,1,29,1,Hà Nội,Phường Tương Mai,20.9899896,105.8530145,164,Unhealthy,3,15.9,97,0.0,10.6,140,1016.4,100,69.2,69.8,877.0,31.1,51.0,26.3
2026-01-29 02:00:00,2026,1,29,2,Hà Nội,Phường Tương Mai,20.9899896,105.8530145,163,Unhealthy,3,16.2,98,0.0,10.6,136,1015.8,100,73.3,74.3,839.0,29.5,50.0,25.2
2026-01-29 03:00:00,2026,1,29,3,Hà Nội,Phường Tương Mai,20.9899896,105.8530145,161,Unhealthy,3,16.6,98,0.0,9.2,132,1015.2,100,75.0,75.9,789.0,27.2,52.0,24.3
2026-01-29 04:00:00,2026,1,29,4,Hà Nội,Phường Tương Mai,20.9899896,105.8530145,160,Unhealthy,3,16.9,98,0.0,8.4,124,1014.9,100,75.0,76.1,773.0,26.4,52.0,24.5
2026-01-29 05:00:00,2026,1,29,5,Hà Nội,Phường Tương Mai,20.9899896,105.8530145,158,Unhealthy,3,17.1,97,0.0,9.2,129,1014.9,100,75.9,77.1,827.0,29.1,48.0,26.4
2026-01-29 06:00:00,2026,1,29,6,Hà Nội,Phường Tương Mai,20.9899896,105.8530145,157,Unhealthy,3,17.4,97,0.0,8.5,134,1015.5,100,77.5,78.7,915.0,33.2,42.0,29.4
2026-01-29 07:00:00,2026,1,29,7,Hà Nội,Phường Tương Mai,20.9899896,105.8530145,155,Unhealthy,3,17.1,97,0.0,7.8,128,1016.4,100,86.1,87.3,969.0,34.6,40.0,30.5
2026-01-29 08:00:00,2026,1,29,8,Hà Nội,Phường Tương Mai,20.9899896,105.8530145,154,Unhealthy,3,17.8,94,0.0,8.7,138,1017.2,100,79.9,81.3,964.0,32.6,49.0,32.0
2026-01-29 09:00:00,2026,1,29,9,Hà Nội,Phường Tương Mai,20.9899896,105.8530145,153,Unhealthy,3,18.5,92,0.0,9.2,154,1017.8,100,67.8,69.2,924.0,29.6,61.0,34.1
2026-01-29 10:00:00,2026,1,29,10,Hà Nội,Phường Tương Mai,20.9899896,105.8530145,153,Unhealthy,3,19.9,86,0.0,11.4,159,1017.8,100,57.9,59.3,858.0,26.2,73.0,34.7
2026-01-29 11:00:00,2026,1,29,11,Hà Nội,Phường Tương Mai,20.9899896,105.8530145,153,Unhealthy,3,21.7,76,0.1,12.9,165,1017.0,98,47.5,48.8,744.0,22.1,83.0,33.0
2026-01-29 12:00:00,2026,1,29,12,Hà Nội,Phường Tương Mai,20.9899896,105.8530145,153,Unhealthy,3,23.1,69,0.1,16.7,169,1015.6,45,40.7,42.0,604.0,17.5,92.0,29.9
2026-01-29 13:00:00,2026,1,29,13,Hà Nội,Phường Tương Mai,20.9899896,105.8530145,153,Unhealthy,3,23.7,65,0.0,15.9,175,1014.3,80,36.1,37.3,505.0,13.9,99.0,26.6
2026-01-29 14:00:00,2026,1,29,14,Hà Nội,Phường Tương Mai,20.9899896,105.8530145,152,Unhealthy,3,24.2,63,0.0,17.0,185,1013.2,96,32.0,33.2,483.0,11.6,104.0,22.9
2026-01-29 15:00:00,2026,1,29,15,Hà Nội,Phường Tương Mai,20.9899896,105.8530145,152,Unhealthy,3,24.4,62,0.0,12.4,181,1012.9,100,27.8,29.2,503.0,10.2,106.0,19.1
2026-01-29 16:00:00,2026,1,29,16,Hà Nội,Phường Tương Mai,20.9899896,105.8530145,152,Unhealthy,3,24.6,63,0.0,13.5,155,1012.5,55,24.1,25.4,530.0,10.5,105.0,16.7
2026-01-29 17:00:00,2026,1,29,17,Hà Nội,Phường Tương Mai,20.9899896,105.8530145,151,Unhealthy,3,23.7,66,0.0,15.2,144,1012.5,45,22.2,23.3,558.0,13.5,98.0,17.0
2026-01-29 18:00:00,2026,1,29,18,Hà Nội,Phường Tương Mai,20.9899896,105.8530145,151,Unhealthy,3,22.0,72,0.0,17.7,152,1012.7,58,21.9,22.8,593.0,18.1,88.0,18.8
2026-01-29 19:00:00,2026,1,29,19,Hà Nội,Phường Tương Mai,20.9899896,105.8530145,150,Unhealthy for Sensitive Groups,2,20.9,83,0.0,16.9,159,1013.7,50,30.9,31.9,614.0,25.2,74.0,22.6
2026-01-29 20:00:00,2026,1,29,20,Hà Nội,Phường Tương Mai,20.9899896,105.8530145,148,Unhealthy for Sensitive Groups,2,20.1,88,0.0,16.2,159,1014.3,30,30.5,31.7,609.0,24.3,72.0,22.1
2026-01-29 21:00:00,2026,1,29,21,Hà Nội,Phường Tương Mai,20.9899896,105.8530145,146,Unhealthy for Sensitive Groups,2,19.6,93,0.0,15.0,160,1015.1,43,30.3,32.0,590.0,23.0,70.0,21.4
2026-01-29 22:00:00,2026,1,29,22,Hà Nội,Phường Tương Mai,20.9899896,105.8530145,143,Unhealthy for Sensitive Groups,2,19.4,95,0.0,13.9,161,1015.4,19,31.1,32.8,569.0,22.0,67.0,20.9
2026-01-29 23:00:00,2026,1,29,23,Hà Nội,Phường Tương Mai,20.9899896,105.8530145,140,Unhealthy for Sensitive Groups,2,19.1,96,0.0,12.3,165,1015.4,14,31.5,33.5,551.0,21.3,65.0,20.6
2026-01-30 00:00:00,2026,1,30,0,Hà Nội,Phường Tương Mai,20.9899896,105.8530145,137,Unhealthy for Sensitive Groups,2,18.9,96,0.0,11.6,165,1015.2,15,31.5,33.6,532.0,20.9,62.0,20.5
2026-01-30 01:00:00,2026,1,30,1,Hà Nội,Phường Tương Mai,20.9899896,105.8530145,134,Unhealthy for Sensitive Groups,2,18.7,97,0.0,10.2,162,1014.7,19,31.9,34.1,514.0,20.9,59.0,20.6
2026-01-30 02:00:00,2026,1,30,2,Hà Nội,Phường Tương Mai,20.9899896,105.8530145,130,Unhealthy for Sensitive Groups,2,18.3,98,0.0,7.7,149,1014.2,19,32.6,34.9,485.0,21.1,55.0,20.8
2026-01-30 03:00:00,2026,1,30,3,Hà Nội,Phường Tương Mai,20.9899896,105.8530145,126,Unhealthy for Sensitive Groups,2,18.0,98,0.0,7.1,135,1014.1,100,34.6,36.9,457.0,21.8,51.0,21.1
2026-01-30 04:00:00,2026,1,30,4,Hà Nội,Phường Tương Mai,20.9899896,105.8530145,121,Unhealthy for Sensitive Groups,2,18.4,98,0.0,8.0,132,1014.6,100,36.8,39.1,463.0,23.4,47.0,21.9
2026-01-30 05:00:00,2026,1,30,5,Hà Nội,Phường Tương Mai,20.9899896,105.8530145,117,Unhealthy for Sensitive Groups,2,18.6,98,0.0,8.7,133,1014.9,100,38.8,41.0,544.0,27.5,40.0,23.7
2026-01-30 06:00:00,2026,1,30,6,Hà Nội,Phường Tương Mai,20.9899896,105.8530145,114,Unhealthy for Sensitive Groups,2,18.9,97,0.0,8.0,132,1015.6,100,41.7,44.0,659.0,32.5,33.0,25.9
2026-01-30 07:00:00,2026,1,30,7,Hà Nội,Phường Tương Mai,20.9899896,105.8530145,110,Unhealthy for Sensitive Groups,2,19.6,98,0.1,6.4,144,1016.5,100,46.3,48.5,718.0,36.3,29.0,27.7
2026-01-30 08:00:00,2026,1,30,8,Hà Nội,Phường Tương Mai,20.9899896,105.8530145,106,Unhealthy for Sensitive Groups,2,19.9,97,0.2,7.5,143,1017.5,100,36.2,39.0,666.0,31.4,41.0,27.9
2026-01-30 09:00:00,2026,1,30,9,Hà Nội,Phường Tương Mai,20.9899896,105.8530145,101,Unhealthy for Sensitive Groups,2,20.5,95,0.4,9.2,163,1018.4,100,26.5,29.3,558.0,24.5,59.0,28.2
2026-01-30 10:00:00,2026,1,30,10,Hà Nội,Phường Tương Mai,20.9899896,105.8530145,97,Moderate,1,22.1,84,0.1,11.0,165,1018.6,69,23.9,26.7,468.0,18.7,74.0,27.6
2026-01-30 11:00:00,2026,1,30,11,Hà Nội,Phường Tương Mai,20.9899896,105.8530145,94,Moderate,1,23.5,77,0.3,11.9,169,1017.8,76,20.4,23.5,423.0,15.0,85.0,25.5
2026-01-30 12:00:00,2026,1,30,12,Hà Nội,Phường Tương Mai,20.9899896,105.8530145,92,Moderate,1,24.4,71,0.2,13.2,176,1016.5,53,19.0,22.0,396.0,12.4,93.0,22.7
2026-01-30 13:00:00,2026,1,30,13,Hà Nội,Phường Tương Mai,20.9899896,105.8530145,90,Moderate,1,24.5,69,0.1,14.4,165,1015.4,64,19.3,22.4,375.0,10.5,99.0,20.2
2026-01-30 14:00:00,2026,1,30,14,Hà Nội,Phường Tương Mai,20.9899896,105.8530145,88,Moderate,1,25.0,67,0.3,14.1,165,1014.4,57,19.0,21.8,348.0,8.8,103.0,18.3
2026-01-30 15:00:00,2026,1,30,15,Hà Nội,Phường Tương Mai,20.9899896,105.8530145,87,Moderate,1,24.8,67,0.1,15.0,162,1013.8,71,17.5,20.0,328.0,7.9,105.0,16.9
2026-01-30 16:00:00,2026,1,30,16,Hà Nội,Phường Tương Mai,20.9899896,105.8530145,86,Moderate,1,24.5,68,0.0,14.3,157,1013.7,57,16.5,18.9,341.0,9.4,102.0,16.5
2026-01-30 17:00:00,2026,1,30,17,Hà Nội,Phường Tương Mai,20.9899896,105.8530145,86,Moderate,1,23.8,72,0.0,12.1,137,1014.1,98,16.4,18.7,416.0,14.9,90.0,17.8
2026-01-30 18:00:00,2026,1,30,18,Hà Nội,Phường Tương Mai,20.9899896,105.8530145,85,Moderate,1,22.6,76,0.0,13.7,117,1014.4,52,21.5,23.8,524.0,22.8,72.0,20.1
2026-01-30 19:00:00,2026,1,30,19,Hà Nội,Phường Tương Mai,20.9899896,105.8530145,85,Moderate,1,21.4,86,0.0,12.2,116,1015.1,19,34.3,36.9,605.0,33.5,53.0,24.5
2026-01-30 20:00:00,2026,1,30,20,Hà Nội,Phường Tương Mai,20.9899896,105.8530145,85,Moderate,1,20.6,89,0.0,12.0,125,1016.1,16,35.6,38.3,627.0,33.6,51.0,25.1
2026-01-30 21:00:00,2026,1,30,21,Hà Nội,Phường Tương Mai,20.9899896,105.8530145,86,Moderate,1,20.0,93,0.0,10.9,126,1016.7,6,37.0,39.6,622.0,33.9,47.0,25.8
2026-01-30 22:00:00,2026,1,30,22,Hà Nội,Phường Tương Mai,20.9899896,105.8530145,87,Moderate,1,19.5,95,0.0,9.8,128,1017.3,3,40.5,43.3,625.0,35.0,43.0,26.2
2026-01-30 23:00:00,2026,1,30,23,Hà Nội,Phường Tương Mai,20.9899896,105.8530145,87,Moderate,1,19.1,96,0.0,6.4,128,1017.4,9,46.1,49.1,659.0,37.7,37.0,25.8
2026-01-31 00:00:00,2026,1,31,0,Hà Nội,Phường Tương Mai,20.9899896,105.8530145,89,Moderate,1,18.5,98,0.0,3.7,129,1017.6,8,54.9,58.6,700.0,41.2,29.0,25.1
2026-01-31 01:00:00,2026,1,31,1,Hà Nội,Phường Tương Mai,20.9899896,105.8530145,91,Moderate,1,19.0,99,0.0,6.8,138,1017.0,39,69.4,72.9,713.0,43.6,23.0,24.7
2026-01-31 02:00:00,2026,1,31,2,Hà Nội,Phường Tương Mai,20.9899896,105.8530145,94,Moderate,1,18.8,100,0.0,5.7,122,1016.9,99,82.9,85.7,666.0,44.2,19.0,25.0
2026-01-31 03:00:00,2026,1,31,3,Hà Nội,Phường Tương Mai,20.9899896,105.8530145,99,Moderate,1,18.7,100,0.0,6.9,104,1017.1,100,91.0,93.6,591.0,43.6,17.0,25.7
2026-01-31 04:00:00,2026,1,31,4,Hà Nội,Phường Tương Mai,20.9899896,105.8530145,104,Unhealthy for Sensitive Groups,2,18.6,100,0.0,7.7,91,1017.6,100,82.9,84.5,552.0,42.3,16.0,26.6
2026-01-31 05:00:00,2026,1,31,5,Hà Nội,Phường Tương Mai,20.9899896,105.8530145,109,Unhealthy for Sensitive Groups,2,18.5,100,0.0,9.4,83,1018.2,100,71.9,73.6,585.0,40.4,17.0,27.9
2026-01-31 06:00:00,2026,1,31,6,Hà Nội,Phường Tương Mai,20.9899896,105.8530145,112,Unhealthy for Sensitive Groups,2,18.3,100,0.0,9.8,60,1019.2,100,58.1,59.5,655.0,37.6,19.0,29.5
2026-01-31 07:00:00,2026,1,31,7,Hà Nội,Phường Tương Mai,20.9899896,105.8530145,114,Unhealthy for Sensitive Groups,2,18.3,97,0.0,9.9,38,1019.7,96,55.2,56.2,716.0,36.3,23.0,30.4
2026-01-31 08:00:00,2026,1,31,8,Hà Nội,Phường Tương Mai,20.9899896,105.8530145,115,Unhealthy for Sensitive Groups,2,19.1,88,0.2,16.3,41,1020.8,100,35.0,35.5,754.0,31.1,25.0,30.8
2026-01-31 09:00:00,2026,1,31,9,Hà Nội,Phường Tương Mai,20.9899896,105.8530145,115,Unhealthy for Sensitive Groups,2,18.4,81,0.7,20.4,46,1021.6,100,22.1,22.3,783.0,23.8,28.0,31.2
2026-01-31 10:00:00,2026,1,31,10,Hà Nội,Phường Tương Mai,20.9899896,105.8530145,114,Unhealthy for Sensitive Groups,2,18.5,76,0.4,16.3,54,1022.3,100,17.9,18.0,804.0,18.0,36.0,31.6
2026-01-31 11:00:00,2026,1,31,11,Hà Nội,Phường Tương Mai,20.9899896,105.8530145,114,Unhealthy for Sensitive Groups,2,18.6,69,0.0,15.0,43,1022.1,100,15.5,15.7,819.0,15.0,51.0,31.7
2026-01-31 12:00:00,2026,1,31,12,Hà Nội,Phường Tương Mai,20.9899896,105.8530145,113,Unhealthy for Sensitive Groups,2,19.6,65,0.0,14.0,43,1021.0,84,16.5,16.6,827.0,13.3,70.0,31.7
2026-01-31 13:00:00,2026,1,31,13,Hà Nội,Phường Tương Mai,20.9899896,105.8530145,113,Unhealthy for Sensitive Groups,2,20.0,65,0.0,12.5,36,1019.8,99,18.0,18.2,822.0,12.5,86.0,31.7
2026-01-31 14:00:00,2026,1,31,14,Hà Nội,Phường Tương Mai,20.9899896,105.8530145,113,Unhealthy for Sensitive Groups,2,21.0,62,0.0,10.7,42,1018.9,100,20.5,20.8,767.0,11.4,101.0,31.3
2026-01-31 15:00:00,2026,1,31,15,Hà Nội,Phường Tương Mai,20.9899896,105.8530145,113,Unhealthy for Sensitive Groups,2,21.4,61,0.0,9.2,50,1018.4,100,22.9,23.3,700.0,11.0,113.0,30.9
2026-01-31 16:00:00,2026,1,31,16,Hà Nội,Phường Tương Mai,20.9899896,105.8530145,114,Unhealthy for Sensitive Groups,2,21.5,61,0.0,8.7,53,1018.3,99,24.1,24.5,729.0,14.1,115.0,31.3
2026-01-31 17:00:00,2026,1,31,17,Hà Nội,Phường Tương Mai,20.9899896,105.8530145,114,Unhealthy for Sensitive Groups,2,20.9,66,0.0,6.7,31,1018.6,99,25.3,25.7,965.0,23.8,97.0,33.3
2026-01-31 18:00:00,2026,1,31,18,Hà Nội,Phường Tương Mai,20.9899896,105.8530145,115,Unhealthy for Sensitive Groups,2,19.6,70,0.0,9.4,8,1018.8,100,37.1,37.3,1298.0,37.0,69.0,36.2
2026-01-31 19:00:00,2026,1,31,19,Hà Nội,Phường Tương Mai,20.9899896,105.8530145,117,Unhealthy for Sensitive Groups,2,19.2,71,0.0,11.6,354,1018.9,2,42.0,42.0,1508.0,45.4,33.0,40.8
2026-01-31 20:00:00,2026,1,31,20,Hà Nội,Phường Tương Mai,20.9899896,105.8530145,118,Unhealthy for Sensitive Groups,2,17.9,72,0.0,11.4,16,1019.7,5,42.8,42.8,1466.0,45.7,28.0,41.3
2026-01-31 21:00:00,2026,1,31,21,Hà Nội,Phường Tương Mai,20.9899896,105.8530145,118,Unhealthy for Sensitive Groups,2,17.3,75,0.0,9.8,41,1020.1,100,43.3,43.3,1301.0,45.9,20.0,41.8
2026-01-31 22:00:00,2026,1,31,22,Hà Nội,Phường Tương Mai,20.9899896,105.8530145,119,Unhealthy for Sensitive Groups,2,17.1,77,0.0,9.9,46,1020.6,96,46.3,46.4,1185.0,45.4,15.0,41.5
2026-01-31 23:00:00,2026,1,31,23,Hà Nội,Phường Tương Mai,20.9899896,105.8530145,120,Unhealthy for Sensitive Groups,2,16.9,77,0.0,8.2,49,1020.6,97,47.1,47.1,1206.0,43.6,13.0,39.6
2026-02-01 00:00:00,2026,2,1,0,Hà Nội,Phường Tương Mai,20.9899896,105.8530145,120,Unhealthy for Sensitive Groups,2,16.6,78,0.0,6.4,47,1020.3,100,44.0,44.1,1276.0,41.0,13.0,36.8
2026-02-01 01:00:00,2026,2,1,1,Hà Nội,Phường Tương Mai,20.9899896,105.8530145,119,Unhealthy for Sensitive Groups,2,17.1,79,0.0,6.6,49,1020.2,100,40.6,40.6,1300.0,38.3,14.0,34.5
2026-02-01 02:00:00,2026,2,1,2,Hà Nội,Phường Tương Mai,20.9899896,105.8530145,116,Unhealthy for Sensitive Groups,2,17.0,78,0.0,6.7,38,1019.6,100,36.9,36.9,1226.0,35.2,16.0,33.2
2026-02-01 03:00:00,2026,2,1,3,Hà Nội,Phường Tương Mai,20.9899896,105.8530145,111,Unhealthy for Sensitive Groups,2,16.6,75,0.0,8.3,34,1019.6,100,33.3,33.4,1106.0,32.0,20.0,32.4
2026-02-01 04:00:00,2026,2,1,4,Hà Nội,Phường Tương Mai,20.9899896,105.8530145,105,Unhealthy for Sensitive Groups,2,16.4,73,0.0,8.6,37,1019.7,100,30.4,30.5,1007.0,29.8,22.0,32.3
2026-02-01 05:00:00,2026,2,1,5,Hà Nội,Phường Tương Mai,20.9899896,105.8530145,100,Moderate,1,16.0,73,0.0,9.5,39,1020.0,100,27.6,27.8,954.0,29.7,22.0,33.1
2026-02-01 06:00:00,2026,2,1,6,Hà Nội,Phường Tương Mai,20.9899896,105.8530145,96,Moderate,1,15.9,71,0.0,8.8,43,1021.1,100,26.2,26.3,922.0,30.6,22.0,34.6
2026-02-01 07:00:00,2026,2,1,7,Hà Nội,Phường Tương Mai,20.9899896,105.8530145,93,Moderate,1,15.8,74,0.0,8.5,48,1021.8,100,30.5,30.7,898.0,35.4,17.0,37.0
2026-02-01 08:00:00,2026,2,1,8,Hà Nội,Phường Tương Mai,20.9899896,105.8530145,91,Moderate,1,15.9,71,0.0,8.1,45,1022.5,100,25.6,25.7,882.0,32.7,23.0,37.5
2026-02-01 09:00:00,2026,2,1,9,Hà Nội,Phường Tương Mai,20.9899896,105.8530145,90,Moderate,1,16.2,70,0.0,7.8,42,1023.5,100,23.1,23.3,874.0,29.0,32.0,38.0
2026-02-01 10:00:00,2026,2,1,10,Hà Nội,Phường Tương Mai,20.9899896,105.8530145,90,Moderate,1,17.1,68,0.0,6.6,37,1024.0,100,22.2,22.5,861.0,25.7,41.0,38.1
2026-02-01 11:00:00,2026,2,1,11,Hà Nội,Phường Tương Mai,20.9899896,105.8530145,90,Moderate,1,17.6,66,0.0,6.0,27,1023.4,100,22.9,23.2,833.0,23.4,51.0,37.2
2026-02-01 12:00:00,2026,2,1,12,Hà Nội,Phường Tương Mai,20.9899896,105.8530145,91,Moderate,1,18.3,64,0.0,5.8,14,1022.3,100,25.3,25.6,799.0,21.6,62.0,35.7
2026-02-01 13:00:00,2026,2,1,13,Hà Nội,Phường Tương Mai,20.9899896,105.8530145,92,Moderate,1,19.2,64,0.0,5.8,2,1020.9,100,27.6,28.2,775.0,20.5,71.0,34.6
2026-02-01 14:00:00,2026,2,1,14,Hà Nội,Phường Tương Mai,20.9899896,105.8530145,93,Moderate,1,19.9,61,0.0,4.1,15,1019.9,100,29.6,30.2,689.0,19.3,79.0,33.8
2026-02-01 15:00:00,2026,2,1,15,Hà Nội,Phường Tương Mai,20.9899896,105.8530145,93,Moderate,1,20.2,60,0.0,2.4,42,1019.5,96,31.2,31.9,613.0,18.9,86.0,33.3
2026-02-01 16:00:00,2026,2,1,16,Hà Nội,Phường Tương Mai,20.9899896,105.8530145,94,Moderate,1,20.4,59,0.0,2.6,51,1019.3,45,33.2,33.9,776.0,22.0,85.0,34.0
2026-02-01 17:00:00,2026,2,1,17,Hà Nội,Phường Tương Mai,20.9899896,105.8530145,95,Moderate,1,20.1,62,0.0,2.0,63,1019.5,25,35.9,36.6,1465.0,31.7,70.0,36.7
2026-02-01 18:00:00,2026,2,1,18,Hà Nội,Phường Tương Mai,20.9899896,105.8530145,96,Moderate,1,19.0,73,0.0,2.6,51,1019.7,25,50.4,50.9,2394.0,45.0,47.0,40.7
2026-02-01 19:00:00,2026,2,1,19,Hà Nội,Phường Tương Mai,20.9899896,105.8530145,97,Moderate,1,18.9,74,0.0,1.9,29,1019.9,20,81.7,82.7,2928.0,62.3,27.0,42.1
2026-02-01 20:00:00,2026,2,1,20,Hà Nội,Phường Tương Mai,20.9899896,105.8530145,101,Unhealthy for Sensitive Groups,2,18.0,76,0.0,7.0,77,1020.5,13,96.2,96.9,2694.0,60.9,26.0,43.1
2026-02-01 21:00:00,2026,2,1,21,Hà Nội,Phường Tương Mai,20.9899896,105.8530145,106,Unhealthy for Sensitive Groups,2,16.9,81,0.0,8.7,112,1021.0,13,96.4,96.9,2066.0,58.8,24.0,44.3
2026-02-01 22:00:00,2026,2,1,22,Hà Nội,Phường Tương Mai,20.9899896,105.8530145,112,Unhealthy for Sensitive Groups,2,16.0,85,0.0,6.0,119,1021.1,13,88.9,89.2,1531.0,56.5,22.0,44.4
2026-02-01 23:00:00,2026,2,1,23,Hà Nội,Phường Tương Mai,20.9899896,105.8530145,116,Unhealthy for Sensitive Groups,2,15.5,88,0.0,4.4,128,1021.2,13,86.1,86.6,1274.0,54.4,21.0,42.7
2026-02-02 00:00:00,2026,2,2,0,Hà Nội,Phường Tương Mai,20.9899896,105.8530145,120,Unhealthy for Sensitive Groups,2,15.1,90,0.0,3.1,90,1021.2,18,85.4,85.7,1109.0,52.1,21.0,39.9
2026-02-02 01:00:00,2026,2,2,1,Hà Nội,Phường Tương Mai,20.9899896,105.8530145,125,Unhealthy for Sensitive Groups,2,15.2,90,0.0,3.5,75,1021.1,66,87.5,87.8,968.0,49.1,21.0,37.1
2026-02-02 02:00:00,2026,2,2,2,Hà Nội,Phường Tương Mai,20.9899896,105.8530145,129,Unhealthy for Sensitive Groups,2,15.7,89,0.0,6.2,44,1021.1,100,87.1,87.5,812.0,45.0,22.0,34.3
2026-02-02 03:00:00,2026,2,2,3,Hà Nội,Phường Tương Mai,20.9899896,105.8530145,135,Unhealthy for Sensitive Groups,2,15.8,87,0.0,8.0,27,1021.4,100,74.5,74.7,679.0,40.2,24.0,31.4
2026-02-02 04:00:00,2026,2,2,4,Hà Nội,Phường Tương Mai,20.9899896,105.8530145,139,Unhealthy for Sensitive Groups,2,15.6,72,0.0,10.7,33,1021.4,100,59.4,59.8,614.0,35.9,26.0,29.7
2026-02-02 05:00:00,2026,2,2,5,Hà Nội,Phường Tương Mai,20.9899896,105.8530145,142,Unhealthy for Sensitive Groups,2,15.6,69,0.0,11.2,35,1022.0,100,51.9,52.4,668.0,32.5,28.0,29.8
2026-02-02 06:00:00,2026,2,2,6,Hà Nội,Phường Tương Mai,20.9899896,105.8530145,144,Unhealthy for Sensitive Groups,2,15.4,70,0.0,10.5,37,1022.8,100,48.3,48.9,789.0,29.6,30.0,30.9
2026-02-02 07:00:00,2026,2,2,7,Hà Nội,Phường Tương Mai,20.9899896,105.8530145,147,Unhealthy for Sensitive Groups,2,14.9,77,0.0,9.1,32,1023.7,100,47.7,48.2,868.0,29.5,30.0,32.5
2026-02-02 08:00:00,2026,2,2,8,Hà Nội,Phường Tương Mai,20.9899896,105.8530145,149,Unhealthy for Sensitive Groups,2,15.1,75,0.0,8.7,32,1024.8,100,47.6,48.2,851.0,28.9,32.0,33.6
2026-02-02 09:00:00,2026,2,2,9,Hà Nội,Phường Tương Mai,20.9899896,105.8530145,150,Unhealthy for Sensitive Groups,2,15.4,70,0.0,9.7,34,1025.6,100,48.7,49.5,792.0,28.0,36.0,35.1
2026-02-02 10:00:00,2026,2,2,10,Hà Nội,Phường Tương Mai,20.9899896,105.8530145,151,Unhealthy,3,15.9,66,0.0,9.7,35,1025.8,100,56.3,57.4,742.0,27.1,40.0,35.9
2026-02-02 11:00:00,2026,2,2,11,Hà Nội,Phường Tương Mai,20.9899896,105.8530145,151,Unhealthy,3,16.5,65,0.0,9.3,28,1025.2,100,62.2,63.6,716.0,26.0,45.0,35.3
2026-02-02 12:00:00,2026,2,2,12,Hà Nội,Phường Tương Mai,20.9899896,105.8530145,152,Unhealthy,3,16.6,65,0.0,8.7,17,1024.3,100,65.4,66.8,699.0,24.7,50.0,34.1
2026-02-02 13:00:00,2026,2,2,13,Hà Nội,Phường Tương Mai,20.9899896,105.8530145,153,Unhealthy,3,17.4,64,0.0,8.7,6,1023.3,100,66.1,67.8,693.0,24.0,54.0,33.1
2026-02-02 14:00:00,2026,2,2,14,Hà Nội,Phường Tương Mai,20.9899896,105.8530145,154,Unhealthy,3,17.8,63,0.0,8.9,7,1022.2,98,66.8,68.2,664.0,23.0,58.0,32.6
2026-02-02 15:00:00,2026,2,2,15,Hà Nội,Phường Tương Mai,20.9899896,105.8530145,155,Unhealthy,3,18.2,61,0.0,7.9,13,1021.6,87,66.6,68.0,645.0,22.5,61.0,32.4
2026-02-02 16:00:00,2026,2,2,16,Hà Nội,Phường Tương Mai,20.9899896,105.8530145,156,Unhealthy,3,18.5,60,0.0,7.8,13,1021.3,65,66.4,67.8,742.0,25.1,59.0,33.0
2026-02-02 17:00:00,2026,2,2,17,Hà Nội,Phường Tương Mai,20.9899896,105.8530145,156,Unhealthy,3,18.0,63,0.0,7.0,360,1021.4,46,67.1,68.2,1061.0,33.5,48.0,34.9
2026-02-02 18:00:00,2026,2,2,18,Hà Nội,Phường Tương Mai,20.9899896,105.8530145,157,Unhealthy,3,16.6,72,0.0,7.5,323,1021.5,30,78.9,79.9,1495.0,45.1,31.0,37.6
2026-02-02 19:00:00,2026,2,2,19,Hà Nội,Phường Tương Mai,20.9899896,105.8530145,158,Unhealthy,3,16.0,77,0.0,6.0,343,1022.3,73,84.3,85.0,1831.0,53.0,18.0,42.2
2026-02-02 20:00:00,2026,2,2,20,Hà Nội,Phường Tương Mai,20.9899896,105.8530145,158,Unhealthy,3,15.9,78,0.0,5.1,342,1022.9,59,88.2,88.9,1996.0,54.3,15.0,43.8
2026-02-02 21:00:00,2026,2,2,21,Hà Nội,Phường Tương Mai,20.9899896,105.8530145,158,Unhealthy,3,15.8,79,0.0,5.5,333,1023.1,17,90.8,91.5,2061.0,56.2,12.0,46.0
2026-02-02 22:00:00,2026,2,2,22,Hà Nội,Phường Tương Mai,20.9899896,105.8530145,157,Unhealthy,3,15.1,82,0.0,5.7,332,1023.1,69,95.7,96.6,2029.0,58.0,8.0,48.4
2026-02-02 23:00:00,2026,2,2,23,Hà Nội,Phường Tương Mai,20.9899896,105.8530145,158,Unhealthy,3,14.4,86,0.0,4.1,326,1022.9,58,104.8,105.7,1846.0,59.7,5.0,51.3
2026-02-03 00:00:00,2026,2,3,0,Hà Nội,Phường Tương Mai,20.9899896,105.8530145,158,Unhealthy,3,13.9,89,0.0,3.3,331,1022.5,70,116.2,117.1,1566.0,61.3,2.0,54.4
2026-02-03 01:00:00,2026,2,3,1,Hà Nội,Phường Tương Mai,20.9899896,105.8530145,159,Unhealthy,3,13.9,91,0.0,4.2,355,1022.3,48,127.1,128.1,1348.0,61.7,0.0,56.0
2026-02-03 02:00:00,2026,2,3,2,Hà Nội,Phường Tương Mai,20.9899896,105.8530145,160,Unhealthy,3,14.1,90,0.0,6.0,355,1021.9,55,135.0,136.0,1239.0,60.3,0.0,54.9
2026-02-03 03:00:00,2026,2,3,3,Hà Nội,Phường Tương Mai,20.9899896,105.8530145,161,Unhealthy,3,13.7,90,0.0,6.3,340,1021.8,51,138.3,139.2,1193.0,57.8,0.0,52.5
2026-02-03 04:00:00,2026,2,3,4,Hà Nội,Phường Tương Mai,20.9899896,105.8530145,162,Unhealthy,3,13.4,90,0.0,7.0,342,1021.6,88,136.0,136.9,1228.0,55.0,0.0,50.8
2026-02-03 05:00:00,2026,2,3,5,Hà Nội,Phường Tương Mai,20.9899896,105.8530145,164,Unhealthy,3,13.1,89,0.0,5.9,342,1021.8,93,131.3,132.7,1426.0,52.5,0.0,51.2
2026-02-03 06:00:00,2026,2,3,6,Hà Nội,Phường Tương Mai,20.9899896,105.8530145,165,Unhealthy,3,12.8,90,0.0,5.3,342,1022.5,44,129.9,130.9,1705.0,49.8,0.0,52.5
2026-02-03 07:00:00,2026,2,3,7,Hà Nội,Phường Tương Mai,20.9899896,105.8530145,167,Unhealthy,3,13.5,91,0.0,6.0,343,1023.2,95,147.6,149.0,1837.0,47.5,5.0,55.1
2026-02-03 08:00:00,2026,2,3,8,Hà Nội,Phường Tương Mai,20.9899896,105.8530145,169,Unhealthy,3,14.6,85,0.0,4.0,360,1023.7,100,133.6,134.1,1688.0,43.1,21.0,54.0
2026-02-03 09:00:00,2026,2,3,9,Hà Nội,Phường Tương Mai,20.9899896,105.8530145,171,Unhealthy,3,16.1,74,0.0,3.8,8,1024.4,99,99.7,100.6,1393.0,36.7,44.0,52.0
2026-02-03 10:00:00,2026,2,3,10,Hà Nội,Phường Tương Mai,20.9899896,105.8530145,172,Unhealthy,3,17.0,68,0.0,3.4,16,1024.8,99,73.8,74.7,1128.0,30.4,67.0,48.2
2026-02-03 11:00:00,2026,2,3,11,Hà Nội,Phường Tương Mai,20.9899896,105.8530145,173,Unhealthy,3,18.4,65,0.0,1.9,34,1023.9,100,59.3,60.3,950.0,24.0,91.0,40.5
2026-02-03 12:00:00,2026,2,3,12,Hà Nội,Phường Tương Mai,20.9899896,105.8530145,173,Unhealthy,3,19.7,60,0.0,3.7,104,1022.7,97,52.3,53.0,803.0,17.5,116.0,30.9
2026-02-03 13:00:00,2026,2,3,13,Hà Nội,Phường Tương Mai,20.9899896,105.8530145,172,Unhealthy,3,21.0,56,0.0,4.1,165,1021.4,100,48.5,49.4,697.0,13.4,132.0,24.0
2026-02-03 14:00:00,2026,2,3,14,Hà Nội,Phường Tương Mai,20.9899896,105.8530145,172,Unhealthy,3,21.5,55,0.0,5.5,167,1020.0,100,50.1,50.9,640.0,12.4,135.0,22.0
2026-02-03 15:00:00,2026,2,3,15,Hà Nội,Phường Tương Mai,20.9899896,105.8530145,172,Unhealthy,3,21.8,54,0.0,7.0,157,1019.3,100,52.3,53.0,624.0,13.7,128.0,22.8
2026-02-03 16:00:00,2026,2,3,16,Hà Nội,Phường Tương Mai,20.9899896,105.8530145,171,Unhealthy,3,21.5,56,0.0,7.3,152,1019.0,100,53.7,54.4,638.0,17.3,118.0,24.3
2026-02-03 17:00:00,2026,2,3,17,Hà Nội,Phường Tương Mai,20.9899896,105.8530145,171,Unhealthy,3,20.6,64,0.0,5.4,138,1018.8,62,56.3,57.2,695.0,24.9,102.0,26.6
2026-02-03 18:00:00,2026,2,3,18,Hà Nội,Phường Tương Mai,20.9899896,105.8530145,171,Unhealthy,3,19.3,69,0.0,7.6,126,1018.7,70,65.2,65.9,783.0,34.8,81.0,29.7
2026-02-03 19:00:00,2026,2,3,19,Hà Nội,Phường Tương Mai,20.9899896,105.8530145,171,Unhealthy,3,19.5,71,0.0,10.1,121,1018.9,50,100.6,101.3,851.0,60.3,33.0,38.6
2026-02-03 20:00:00,2026,2,3,20,Hà Nội,Phường Tương Mai,20.9899896,105.8530145,171,Unhealthy,3,18.5,76,0.0,10.7,130,1019.3,48,108.7,109.7,876.0,57.1,33.0,38.4
2026-02-03 21:00:00,2026,2,3,21,Hà Nội,Phường Tương Mai,20.9899896,105.8530145,171,Unhealthy,3,17.5,82,0.0,9.6,139,1019.8,63,105.2,105.9,882.0,52.6,33.0,38.1
2026-02-03 22:00:00,2026,2,3,22,Hà Nội,Phường Tương Mai,20.9899896,105.8530145,172,Unhealthy,3,16.8,86,0.0,8.8,149,1019.9,62,96.6,97.3,886.0,48.7,33.0,37.4
2026-02-03 23:00:00,2026,2,3,23,Hà Nội,Phường Tương Mai,20.9899896,105.8530145,172,Unhealthy,3,16.0,90,0.0,8.3,160,1019.5,18,91.0,91.7,896.0,45.8,34.0,35.9
2026-02-04 00:00:00,2026,2,4,0,Hà Nội,Phường Tương Mai,20.9899896,105.8530145,171,Unhealthy,3,15.6,92,0.0,7.8,161,1019.0,0,89.9,90.6,905.0,43.5,35.0,34.1
2026-02-04 01:00:00,2026,2,4,1,Hà Nội,Phường Tương Mai,20.9899896,105.8530145,171,Unhealthy,3,15.8,93,0.0,8.1,159,1018.0,1,92.9,93.6,908.0,42.1,35.0,32.8
2026-02-04 02:00:00,2026,2,4,2,Hà Nội,Phường Tương Mai,20.9899896,105.8530145,170,Unhealthy,3,15.8,94,0.0,7.0,159,1017.4,0,98.3,99.2,892.0,42.1,33.0,33.0
2026-02-04 03:00:00,2026,2,4,3,Hà Nội,Phường Tương Mai,20.9899896,105.8530145,169,Unhealthy,3,15.5,96,0.0,6.8,145,1017.1,0,107.1,107.8,871.0,43.0,29.0,33.8
2026-02-04 04:00:00,2026,2,4,4,Hà Nội,Phường Tương Mai,20.9899896,105.8530145,169,Unhealthy,3,15.2,97,0.0,7.7,139,1017.0,2,117.6,118.5,884.0,43.5,24.0,33.5
2026-02-04 05:00:00,2026,2,4,5,Hà Nội,Phường Tương Mai,20.9899896,105.8530145,168,Unhealthy,3,15.1,97,0.0,7.4,139,1017.3,16,130.4,131.3,983.0,43.4,15.0,30.1
2026-02-04 06:00:00,2026,2,4,6,Hà Nội,Phường Tương Mai,20.9899896,105.8530145,168,Unhealthy,3,15.1,97,0.0,6.6,139,1017.8,100,156.9,157.9,1116.0,43.0,6.0,25.6
2026-02-04 07:00:00,2026,2,4,7,Hà Nội,Phường Tương Mai,20.9899896,105.8530145,169,Unhealthy,3,15.9,97,0.0,6.0,136,1018.2,100,176.5,177.9,1170.0,39.2,12.0,21.3
2026-02-04 08:00:00,2026,2,4,8,Hà Nội,Phường Tương Mai,20.9899896,105.8530145,169,Unhealthy,3,16.8,95,0.0,7.6,153,1018.8,100,159.3,160.2,1072.0,37.6,33.0,30.1
2026-02-04 09:00:00,2026,2,4,9,Hà Nội,Phường Tương Mai,20.9899896,105.8530145,170,Unhealthy,3,17.4,94,0.0,8.5,153,1019.5,100,116.6,117.8,896.0,35.1,61.0,42.2
2026-02-04 10:00:00,2026,2,4,10,Hà Nội,Phường Tương Mai,20.9899896,105.8530145,170,Unhealthy,3,19.2,82,0.1,10.4,172,1019.4,100,78.9,80.6,747.0,32.3,84.0,49.7
2026-02-04 11:00:00,2026,2,4,11,Hà Nội,Phường Tương Mai,20.9899896,105.8530145,170,Unhealthy,3,20.8,74,0.0,10.3,187,1018.3,100,58.9,60.5,663.0,28.7,94.0,48.6
2026-02-04 12:00:00,2026,2,4,12,Hà Nội,Phường Tương Mai,20.9899896,105.8530145,170,Unhealthy,3,21.4,71,0.0,10.3,187,1016.8,100,60.5,61.9,607.0,24.7,98.0,43.1
2026-02-04 13:00:00,2026,2,4,13,Hà Nội,Phường Tương Mai,20.9899896,105.8530145,171,Unhealthy,3,22.2,67,0.0,10.2,170,1015.6,100,62.4,63.8,572.0,21.5,101.0,38.0
2026-02-04 14:00:00,2026,2,4,14,Hà Nội,Phường Tương Mai,20.9899896,105.8530145,171,Unhealthy,3,23.0,65,0.0,8.9,161,1014.4,100,60.1,61.2,560.0,19.3,107.0,35.1
2026-02-04 15:00:00,2026,2,4,15,Hà Nội,Phường Tương Mai,20.9899896,105.8530145,171,Unhealthy,3,23.4,63,0.0,9.8,154,1013.3,100,57.7,58.8,568.0,18.0,112.0,32.7
2026-02-04 16:00:00,2026,2,4,16,Hà Nội,Phường Tương Mai,20.9899896,105.8530145,171,Unhealthy,3,23.2,64,0.0,11.3,146,1012.9,34,55.6,56.7,588.0,18.2,113.0,30.7
2026-02-04 17:00:00,2026,2,4,17,Hà Nội,Phường Tương Mai,20.9899896,105.8530145,171,Unhealthy,3,22.7,67,0.0,9.7,135,1012.6,3,55.1,56.0,621.0,21.2,106.0,29.0
2026-02-04 18:00:00,2026,2,4,18,Hà Nội,Phường Tương Mai,20.9899896,105.8530145,171,Unhealthy,3,21.0,74,0.0,8.3,134,1013.0,3,56.3,57.0,665.0,25.7,95.0,27.7
2026-02-04 19:00:00,2026,2,4,19,Hà Nội,Phường Tương Mai,20.9899896,105.8530145,171,Unhealthy,3,20.1,78,0.0,12.5,139,1014.1,13,47.4,47.5,702.0,36.0,71.0,29.0
2026-02-04 20:00:00,2026,2,4,20,Hà Nội,Phường Tương Mai,20.9899896,105.8530145,170,Unhealthy,3,19.6,83,0.0,13.4,153,1014.7,0,40.6,41.0,730.0,33.3,72.0,27.3
2026-02-04 21:00:00,2026,2,4,21,Hà Nội,Phường Tương Mai,20.9899896,105.8530145,168,Unhealthy,3,18.8,88,0.0,11.8,153,1015.2,1,38.5,39.0,752.0,29.5,72.0,25.0
2026-02-04 22:00:00,2026,2,4,22,Hà Nội,Phường Tương Mai,20.9899896,105.8530145,167,Unhealthy,3,18.1,93,0.0,10.1,153,1015.3,4,40.9,41.4,759.0,26.7,72.0,23.1
2026-02-04 23:00:00,2026,2,4,23,Hà Nội,Phường Tương Mai,20.9899896,105.8530145,166,Unhealthy,3,17.5,96,0.0,10.3,151,1015.1,16,43.3,44.0,745.0,25.7,70.0,22.2
2026-02-05 00:00:00,2026,2,5,0,Hà Nội,Phường Tương Mai,20.9899896,105.8530145,165,Unhealthy,3,17.4,97,0.0,9.7,153,1014.8,23,43.9,44.6,716.0,25.7,66.0,21.8
2026-02-05 01:00:00,2026,2,5,1,Hà Nội,Phường Tương Mai,20.9899896,105.8530145,164,Unhealthy,3,18.1,98,0.0,9.5,159,1014.4,100,44.1,44.9,687.0,25.6,63.0,21.6
2026-02-05 02:00:00,2026,2,5,2,Hà Nội,Phường Tương Mai,20.9899896,105.8530145,163,Unhealthy,3,18.3,98,0.0,8.4,161,1013.8,100,44.5,45.4,648.0,24.7,62.0,21.4
2026-02-05 03:00:00,2026,2,5,3,Hà Nội,Phường Tương Mai,20.9899896,105.8530145,161,Unhealthy,3,18.1,99,0.0,7.0,159,1013.3,100,45.4,46.4,608.0,23.8,61.0,21.4
2026-02-05 04:00:00,2026,2,5,4,Hà Nội,Phường Tương Mai,20.9899896,105.8530145,160,Unhealthy,3,18.2,98,0.0,7.0,151,1013.0,100,46.6,47.6,616.0,24.0,59.0,21.9
2026-02-05 05:00:00,2026,2,5,5,Hà Nội,Phường Tương Mai,20.9899896,105.8530145,159,Unhealthy,3,18.2,97,0.0,6.6,147,1013.1,100,47.5,48.8,724.0,26.6,54.0,23.1
2026-02-05 06:00:00,2026,2,5,6,Hà Nội,Phường Tương Mai,20.9899896,105.8530145,157,Unhealthy,3,18.5,96,0.0,6.0,147,1013.5,100,49.6,50.9,879.0,30.4,47.0,24.8
2026-02-05 07:00:00,2026,2,5,7,Hà Nội,Phường Tương Mai,20.9899896,105.8530145,154,Unhealthy,3,18.2,97,0.0,4.7,133,1014.2,100,72.4,74.3,969.0,39.2,32.0,30.1
2026-02-05 08:00:00,2026,2,5,8,Hà Nội,Phường Tương Mai,20.9899896,105.8530145,152,Unhealthy,3,19.1,94,0.0,5.6,147,1014.8,100,64.0,66.8,932.0,35.9,39.0,31.0
2026-02-05 09:00:00,2026,2,5,9,Hà Nội,Phường Tương Mai,20.9899896,105.8530145,150,Unhealthy for Sensitive Groups,2,19.5,92,0.0,5.5,161,1015.3,100,57.3,60.3,831.0,31.3,49.0,32.1
2026-02-05 10:00:00,2026,2,5,10,Hà Nội,Phường Tương Mai,20.9899896,105.8530145,144,Unhealthy for Sensitive Groups,2,20.4,89,0.1,5.8,189,1015.5,100,48.8,51.0,734.0,27.0,60.0,32.7
2026-02-05 11:00:00,2026,2,5,11,Hà Nội,Phường Tương Mai,20.9899896,105.8530145,141,Unhealthy for Sensitive Groups,2,21.0,86,0.0,6.5,185,1014.6,100,45.9,47.8,662.0,23.4,70.0,32.4
2026-02-05 12:00:00,2026,2,5,12,Hà Nội,Phường Tương Mai,20.9899896,105.8530145,139,Unhealthy for Sensitive Groups,2,22.6,78,0.1,8.8,176,1013.3,100,43.9,45.6,595.0,20.1,81.0,31.4
2026-02-05 13:00:00,2026,2,5,13,Hà Nội,Phường Tương Mai,20.9899896,105.8530145,137,Unhealthy for Sensitive Groups,2,23.5,74,0.2,7.6,173,1012.1,96,41.9,43.3,547.0,17.3,91.0,29.9
2026-02-05 14:00:00,2026,2,5,14,Hà Nội,Phường Tương Mai,20.9899896,105.8530145,135,Unhealthy for Sensitive Groups,2,24.9,68,0.0,8.0,174,1010.9,84,40.6,41.9,525.0,14.5,102.0,27.4
2026-02-05 15:00:00,2026,2,5,15,Hà Nội,Phường Tương Mai,20.9899896,105.8530145,133,Unhealthy for Sensitive Groups,2,25.8,64,0.0,8.3,162,1010.2,52,38.4,39.5,520.0,12.2,111.0,24.2
2026-02-05 16:00:00,2026,2,5,16,Hà Nội,Phường Tương Mai,20.9899896,105.8530145,131,Unhealthy for Sensitive Groups,2,26.0,63,0.0,11.2,140,1010.1,95,35.4,36.3,525.0,11.9,113.0,21.9
2026-02-05 17:00:00,2026,2,5,17,Hà Nội,Phường Tương Mai,20.9899896,105.8530145,129,Unhealthy for Sensitive Groups,2,24.9,68,0.0,13.1,136,1010.1,13,33.3,34.2,540.0,15.3,101.0,21.1
2026-02-05 18:00:00,2026,2,5,18,Hà Nội,Phường Tương Mai,20.9899896,105.8530145,127,Unhealthy for Sensitive Groups,2,23.0,74,0.0,13.7,148,1010.5,1,31.3,32.2,564.0,20.7,81.0,21.1
2026-02-05 19:00:00,2026,2,5,19,Hà Nội,Phường Tương Mai,20.9899896,105.8530145,124,Unhealthy for Sensitive Groups,2,21.9,83,0.0,14.5,144,1011.5,25,31.3,32.8,581.0,27.9,66.0,22.3
2026-02-05 20:00:00,2026,2,5,20,Hà Nội,Phường Tương Mai,20.9899896,105.8530145,123,Unhealthy for Sensitive Groups,2,21.1,88,0.0,12.8,146,1012.3,12,26.9,28.9,589.0,27.3,64.0,22.3
2026-02-05 21:00:00,2026,2,5,21,Hà Nội,Phường Tương Mai,20.9899896,105.8530145,121,Unhealthy for Sensitive Groups,2,20.5,93,0.0,11.3,155,1013.0,69,27.2,29.7,591.0,26.4,60.0,22.3
2026-02-05 22:00:00,2026,2,5,22,Hà Nội,Phường Tương Mai,20.9899896,105.8530145,120,Unhealthy for Sensitive Groups,2,20.2,96,0.0,11.3,155,1013.3,100,29.7,32.6,582.0,25.6,57.0,22.2
2026-02-05 23:00:00,2026,2,5,23,Hà Nội,Phường Tương Mai,20.9899896,105.8530145,119,Unhealthy for Sensitive Groups,2,20.6,96,0.0,11.9,157,1012.9,100,33.2,36.0,556.0,25.0,54.0,22.0
2026-02-06 00:00:00,2026,2,6,0,Hà Nội,Phường Tương Mai,20.9899896,105.8530145,118,Unhealthy for Sensitive Groups,2,21.0,95,0.0,11.3,158,1012.5,100,36.8,39.2,519.0,24.5,51.0,21.6
2026-02-06 01:00:00,2026,2,6,1,Hà Nội,Phường Tương Mai,20.9899896,105.8530145,117,Unhealthy for Sensitive Groups,2,20.9,96,0.0,9.6,159,1012.3,100,38.9,41.3,488.0,24.1,48.0,21.5
2026-02-06 02:00:00,2026,2,6,2,Hà Nội,Phường Tương Mai,20.9899896,105.8530145,117,Unhealthy for Sensitive Groups,2,21.0,95,0.0,8.9,159,1011.9,100,40.3,42.8,451.0,23.6,46.0,21.5
2026-02-06 03:00:00,2026,2,6,3,Hà Nội,Phường Tương Mai,20.9899896,105.8530145,116,Unhealthy for Sensitive Groups,2,20.8,96,0.0,8.0,162,1011.3,100,41.0,43.7,419.0,23.3,45.0,21.6
2026-02-06 04:00:00,2026,2,6,4,Hà Nội,Phường Tương Mai,20.9899896,105.8530145,116,Unhealthy for Sensitive Groups,2,20.6,97,0.0,7.5,160,1011.3,100,41.4,44.1,448.0,24.1,42.0,22.3
2026-02-06 05:00:00,2026,2,6,5,Hà Nội,Phường Tương Mai,20.9899896,105.8530145,115,Unhealthy for Sensitive Groups,2,20.5,98,0.0,7.3,155,1011.4,100,42.4,44.9,599.0,27.5,36.0,24.1
2026-02-06 06:00:00,2026,2,6,6,Hà Nội,Phường Tương Mai,20.9899896,105.8530145,115,Unhealthy for Sensitive Groups,2,20.5,97,0.0,7.2,143,1011.9,100,45.3,47.8,809.0,32.1,28.0,26.6
2026-02-06 07:00:00,2026,2,6,7,Hà Nội,Phường Tương Mai,20.9899896,105.8530145,114,Unhealthy for Sensitive Groups,2,20.6,98,0.0,4.6,162,1012.7,100,61.2,64.0,947.0,36.5,22.0,30.3
2026-02-06 08:00:00,2026,2,6,8,Hà Nội,Phường Tương Mai,20.9899896,105.8530145,113,Unhealthy for Sensitive Groups,2,21.1,94,0.1,5.7,198,1013.4,100,47.3,50.8,943.0,32.6,32.0,29.8
2026-02-06 09:00:00,2026,2,6,9,Hà Nội,Phường Tương Mai,20.9899896,105.8530145,111,Unhealthy for Sensitive Groups,2,21.9,87,0.1,5.1,219,1014.0,99,39.9,42.6,866.0,27.2,46.0,29.1
2026-02-06 10:00:00,2026,2,6,10,Hà Nội,Phường Tương Mai,20.9899896,105.8530145,109,Unhealthy for Sensitive Groups,2,23.0,81,0.0,3.6,243,1014.1,100,41.9,43.9,792.0,23.0,59.0,28.3
2026-02-06 11:00:00,2026,2,6,11,Hà Nội,Phường Tương Mai,20.9899896,105.8530145,109,Unhealthy for Sensitive Groups,2,24.0,76,0.1,1.5,263,1013.6,100,43.1,45.1,747.0,21.1,71.0,27.5
2026-02-06 12:00:00,2026,2,6,12,Hà Nội,Phường Tương Mai,20.9899896,105.8530145,108,Unhealthy for Sensitive Groups,2,24.5,73,0.0,1.0,112,1013.0,100,42.3,44.1,704.0,20.2,83.0,26.7
2026-02-06 13:00:00,2026,2,6,13,Hà Nội,Phường Tương Mai,20.9899896,105.8530145,108,Unhealthy for Sensitive Groups,2,24.9,71,0.0,4.0,108,1011.9,96,46.3,48.1,657.0,19.7,91.0,25.7
2026-02-06 14:00:00,2026,2,6,14,Hà Nội,Phường Tương Mai,20.9899896,105.8530145,109,Unhealthy for Sensitive Groups,2,26.1,66,0.0,5.8,116,1010.8,30,48.0,49.7,593.0,18.7,96.0,24.3
2026-02-06 15:00:00,2026,2,6,15,Hà Nội,Phường Tương Mai,20.9899896,105.8530145,109,Unhealthy for Sensitive Groups,2,26.2,64,0.0,7.6,126,1010.1,85,45.1,46.8,525.0,17.9,99.0,22.8
2026-02-06 16:00:00,2026,2,6,16,Hà Nội,Phường Tương Mai,20.9899896,105.8530145,110,Unhealthy for Sensitive Groups,2,26.0,67,0.0,11.4,125,1010.0,48,38.8,40.6,485.0,18.9,95.0,22.0
2026-02-06 17:00:00,2026,2,6,17,Hà Nội,Phường Tương Mai,20.9899896,105.8530145,111,Unhealthy for Sensitive Groups,2,24.3,77,0.0,15.1,125,1010.4,7,37.4,39.9,497.0,23.3,81.0,22.5
2026-02-06 18:00:00,2026,2,6,18,Hà Nội,Phường Tương Mai,20.9899896,105.8530145,111,Unhealthy for Sensitive Groups,2,22.8,84,0.0,14.7,131,1011.2,18,38.4,40.6,538.0,29.5,60.0,23.6
2026-02-06 19:00:00,2026,2,6,19,Hà Nội,Phường Tương Mai,20.9899896,105.8530145,112,Unhealthy for Sensitive Groups,2,22.1,90,0.0,13.6,129,1012.0,20,37.1,39.8,565.0,30.1,47.0,22.7
2026-02-06 20:00:00,2026,2,6,20,Hà Nội,Phường Tương Mai,20.9899896,105.8530145,112,Unhealthy for Sensitive Groups,2,21.6,93,0.0,12.7,135,1012.9,8,35.9,38.4,562.0,31.4,43.0,23.9
2026-02-06 21:00:00,2026,2,6,21,Hà Nội,Phường Tương Mai,20.9899896,105.8530145,113,Unhealthy for Sensitive Groups,2,21.0,96,0.0,11.5,138,1013.5,100,37.8,40.9,545.0,33.1,38.0,25.4
2026-02-06 22:00:00,2026,2,6,22,Hà Nội,Phường Tương Mai,20.9899896,105.8530145,114,Unhealthy for Sensitive Groups,2,20.9,98,0.0,10.2,135,1013.8,100,41.9,45.1,530.0,34.2,34.0,25.9
2026-02-06 23:00:00,2026,2,6,23,Hà Nội,Phường Tương Mai,20.9899896,105.8530145,116,Unhealthy for Sensitive Groups,2,21.0,97,0.0,10.2,134,1013.9,100,45.9,49.5,520.0,33.8,31.0,24.5
2026-02-07 00:00:00,2026,2,7,0,Hà Nội,Phường Tương Mai,20.9899896,105.8530145,117,Unhealthy for Sensitive Groups,2,21.0,96,0.0,9.7,133,1014.0,100,51.5,54.7,511.0,32.8,29.0,22.0
2026-02-07 01:00:00,2026,2,7,1,Hà Nội,Phường Tương Mai,20.9899896,105.8530145,118,Unhealthy for Sensitive Groups,2,20.9,99,0.0,11.1,140,1013.3,100,58.4,61.2,501.0,32.0,27.0,20.3
2026-02-07 02:00:00,2026,2,7,2,Hà Nội,Phường Tương Mai,20.9899896,105.8530145,120,Unhealthy for Sensitive Groups,2,20.9,99,0.0,9.5,143,1013.0,100,64.5,66.4,483.0,31.7,25.0,19.9
2026-02-07 03:00:00,2026,2,7,3,Hà Nội,Phường Tương Mai,20.9899896,105.8530145,123,Unhealthy for Sensitive Groups,2,20.7,99,0.0,9.1,144,1012.9,100,66.6,68.2,464.0,31.8,22.0,20.2
2026-02-07 04:00:00,2026,2,7,4,Hà Nội,Phường Tương Mai,20.9899896,105.8530145,126,Unhealthy for Sensitive Groups,2,20.5,99,0.0,7.9,133,1013.1,100,65.0,66.4,459.0,32.6,20.0,20.9
2026-02-07 05:00:00,2026,2,7,5,Hà Nội,Phường Tương Mai,20.9899896,105.8530145,128,Unhealthy for Sensitive Groups,2,20.5,99,0.1,9.1,126,1013.4,100,65.0,66.1,485.0,35.1,18.0,22.2
2026-02-07 06:00:00,2026,2,7,6,Hà Nội,Phường Tương Mai,20.9899896,105.8530145,130,Unhealthy for Sensitive Groups,2,20.3,99,0.0,10.5,123,1014.2,100,61.7,62.9,525.0,38.3,16.0,24.0
2026-02-07 07:00:00,2026,2,7,7,Hà Nội,Phường Tương Mai,20.9899896,105.8530145,132,Unhealthy for Sensitive Groups,2,20.2,98,0.0,9.3,119,1014.8,98,55.6,57.0,545.0,35.8,23.0,24.6
2026-02-07 08:00:00,2026,2,7,8,Hà Nội,Phường Tương Mai,20.9899896,105.8530145,132,Unhealthy for Sensitive Groups,2,21.2,93,0.0,11.0,130,1015.8,98,45.1,46.2,522.0,34.8,28.0,26.7
2026-02-07 09:00:00,2026,2,7,9,Hà Nội,Phường Tương Mai,20.9899896,105.8530145,131,Unhealthy for Sensitive Groups,2,22.4,84,0.2,11.5,130,1016.3,54,40.4,41.6,479.0,33.1,36.0,29.3
2026-02-07 10:00:00,2026,2,7,10,Hà Nội,Phường Tương Mai,20.9899896,105.8530145,131,Unhealthy for Sensitive Groups,2,22.8,85,1.0,13.5,127,1016.7,98,32.9,34.1,444.0,30.1,47.0,29.9
2026-02-07 11:00:00,2026,2,7,11,Hà Nội,Phường Tương Mai,20.9899896,105.8530145,130,Unhealthy for Sensitive Groups,2,23.7,77,0.1,13.4,132,1016.0,100,22.2,23.3,428.0,24.4,63.0,26.5
2026-02-07 12:00:00,2026,2,7,12,Hà Nội,Phường Tương Mai,20.9899896,105.8530145,128,Unhealthy for Sensitive Groups,2,23.5,79,0.2,14.8,135,1015.1,100,20.0,20.9,421.0,17.3,82.0,21.0
2026-02-07 13:00:00,2026,2,7,13,Hà Nội,Phường Tương Mai,20.9899896,105.8530145,126,Unhealthy for Sensitive Groups,2,23.5,75,1.7,15.4,145,1014.2,64,20.8,21.6,418.0,12.3,97.0,16.8
2026-02-07 14:00:00,2026,2,7,14,Hà Nội,Phường Tương Mai,20.9899896,105.8530145,123,Unhealthy for Sensitive Groups,2,24.4,70,0.0,15.3,136,1013.1,98,24.1,24.9,414.0,10.6,105.0,15.3
2026-02-07 15:00:00,2026,2,7,15,Hà Nội,Phường Tương Mai,20.9899896,105.8530145,121,Unhealthy for Sensitive Groups,2,24.8,67,0.0,14.6,134,1012.5,88,25.1,25.7,416.0,10.8,109.0,15.1
2026-02-07 16:00:00,2026,2,7,16,Hà Nội,Phường Tương Mai,20.9899896,105.8530145,119,Unhealthy for Sensitive Groups,2,24.6,66,0.0,14.3,127,1012.0,82,28.2,28.8,436.0,12.5,109.0,15.7
2026-02-07 17:00:00,2026,2,7,17,Hà Nội,Phường Tương Mai,20.9899896,105.8530145,118,Unhealthy for Sensitive Groups,2,24.0,68,0.0,13.7,115,1012.8,99,31.7,32.2,493.0,16.3,104.0,17.4
2026-02-07 18:00:00,2026,2,7,18,Hà Nội,Phường Tương Mai,20.9899896,105.8530145,117,Unhealthy for Sensitive Groups,2,22.4,74,0.0,15.1,118,1013.6,32,37.0,37.6,569.0,21.4,96.0,19.9
2026-02-07 19:00:00,2026,2,7,19,Hà Nội,Phường Tương Mai,20.9899896,105.8530145,117,Unhealthy for Sensitive Groups,2,21.4,81,0.0,14.0,119,1014.4,35,41.3,42.5,627.0,26.3,84.0,22.7
2026-02-07 20:00:00,2026,2,7,20,Hà Nội,Phường Tương Mai,20.9899896,105.8530145,117,Unhealthy for Sensitive Groups,2,20.7,85,0.0,13.2,120,1015.4,41,48.5,49.5,647.0,26.0,84.0,23.0
2026-02-07 21:00:00,2026,2,7,21,Hà Nội,Phường Tương Mai,20.9899896,105.8530145,119,Unhealthy for Sensitive Groups,2,20.0,88,0.0,11.8,113,1016.1,55,54.8,55.8,648.0,25.5,84.0,23.4
2026-02-07 22:00:00,2026,2,7,22,Hà Nội,Phường Tương Mai,20.9899896,105.8530145,120,Unhealthy for Sensitive Groups,2,19.8,89,0.0,11.0,108,1016.3,100,58.4,59.4,656.0,24.6,84.0,23.1
2026-02-07 23:00:00,2026,2,7,23,Hà Nội,Phường Tương Mai,20.9899896,105.8530145,122,Unhealthy for Sensitive Groups,2,20.0,87,0.0,9.8,107,1016.4,100,57.7,58.7,683.0,23.2,83.0,21.4
2026-02-08 00:00:00,2026,2,8,0,Hà Nội,Phường Tương Mai,20.9899896,105.8530145,123,Unhealthy for Sensitive Groups,2,20.1,86,0.3,10.1,92,1016.9,100,55.3,56.2,716.0,21.5,82.0,19.1
2026-02-08 01:00:00,2026,2,8,1,Hà Nội,Phường Tương Mai,20.9899896,105.8530145,124,Unhealthy for Sensitive Groups,2,20.0,90,1.2,11.8,98,1016.8,100,51.9,52.7,742.0,19.8,80.0,17.6
2026-02-08 02:00:00,2026,2,8,2,Hà Nội,Phường Tương Mai,20.9899896,105.8530145,123,Unhealthy for Sensitive Groups,2,20.0,90,1.0,12.4,90,1016.7,100,50.3,50.9,750.0,18.0,77.0,17.5
2026-02-08 03:00:00,2026,2,8,3,Hà Nội,Phường Tương Mai,20.9899896,105.8530145,122,Unhealthy for Sensitive Groups,2,19.4,95,0.7,10.9,68,1016.9,100,50.6,51.1,751.0,16.3,74.0,18.3
2026-02-08 04:00:00,2026,2,8,4,Hà Nội,Phường Tương Mai,20.9899896,105.8530145,120,Unhealthy for Sensitive Groups,2,18.7,96,0.5,13.4,50,1017.0,100,50.4,50.6,761.0,15.3,68.0,19.8
2026-02-08 05:00:00,2026,2,8,5,Hà Nội,Phường Tương Mai,20.9899896,105.8530145,118,Unhealthy for Sensitive Groups,2,17.8,87,0.3,18.2,42,1017.8,100,46.6,46.7,794.0,15.7,58.0,22.5
2026-02-08 06:00:00,2026,2,8,6,Hà Nội,Phường Tương Mai,20.9899896,105.8530145,117,Unhealthy for Sensitive Groups,2,16.7,84,0.3,21.6,45,1019.2,100,39.8,39.9,836.0,17.0,47.0,26.0
2026-02-08 07:00:00,2026,2,8,7,Hà Nội,Phường Tương Mai,20.9899896,105.8530145,114,Unhealthy for Sensitive Groups,2,16.6,90,0.5,20.6,38,1019.9,100,32.6,32.7,862.0,17.2,45.0,26.5
2026-02-08 08:00:00,2026,2,8,8,Hà Nội,Phường Tương Mai,20.9899896,105.8530145,112,Unhealthy for Sensitive Groups,2,15.8,89,1.1,24.8,38,1021.0,100,25.4,25.4,857.0,18.0,41.0,28.0
2026-02-08 09:00:00,2026,2,8,9,Hà Nội,Phường Tương Mai,20.9899896,105.8530145,110,Unhealthy for Sensitive Groups,2,14.9,84,0.4,23.7,36,1022.5,100,19.6,19.7,835.0,19.1,35.0,29.9
2026-02-08 10:00:00,2026,2,8,10,Hà Nội,Phường Tương Mai,20.9899896,105.8530145,108,Unhealthy for Sensitive Groups,2,14.9,84,0.5,17.3,21,1023.9,100,15.5,15.5,817.0,19.7,31.0,30.8
2026-02-08 11:00:00,2026,2,8,11,Hà Nội,Phường Tương Mai,20.9899896,105.8530145,106,Unhealthy for Sensitive Groups,2,14.3,86,0.9,16.3,13,1024.0,100,13.7,13.7,809.0,19.3,31.0,29.9
2026-02-08 12:00:00,2026,2,8,12,Hà Nội,Phường Tương Mai,20.9899896,105.8530145,105,Unhealthy for Sensitive Groups,2,14.4,85,0.8,15.7,3,1023.3,100,13.8,13.9,804.0,18.5,33.0,27.9
2026-02-08 13:00:00,2026,2,8,13,Hà Nội,Phường Tương Mai,20.9899896,105.8530145,104,Unhealthy for Sensitive Groups,2,13.8,88,1.5,18.3,18,1022.5,100,13.0,13.1,805.0,18.0,35.0,26.0
2026-02-08 14:00:00,2026,2,8,14,Hà Nội,Phường Tương Mai,20.9899896,105.8530145,103,Unhealthy for Sensitive Groups,2,13.6,91,1.5,17.7,19,1021.9,100,12.4,12.6,813.0,18.1,37.0,24.1
2026-02-08 15:00:00,2026,2,8,15,Hà Nội,Phường Tương Mai,20.9899896,105.8530145,102,Unhealthy for Sensitive Groups,2,13.5,88,0.8,17.7,23,1021.4,100,12.5,12.8,827.0,18.5,40.0,22.3
2026-02-08 16:00:00,2026,2,8,16,Hà Nội,Phường Tương Mai,20.9899896,105.8530145,101,Unhealthy for Sensitive Groups,2,12.9,91,0.9,15.9,27,1021.6,100,13.4,13.7,848.0,19.5,41.0,21.3
2026-02-08 17:00:00,2026,2,8,17,Hà Nội,Phường Tương Mai,20.9899896,105.8530145,99,Moderate,1,12.5,91,0.8,15.1,32,1021.9,100,15.4,15.8,886.0,21.5,39.0,21.9
2026-02-08 18:00:00,2026,2,8,18,Hà Nội,Phường Tương Mai,20.9899896,105.8530145,98,Moderate,1,12.3,89,0.5,15.1,33,1022.0,100,15.8,16.1,931.0,24.1,36.0,23.3
2026-02-08 19:00:00,2026,2,8,19,Hà Nội,Phường Tương Mai,20.9899896,105.8530145,96,Moderate,1,12.4,90,0.6,16.6,30,1022.3,100,22.8,22.8,959.0,24.1,36.0,23.2
2026-02-08 20:00:00,2026,2,8,20,Hà Nội,Phường Tương Mai,20.9899896,105.8530145,95,Moderate,1,12.0,90,0.6,15.3,41,1022.6,100,21.9,22.4,962.0,23.4,37.0,23.7
2026-02-08 21:00:00,2026,2,8,21,Hà Nội,Phường Tương Mai,20.9899896,105.8530145,92,Moderate,1,11.9,90,0.2,11.0,24,1023.0,100,22.1,22.5,949.0,22.5,37.0,24.3
2026-02-08 22:00:00,2026,2,8,22,Hà Nội,Phường Tương Mai,20.9899896,105.8530145,89,Moderate,1,11.9,93,0.9,10.3,12,1023.4,100,22.9,23.1,920.0,21.4,38.0,24.3
2026-02-08 23:00:00,2026,2,8,23,Hà Nội,Phường Tương Mai,20.9899896,105.8530145,86,Moderate,1,11.9,93,0.6,11.0,24,1022.9,100,23.0,23.1,869.0,20.2,39.0,23.2
2026-02-09 00:00:00,2026,2,9,0,Hà Nội,Phường Tương Mai,20.9899896,105.8530145,83,Moderate,1,11.9,92,0.3,10.8,18,1022.4,100,21.9,22.1,802.0,18.9,40.0,21.5
2026-02-09 01:00:00,2026,2,9,1,Hà Nội,Phường Tương Mai,20.9899896,105.8530145,80,Moderate,1,12.1,92,0.7,10.5,8,1022.0,100,21.5,21.7,743.0,18.0,40.0,20.4
2026-02-09 02:00:00,2026,2,9,2,Hà Nội,Phường Tương Mai,20.9899896,105.8530145,77,Moderate,1,11.9,95,1.4,10.4,17,1021.0,100,22.1,22.3,690.0,17.6,40.0,20.2
2026-02-09 03:00:00,2026,2,9,3,Hà Nội,Phường Tương Mai,20.9899896,105.8530145,75,Moderate,1,11.9,94,0.5,10.5,19,1020.8,100,22.5,22.8,644.0,17.6,39.0,20.4
2026-02-09 04:00:00,2026,2,9,4,Hà Nội,Phường Tương Mai,20.9899896,105.8530145,72,Moderate,1,11.9,92,0.2,9.7,19,1020.4,100,22.9,23.3,635.0,18.3,38.0,21.1
2026-02-09 05:00:00,2026,2,9,5,Hà Nội,Phường Tương Mai,20.9899896,105.8530145,70,Moderate,1,11.8,95,0.4,9.2,7,1020.3,100,23.7,24.1,684.0,20.3,35.0,22.3
2026-02-09 06:00:00,2026,2,9,6,Hà Nội,Phường Tương Mai,20.9899896,105.8530145,68,Moderate,1,11.8,94,0.4,8.5,7,1020.7,100,25.0,25.4,771.0,23.1,31.0,23.8
2026-02-09 07:00:00,2026,2,9,7,Hà Nội,Phường Tương Mai,20.9899896,105.8530145,67,Moderate,1,11.7,93,0.2,10.7,16,1021.0,100,22.6,22.9,858.0,23.7,31.0,23.8
2026-02-09 08:00:00,2026,2,9,8,Hà Nội,Phường Tương Mai,20.9899896,105.8530145,66,Moderate,1,11.8,95,0.5,9.4,355,1021.8,100,24.9,25.2,951.0,24.4,32.0,25.8
2026-02-09 09:00:00,2026,2,9,9,Hà Nội,Phường Tương Mai,20.9899896,105.8530145,66,Moderate,1,12.3,90,0.5,8.6,358,1022.5,100,27.4,27.9,1045.0,25.3,33.0,28.6
2026-02-09 10:00:00,2026,2,9,10,Hà Nội,Phường Tương Mai,20.9899896,105.8530145,66,Moderate,1,12.7,90,0.4,6.4,349,1022.5,100,30.3,30.9,1090.0,26.0,35.0,31.0
2026-02-09 11:00:00,2026,2,9,11,Hà Nội,Phường Tương Mai,20.9899896,105.8530145,68,Moderate,1,13.1,87,0.1,5.7,325,1021.4,100,33.3,34.1,1047.0,25.9,39.0,32.5
2026-02-09 12:00:00,2026,2,9,12,Hà Nội,Phường Tương Mai,20.9899896,105.8530145,69,Moderate,1,14.4,82,0.0,6.9,337,1019.9,100,36.6,37.5,955.0,25.5,43.0,33.7
2026-02-09 13:00:00,2026,2,9,13,Hà Nội,Phường Tương Mai,20.9899896,105.8530145,71,Moderate,1,14.0,84,0.0,6.2,350,1018.9,100,39.1,40.0,879.0,25.7,47.0,34.7
2026-02-09 14:00:00,2026,2,9,14,Hà Nội,Phường Tương Mai,20.9899896,105.8530145,74,Moderate,1,14.6,82,0.1,3.6,27,1017.8,100,41.9,43.1,809.0,25.9,50.0,35.2
2026-02-09 15:00:00,2026,2,9,15,Hà Nội,Phường Tương Mai,20.9899896,105.8530145,76,Moderate,1,15.5,79,0.0,4.1,67,1017.2,100,44.2,45.4,755.0,26.6,52.0,35.7
2026-02-09 16:00:00,2026,2,9,16,Hà Nội,Phường Tương Mai,20.9899896,105.8530145,79,Moderate,1,16.1,77,0.0,5.8,86,1016.7,78,47.0,48.2,809.0,30.6,49.0,37.2
2026-02-09 17:00:00,2026,2,9,17,Hà Nội,Phường Tương Mai,20.9899896,105.8530145,82,Moderate,1,15.9,78,0.0,6.0,99,1016.5,80,49.6,50.8,1080.0,41.1,36.0,40.1
2026-02-09 18:00:00,2026,2,9,18,Hà Nội,Phường Tương Mai,20.9899896,105.8530145,85,Moderate,1,14.8,86,0.0,3.5,62,1016.6,9,59.5,60.5,1459.0,54.8,18.0,44.1
2026-02-09 19:00:00,2026,2,9,19,Hà Nội,Phường Tương Mai,20.9899896,105.8530145,89,Moderate,1,13.2,88,0.0,3.9,56,1017.2,100,68.0,68.9,1709.0,56.9,9.0,45.4
2026-02-09 20:00:00,2026,2,9,20,Hà Nội,Phường Tương Mai,20.9899896,105.8530145,93,Moderate,1,13.6,87,0.0,6.1,78,1017.8,20,81.5,82.4,1694.0,59.3,6.0,54.8
2026-02-09 21:00:00,2026,2,9,21,Hà Nội,Phường Tương Mai,20.9899896,105.8530145,98,Moderate,1,13.2,91,0.0,5.0,71,1017.9,73,100.1,101.0,1550.0,62.6,3.0,67.6
2026-02-09 22:00:00,2026,2,9,22,Hà Nội,Phường Tương Mai,20.9899896,105.8530145,106,Unhealthy for Sensitive Groups,2,12.9,93,0.0,3.5,55,1017.9,100,121.5,122.5,1453.0,64.7,0.0,75.5
2026-02-09 23:00:00,2026,2,9,23,Hà Nội,Phường Tương Mai,20.9899896,105.8530145,116,Unhealthy for Sensitive Groups,2,13.5,92,0.0,2.1,31,1017.7,100,134.6,136.4,1473.0,64.4,0.0,73.9
2026-02-10 00:00:00,2026,2,10,0,Hà Nội,Phường Tương Mai,20.9899896,105.8530145,128,Unhealthy for Sensitive Groups,2,13.6,91,0.0,1.8,6,1017.4,100,140.2,142.5,1540.0,62.9,0.0,67.4
2026-02-10 01:00:00,2026,2,10,1,Hà Nội,Phường Tương Mai,20.9899896,105.8530145,140,Unhealthy for Sensitive Groups,2,13.8,92,0.0,2.9,11,1017.3,100,116.6,117.3,1614.0,61.6,0.0,61.6
2026-02-10 02:00:00,2026,2,10,2,Hà Nội,Phường Tương Mai,20.9899896,105.8530145,150,Unhealthy for Sensitive Groups,2,13.9,92,0.0,2.2,351,1016.9,100,102.2,102.9,1691.0,61.0,0.0,58.1
2026-02-10 03:00:00,2026,2,10,3,Hà Nội,Phường Tương Mai,20.9899896,105.8530145,152,Unhealthy,3,13.9,93,0.0,2.7,328,1016.4,100,98.3,99.0,1775.0,60.6,0.0,55.2
2026-02-10 04:00:00,2026,2,10,4,Hà Nội,Phường Tương Mai,20.9899896,105.8530145,153,Unhealthy,3,13.9,94,0.0,3.2,322,1016.3,100,95.5,96.2,1838.0,59.9,0.0,53.8
2026-02-10 05:00:00,2026,2,10,5,Hà Nội,Phường Tương Mai,20.9899896,105.8530145,155,Unhealthy,3,13.9,94,0.0,3.5,305,1016.6,100,93.6,94.3,1866.0,58.9,0.0,54.1
2026-02-10 06:00:00,2026,2,10,6,Hà Nội,Phường Tương Mai,20.9899896,105.8530145,157,Unhealthy,3,13.9,95,0.0,3.9,292,1017.1,100,91.5,92.4,1873.0,57.6,0.0,55.9
2026-02-10 07:00:00,2026,2,10,7,Hà Nội,Phường Tương Mai,20.9899896,105.8530145,158,Unhealthy,3,14.1,92,0.0,4.8,304,1018.0,100,89.2,89.9,1870.0,55.4,2.0,56.2
2026-02-10 08:00:00,2026,2,10,8,Hà Nội,Phường Tương Mai,20.9899896,105.8530145,160,Unhealthy,3,14.6,90,0.0,3.0,295,1018.6,100,88.5,88.9,1873.0,53.6,5.0,61.6
2026-02-10 09:00:00,2026,2,10,9,Hà Nội,Phường Tương Mai,20.9899896,105.8530145,161,Unhealthy,3,15.2,87,0.0,3.9,304,1019.2,100,80.8,81.7,1866.0,51.0,10.0,68.6
2026-02-10 10:00:00,2026,2,10,10,Hà Nội,Phường Tương Mai,20.9899896,105.8530145,162,Unhealthy,3,16.2,84,0.0,3.2,313,1019.2,100,77.1,78.0,1812.0,47.1,19.0,71.3
2026-02-10 11:00:00,2026,2,10,11,Hà Nội,Phường Tương Mai,20.9899896,105.8530145,163,Unhealthy,3,17.8,80,0.0,1.7,347,1018.6,100,69.2,70.3,1688.0,40.8,36.0,65.4
2026-02-10 12:00:00,2026,2,10,12,Hà Nội,Phường Tương Mai,20.9899896,105.8530145,164,Unhealthy,3,19.3,76,0.0,1.8,90,1017.5,100,57.0,58.1,1516.0,33.3,57.0,55.2
2026-02-10 13:00:00,2026,2,10,13,Hà Nội,Phường Tương Mai,20.9899896,105.8530145,164,Unhealthy,3,19.4,76,0.0,2.8,79,1016.3,95,46.9,48.1,1327.0,28.1,72.0,47.3
2026-02-10 14:00:00,2026,2,10,14,Hà Nội,Phường Tương Mai,20.9899896,105.8530145,165,Unhealthy,3,21.0,73,0.0,2.9,150,1015.3,63,46.4,47.6,1081.0,26.0,78.0,44.5
2026-02-10 15:00:00,2026,2,10,15,Hà Nội,Phường Tương Mai,20.9899896,105.8530145,165,Unhealthy,3,22.0,70,0.0,7.2,166,1014.5,100,47.1,48.4,817.0,26.3,79.0,44.0
2026-02-10 16:00:00,2026,2,10,16,Hà Nội,Phường Tương Mai,20.9899896,105.8530145,165,Unhealthy,3,22.2,69,0.0,7.0,130,1014.5,100,48.8,50.1,689.0,30.3,73.0,44.4
2026-02-10 17:00:00,2026,2,10,17,Hà Nội,Phường Tương Mai,20.9899896,105.8530145,165,Unhealthy,3,21.6,74,0.0,8.3,90,1014.6,93,56.6,57.6,823.0,41.0,58.0,45.2
2026-02-10 18:00:00,2026,2,10,18,Hà Nội,Phường Tương Mai,20.9899896,105.8530145,165,Unhealthy,3,20.5,79,0.0,7.6,94,1015.1,89,74.7,75.7,1093.0,55.4,36.0,46.8
2026-02-10 19:00:00,2026,2,10,19,Hà Nội,Phường Tương Mai,20.9899896,105.8530145,165,Unhealthy,3,19.5,83,0.0,9.0,87,1015.9,70,106.4,107.8,1267.0,65.9,17.0,56.7
2026-02-10 20:00:00,2026,2,10,20,Hà Nội,Phường Tương Mai,20.9899896,105.8530145,166,Unhealthy,3,19.5,85,0.0,7.4,83,1017.0,100,119.2,120.6,1225.0,67.1,14.0,59.6
2026-02-10 21:00:00,2026,2,10,21,Hà Nội,Phường Tương Mai,20.9899896,105.8530145,167,Unhealthy,3,19.3,86,0.0,7.0,77,1017.9,100,125.7,127.1,1087.0,68.7,10.0,63.6
2026-02-10 22:00:00,2026,2,10,22,Hà Nội,Phường Tương Mai,20.9899896,105.8530145,167,Unhealthy,3,18.9,88,0.0,6.0,57,1018.1,95,134.6,136.0,985.0,69.7,6.0,66.5
2026-02-10 23:00:00,2026,2,10,23,Hà Nội,Phường Tương Mai,20.9899896,105.8530145,168,Unhealthy,3,18.5,90,0.0,4.3,45,1018.0,100,141.6,143.0,990.0,69.8,4.0,67.6
2026-02-11 00:00:00,2026,2,11,0,Hà Nội,Phường Tương Mai,20.9899896,105.8530145,168,Unhealthy,3,18.1,92,0.0,1.9,49,1018.3,93,145.8,147.1,1032.0,69.4,3.0,67.7
2026-02-11 01:00:00,2026,2,11,1,Hà Nội,Phường Tương Mai,20.9899896,105.8530145,168,Unhealthy,3,17.6,94,0.0,1.6,84,1018.5,100,147.1,148.5,1026.0,68.6,2.0,67.1
2026-02-11 02:00:00,2026,2,11,2,Hà Nội,Phường Tương Mai,20.9899896,105.8530145,169,Unhealthy,3,17.8,95,0.0,1.8,24,1018.1,100,148.1,149.5,889.0,67.4,2.0,66.1
2026-02-11 03:00:00,2026,2,11,3,Hà Nội,Phường Tương Mai,20.9899896,105.8530145,170,Unhealthy,3,17.9,95,0.0,2.0,45,1018.0,100,149.0,149.9,704.0,65.9,3.0,64.4
2026-02-11 04:00:00,2026,2,11,4,Hà Nội,Phường Tương Mai,20.9899896,105.8530145,171,Unhealthy,3,17.9,95,0.0,2.5,30,1018.1,100,147.1,148.5,644.0,64.0,3.0,61.9
2026-02-11 05:00:00,2026,2,11,5,Hà Nội,Phường Tương Mai,20.9899896,105.8530145,172,Unhealthy,3,18.0,95,0.0,2.6,12,1018.4,100,144.8,146.2,856.0,62.0,2.0,58.1
2026-02-11 06:00:00,2026,2,11,6,Hà Nội,Phường Tương Mai,20.9899896,105.8530145,173,Unhealthy,3,18.1,95,0.2,5.4,4,1019.1,100,141.1,142.0,1192.0,59.6,2.0,53.6
2026-02-11 07:00:00,2026,2,11,7,Hà Nội,Phường Tương Mai,20.9899896,105.8530145,174,Unhealthy,3,17.8,98,1.6,10.6,32,1020.1,100,128.5,129.5,1377.0,53.0,3.0,47.2
2026-02-11 08:00:00,2026,2,11,8,Hà Nội,Phường Tương Mai,20.9899896,105.8530145,175,Unhealthy,3,17.1,94,1.0,11.4,35,1020.8,100,118.0,118.7,1249.0,49.0,5.0,46.9
2026-02-11 09:00:00,2026,2,11,9,Hà Nội,Phường Tương Mai,20.9899896,105.8530145,176,Unhealthy,3,17.0,92,0.4,10.8,37,1021.8,100,90.1,91.0,970.0,43.5,9.0,46.4
2026-02-11 10:00:00,2026,2,11,10,Hà Nội,Phường Tương Mai,20.9899896,105.8530145,176,Unhealthy,3,17.4,88,0.1,9.9,25,1022.2,100,67.3,67.8,751.0,38.7,13.0,45.0
2026-02-11 11:00:00,2026,2,11,11,Hà Nội,Phường Tương Mai,20.9899896,105.8530145,176,Unhealthy,3,17.9,86,0.1,10.3,15,1021.3,100,49.9,50.4,680.0,35.2,19.0,41.9
2026-02-11 12:00:00,2026,2,11,12,Hà Nội,Phường Tương Mai,20.9899896,105.8530145,175,Unhealthy,3,18.4,82,0.1,9.9,21,1019.9,100,39.7,40.0,670.0,32.5,26.0,38.0
2026-02-11 13:00:00,2026,2,11,13,Hà Nội,Phường Tương Mai,20.9899896,105.8530145,175,Unhealthy,3,18.5,81,0.0,9.3,24,1019.1,100,32.6,32.8,670.0,31.1,31.0,35.0
2026-02-11 14:00:00,2026,2,11,14,Hà Nội,Phường Tương Mai,20.9899896,105.8530145,175,Unhealthy,3,19.0,80,0.0,9.5,27,1018.0,100,28.3,28.6,582.0,30.6,34.0,33.1
2026-02-11 15:00:00,2026,2,11,15,Hà Nội,Phường Tương Mai,20.9899896,105.8530145,174,Unhealthy,3,19.1,79,0.0,9.7,31,1017.3,100,27.8,28.0,503.0,31.3,36.0,32.2
2026-02-11 16:00:00,2026,2,11,16,Hà Nội,Phường Tương Mai,20.9899896,105.8530145,174,Unhealthy,3,19.1,79,0.0,8.5,35,1016.9,100,28.5,28.7,675.0,34.9,34.0,33.8
2026-02-11 17:00:00,2026,2,11,17,Hà Nội,Phường Tương Mai,20.9899896,105.8530145,173,Unhealthy,3,19.0,81,0.0,6.3,20,1016.8,100,30.7,30.9,1387.0,44.0,24.0,39.8
2026-02-11 18:00:00,2026,2,11,18,Hà Nội,Phường Tương Mai,20.9899896,105.8530145,173,Unhealthy,3,18.7,83,0.0,4.0,18,1016.9,100,51.6,51.7,2350.0,55.8,9.0,48.3
2026-02-11 19:00:00,2026,2,11,19,Hà Nội,Phường Tương Mai,20.9899896,105.8530145,172,Unhealthy,3,18.3,86,0.0,5.8,39,1017.0,98,45.6,46.0,2930.0,52.6,6.0,38.1
2026-02-11 20:00:00,2026,2,11,20,Hà Nội,Phường Tương Mai,20.9899896,105.8530145,171,Unhealthy,3,18.0,89,0.0,3.0,52,1017.3,100,54.1,54.9,2792.0,52.6,5.0,39.6
2026-02-11 21:00:00,2026,2,11,21,Hà Nội,Phường Tương Mai,20.9899896,105.8530145,169,Unhealthy,3,18.1,88,0.0,3.2,56,1017.6,84,58.4,59.5,2273.0,52.5,5.0,41.5
2026-02-11 22:00:00,2026,2,11,22,Hà Nội,Phường Tương Mai,20.9899896,105.8530145,168,Unhealthy,3,17.6,89,0.0,3.9,37,1017.6,100,60.3,61.0,1746.0,52.1,4.0,42.3
2026-02-11 23:00:00,2026,2,11,23,Hà Nội,Phường Tương Mai,20.9899896,105.8530145,166,Unhealthy,3,17.7,89,0.0,3.9,43,1017.9,100,62.9,63.6,1291.0,51.0,4.0,40.8
2026-02-12 00:00:00,2026,2,12,0,Hà Nội,Phường Tương Mai,20.9899896,105.8530145,165,Unhealthy,3,17.6,88,0.0,5.1,80,1017.7,100,66.8,67.8,828.0,49.5,4.0,38.2
2026-02-12 01:00:00,2026,2,12,1,Hà Nội,Phường Tương Mai,20.9899896,105.8530145,163,Unhealthy,3,17.1,91,0.0,4.5,56,1017.5,100,71.5,72.4,498.0,48.3,4.0,36.1
2026-02-12 02:00:00,2026,2,12,2,Hà Nội,Phường Tương Mai,20.9899896,105.8530145,161,Unhealthy,3,17.1,91,0.0,3.5,78,1016.9,100,75.7,76.6,378.0,47.7,4.0,35.1
2026-02-12 03:00:00,2026,2,12,3,Hà Nội,Phường Tương Mai,20.9899896,105.8530145,160,Unhealthy,3,17.1,92,0.0,3.4,74,1016.4,100,77.8,78.7,389.0,47.4,3.0,34.7
2026-02-12 04:00:00,2026,2,12,4,Hà Nội,Phường Tương Mai,20.9899896,105.8530145,158,Unhealthy,3,17.2,92,0.0,5.2,94,1016.2,100,81.3,82.4,438.0,47.1,3.0,35.0
2026-02-12 05:00:00,2026,2,12,5,Hà Nội,Phường Tương Mai,20.9899896,105.8530145,157,Unhealthy,3,17.4,92,0.0,4.7,99,1016.0,100,85.4,86.6,518.0,46.9,2.0,36.7
2026-02-12 06:00:00,2026,2,12,6,Hà Nội,Phường Tương Mai,20.9899896,105.8530145,155,Unhealthy,3,17.5,94,0.1,1.2,141,1016.6,100,87.8,89.2,636.0,46.6,0.0,39.2
2026-02-12 07:00:00,2026,2,12,7,Hà Nội,Phường Tương Mai,20.9899896,105.8530145,154,Unhealthy,3,17.4,94,0.2,3.9,106,1017.7,100,68.0,69.6,713.0,43.6,11.0,34.6
2026-02-12 08:00:00,2026,2,12,8,Hà Nội,Phường Tương Mai,20.9899896,105.8530145,153,Unhealthy,3,17.6,92,0.1,5.1,108,1018.2,100,60.1,60.8,711.0,39.5,21.0,34.1
2026-02-12 09:00:00,2026,2,12,9,Hà Nội,Phường Tương Mai,20.9899896,105.8530145,152,Unhealthy,3,18.0,91,0.1,5.7,108,1018.7,100,53.7,54.5,668.0,33.8,35.0,33.2
2026-02-12 10:00:00,2026,2,12,10,Hà Nội,Phường Tương Mai,20.9899896,105.8530145,151,Unhealthy,3,18.8,88,0.0,8.9,126,1019.0,100,48.3,49.4,620.0,28.6,48.0,32.2
2026-02-12 11:00:00,2026,2,12,11,Hà Nội,Phường Tương Mai,20.9899896,105.8530145,150,Unhealthy for Sensitive Groups,2,20.2,84,0.0,10.6,148,1018.0,100,42.4,43.7,575.0,24.5,58.0,30.9
2026-02-12 12:00:00,2026,2,12,12,Hà Nội,Phường Tương Mai,20.9899896,105.8530145,150,Unhealthy for Sensitive Groups,2,21.0,83,0.0,9.6,163,1016.8,100,40.2,41.8,525.0,20.9,67.0,29.3
2026-02-12 13:00:00,2026,2,12,13,Hà Nội,Phường Tương Mai,20.9899896,105.8530145,150,Unhealthy for Sensitive Groups,2,22.3,76,0.0,10.3,180,1015.7,100,35.3,36.7,483.0,18.3,74.0,27.7
2026-02-12 14:00:00,2026,2,12,14,Hà Nội,Phường Tương Mai,20.9899896,105.8530145,150,Unhealthy for Sensitive Groups,2,22.9,75,0.1,9.4,177,1014.7,100,33.2,34.7,448.0,16.9,78.0,25.8
2026-02-12 15:00:00,2026,2,12,15,Hà Nội,Phường Tương Mai,20.9899896,105.8530145,150,Unhealthy for Sensitive Groups,2,22.9,76,0.0,10.6,162,1013.8,100,29.5,30.9,422.0,16.5,80.0,23.7
2026-02-12 16:00:00,2026,2,12,16,Hà Nội,Phường Tương Mai,20.9899896,105.8530145,150,Unhealthy for Sensitive Groups,2,22.7,77,0.0,11.5,150,1013.3,86,32.5,34.0,420.0,17.1,80.0,22.3
2026-02-12 17:00:00,2026,2,12,17,Hà Nội,Phường Tương Mai,20.9899896,105.8530145,150,Unhealthy for Sensitive Groups,2,22.5,79,0.0,10.1,139,1013.2,100,32.7,34.2,463.0,19.4,77.0,21.9
2026-02-12 18:00:00,2026,2,12,18,Hà Nội,Phường Tương Mai,20.9899896,105.8530145,151,Unhealthy,3,21.5,82,0.0,11.7,128,1013.8,100,32.1,33.4,531.0,22.7,72.0,22.2
2026-02-12 19:00:00,2026,2,12,19,Hà Nội,Phường Tương Mai,20.9899896,105.8530145,150,Unhealthy for Sensitive Groups,2,20.5,87,0.0,11.9,122,1014.0,23,36.6,37.7,581.0,28.4,59.0,23.0
2026-02-12 20:00:00,2026,2,12,20,Hà Nội,Phường Tương Mai,20.9899896,105.8530145,149,Unhealthy for Sensitive Groups,2,19.5,92,0.0,11.3,129,1014.7,34,39.1,40.3,595.0,28.7,58.0,23.2
2026-02-12 21:00:00,2026,2,12,21,Hà Nội,Phường Tương Mai,20.9899896,105.8530145,148,Unhealthy for Sensitive Groups,2,18.9,95,0.0,9.7,133,1015.0,9,40.9,42.1,591.0,29.1,55.0,23.5
2026-02-12 22:00:00,2026,2,12,22,Hà Nội,Phường Tương Mai,20.9899896,105.8530145,146,Unhealthy for Sensitive Groups,2,18.5,97,0.0,9.7,140,1015.0,13,42.7,44.4,578.0,29.1,53.0,23.2
2026-02-12 23:00:00,2026,2,12,23,Hà Nội,Phường Tương Mai,20.9899896,105.8530145,144,Unhealthy for Sensitive Groups,2,18.2,98,0.0,9.4,145,1014.9,100,42.7,44.6,555.0,28.3,51.0,21.8
2026-02-13 00:00:00,2026,2,13,0,Hà Nội,Phường Tương Mai,20.9899896,105.8530145,142,Unhealthy for Sensitive Groups,2,18.2,99,0.0,8.8,141,1014.3,100,42.6,44.7,522.0,27.1,48.0,19.8
2026-02-13 01:00:00,2026,2,13,1,Hà Nội,Phường Tương Mai,20.9899896,105.8530145,140,Unhealthy for Sensitive Groups,2,19.0,99,0.0,8.8,116,1013.8,100,48.4,49.7,494.0,26.0,45.0,18.1
2026-02-13 02:00:00,2026,2,13,2,Hà Nội,Phường Tương Mai,20.9899896,105.8530145,137,Unhealthy for Sensitive Groups,2,19.2,99,0.0,10.6,122,1013.5,100,53.9,55.2,468.0,25.0,42.0,16.9
2026-02-13 03:00:00,2026,2,13,3,Hà Nội,Phường Tương Mai,20.9899896,105.8530145,135,Unhealthy for Sensitive Groups,2,19.4,98,0.0,7.8,124,1013.0,100,58.1,59.5,446.0,24.1,39.0,15.9
2026-02-13 04:00:00,2026,2,13,4,Hà Nội,Phường Tương Mai,20.9899896,105.8530145,133,Unhealthy for Sensitive Groups,2,19.5,98,0.4,8.5,128,1013.2,100,59.4,60.8,449.0,24.2,36.0,15.8
2026-02-13 05:00:00,2026,2,13,5,Hà Nội,Phường Tương Mai,20.9899896,105.8530145,131,Unhealthy for Sensitive Groups,2,19.6,99,0.3,11.1,136,1013.3,100,57.4,58.8,506.0,26.2,33.0,16.9
2026-02-13 06:00:00,2026,2,13,6,Hà Nội,Phường Tương Mai,20.9899896,105.8530145,128,Unhealthy for Sensitive Groups,2,20.0,98,0.0,12.5,133,1013.9,100,55.6,57.2,588.0,29.2,31.0,18.8
2026-02-13 07:00:00,2026,2,13,7,Hà Nội,Phường Tương Mai,20.9899896,105.8530145,124,Unhealthy for Sensitive Groups,2,19.8,98,0.0,9.3,124,1014.6,100,52.2,54.7,627.0,29.4,37.0,21.6
2026-02-13 08:00:00,2026,2,13,8,Hà Nội,Phường Tương Mai,20.9899896,105.8530145,123,Unhealthy for Sensitive Groups,2,20.1,97,0.0,10.2,126,1015.3,100,44.1,47.5,582.0,26.3,46.0,22.4
2026-02-13 09:00:00,2026,2,13,9,Hà Nội,Phường Tương Mai,20.9899896,105.8530145,121,Unhealthy for Sensitive Groups,2,20.9,94,0.0,12.7,149,1016.0,99,35.9,39.1,495.0,22.0,59.0,23.5
2026-02-13 10:00:00,2026,2,13,10,Hà Nội,Phường Tương Mai,20.9899896,105.8530145,119,Unhealthy for Sensitive Groups,2,22.8,81,0.0,12.5,162,1016.4,100,28.2,31.8,424.0,18.1,71.0,23.7
2026-02-13 11:00:00,2026,2,13,11,Hà Nội,Phường Tương Mai,20.9899896,105.8530145,117,Unhealthy for Sensitive Groups,2,24.1,73,0.0,11.6,167,1015.5,100,24.5,28.0,389.0,15.0,81.0,22.3
2026-02-13 12:00:00,2026,2,13,12,Hà Nội,Phường Tương Mai,20.9899896,105.8530145,115,Unhealthy for Sensitive Groups,2,24.7,70,0.0,12.2,167,1014.0,100,23.2,26.7,370.0,12.2,90.0,20.1
2026-02-13 13:00:00,2026,2,13,13,Hà Nội,Phường Tương Mai,20.9899896,105.8530145,113,Unhealthy for Sensitive Groups,2,24.5,71,0.0,12.4,171,1013.4,100,22.9,26.2,362.0,10.3,96.0,18.2
2026-02-13 14:00:00,2026,2,13,14,Hà Nội,Phường Tương Mai,20.9899896,105.8530145,112,Unhealthy for Sensitive Groups,2,24.8,69,0.0,12.3,174,1012.4,100,22.2,25.3,365.0,9.2,99.0,16.8
2026-02-13 15:00:00,2026,2,13,15,Hà Nội,Phường Tương Mai,20.9899896,105.8530145,111,Unhealthy for Sensitive Groups,2,24.7,69,0.0,12.7,162,1011.6,100,22.0,24.7,379.0,8.9,99.0,15.8
2026-02-13 16:00:00,2026,2,13,16,Hà Nội,Phường Tương Mai,20.9899896,105.8530145,110,Unhealthy for Sensitive Groups,2,24.6,70,0.0,11.1,158,1011.4,100,21.4,23.9,404.0,9.8,97.0,15.5
2026-02-13 17:00:00,2026,2,13,17,Hà Nội,Phường Tương Mai,20.9899896,105.8530145,109,Unhealthy for Sensitive Groups,2,24.1,70,0.0,11.3,149,1011.3,95,20.3,22.4,449.0,12.7,90.0,16.6
2026-02-13 18:00:00,2026,2,13,18,Hà Nội,Phường Tương Mai,20.9899896,105.8530145,108,Unhealthy for Sensitive Groups,2,23.1,73,0.0,13.6,152,1011.9,13,20.1,21.9,505.0,16.7,81.0,18.5
2026-02-13 19:00:00,2026,2,13,19,Hà Nội,Phường Tương Mai,20.9899896,105.8530145,107,Unhealthy for Sensitive Groups,2,22.3,78,0.0,15.2,151,1012.2,4,22.8,25.0,539.0,21.9,70.0,20.6
2026-02-13 20:00:00,2026,2,13,20,Hà Nội,Phường Tương Mai,20.9899896,105.8530145,105,Unhealthy for Sensitive Groups,2,21.8,80,0.0,15.2,151,1013.4,2,24.7,27.2,532.0,22.3,66.0,20.0
2026-02-13 21:00:00,2026,2,13,21,Hà Nội,Phường Tương Mai,20.9899896,105.8530145,104,Unhealthy for Sensitive Groups,2,21.0,89,0.0,13.9,149,1014.2,5,30.6,32.9,504.0,22.9,61.0,19.1
2026-02-13 22:00:00,2026,2,13,22,Hà Nội,Phường Tương Mai,20.9899896,105.8530145,102,Unhealthy for Sensitive Groups,2,20.5,95,0.0,13.6,149,1014.6,34,40.2,42.6,481.0,23.4,55.0,18.0
2026-02-13 23:00:00,2026,2,13,23,Hà Nội,Phường Tương Mai,20.9899896,105.8530145,102,Unhealthy for Sensitive Groups,2,20.4,95,0.0,12.6,151,1014.8,29,48.2,50.9,478.0,23.9,49.0,16.7
2026-02-14 00:00:00,2026,2,14,0,Hà Nội,Phường Tương Mai,20.9899896,105.8530145,103,Unhealthy for Sensitive Groups,2,20.1,96,0.0,10.3,149,1014.7,31,56.8,59.4,480.0,24.5,43.0,15.2
2026-02-14 01:00:00,2026,2,14,1,Hà Nội,Phường Tương Mai,20.9899896,105.8530145,104,Unhealthy for Sensitive Groups,2,20.7,96,0.0,11.3,144,1014.5,77,62.6,65.7,474.0,24.8,38.0,14.1
2026-02-14 02:00:00,2026,2,14,2,Hà Nội,Phường Tương Mai,20.9899896,105.8530145,106,Unhealthy for Sensitive Groups,2,20.4,98,0.0,10.3,133,1013.9,100,69.6,71.9,439.0,24.5,34.0,13.3
2026-02-14 03:00:00,2026,2,14,3,Hà Nội,Phường Tương Mai,20.9899896,105.8530145,107,Unhealthy for Sensitive Groups,2,20.3,99,0.0,9.8,126,1013.4,100,71.2,73.6,395.0,24.0,31.0,12.9
2026-02-14 04:00:00,2026,2,14,4,Hà Nội,Phường Tương Mai,20.9899896,105.8530145,109,Unhealthy for Sensitive Groups,2,20.1,99,0.0,10.2,124,1013.3,100,76.4,78.2,389.0,24.2,28.0,13.2
2026-02-14 05:00:00,2026,2,14,5,Hà Nội,Phường Tương Mai,20.9899896,105.8530145,111,Unhealthy for Sensitive Groups,2,20.0,99,0.0,10.4,122,1013.3,100,80.8,82.4,468.0,26.1,23.0,14.4
2026-02-14 06:00:00,2026,2,14,6,Hà Nội,Phường Tương Mai,20.9899896,105.8530145,113,Unhealthy for Sensitive Groups,2,20.0,99,0.0,9.6,120,1013.9,100,80.3,82.0,585.0,28.8,17.0,16.4
2026-02-14 07:00:00,2026,2,14,7,Hà Nội,Phường Tương Mai,20.9899896,105.8530145,116,Unhealthy for Sensitive Groups,2,19.8,98,0.0,8.4,109,1015.0,100,85.4,87.1,647.0,29.8,16.0,16.8
2026-02-14 08:00:00,2026,2,14,8,Hà Nội,Phường Tương Mai,20.9899896,105.8530145,119,Unhealthy for Sensitive Groups,2,20.4,95,0.0,9.0,125,1015.4,100,74.3,76.1,597.0,27.6,27.0,21.2
2026-02-14 09:00:00,2026,2,14,9,Hà Nội,Phường Tương Mai,20.9899896,105.8530145,122,Unhealthy for Sensitive Groups,2,21.6,85,0.1,9.3,146,1015.9,66,62.6,64.5,492.0,24.5,44.0,27.3
2026-02-14 10:00:00,2026,2,14,10,Hà Nội,Phường Tương Mai,20.9899896,105.8530145,125,Unhealthy for Sensitive Groups,2,23.5,74,0.1,10.0,163,1015.6,70,43.0,45.1,411.0,21.3,59.0,31.1
2026-02-14 11:00:00,2026,2,14,11,Hà Nội,Phường Tương Mai,20.9899896,105.8530145,126,Unhealthy for Sensitive Groups,2,24.8,67,0.1,10.9,172,1014.9,100,34.9,37.0,384.0,18.2,72.0,30.7
2026-02-14 12:00:00,2026,2,14,12,Hà Nội,Phường Tương Mai,20.9899896,105.8530145,128,Unhealthy for Sensitive Groups,2,24.8,67,0.0,9.2,168,1013.6,97,31.5,33.5,380.0,15.1,84.0,28.2
2026-02-14 13:00:00,2026,2,14,13,Hà Nội,Phường Tương Mai,20.9899896,105.8530145,128,Unhealthy for Sensitive Groups,2,24.9,66,0.0,9.7,183,1012.9,100,29.5,31.3,389.0,12.7,93.0,25.6
2026-02-14 14:00:00,2026,2,14,14,Hà Nội,Phường Tương Mai,20.9899896,105.8530145,129,Unhealthy for Sensitive Groups,2,25.4,65,0.0,10.9,174,1011.8,100,28.5,30.2,411.0,11.1,100.0,23.6
2026-02-14 15:00:00,2026,2,14,15,Hà Nội,Phường Tương Mai,20.9899896,105.8530145,130,Unhealthy for Sensitive Groups,2,25.4,65,0.0,10.5,164,1010.8,100,27.5,29.0,446.0,10.2,105.0,21.7
2026-02-14 16:00:00,2026,2,14,16,Hà Nội,Phường Tương Mai,20.9899896,105.8530145,130,Unhealthy for Sensitive Groups,2,25.8,64,0.0,9.9,165,1010.5,100,25.8,27.2,478.0,10.7,105.0,20.3
2026-02-14 17:00:00,2026,2,14,17,Hà Nội,Phường Tương Mai,20.9899896,105.8530145,131,Unhealthy for Sensitive Groups,2,25.2,67,0.0,11.3,144,1010.7,81,23.5,24.8,507.0,13.9,96.0,20.1
2026-02-14 18:00:00,2026,2,14,18,Hà Nội,Phường Tương Mai,20.9899896,105.8530145,131,Unhealthy for Sensitive Groups,2,23.5,72,0.0,13.5,150,1011.2,25,23.2,24.2,533.0,18.5,81.0,20.5
2026-02-14 19:00:00,2026,2,14,19,Hà Nội,Phường Tương Mai,20.9899896,105.8530145,131,Unhealthy for Sensitive Groups,2,22.3,80,0.0,15.3,148,1012.2,6,25.4,26.7,549.0,21.1,69.0,20.0
2026-02-14 20:00:00,2026,2,14,20,Hà Nội,Phường Tương Mai,20.9899896,105.8530145,132,Unhealthy for Sensitive Groups,2,21.5,84,0.0,14.5,145,1012.8,1,27.2,28.7,547.0,21.5,65.0,20.2
2026-02-14 21:00:00,2026,2,14,21,Hà Nội,Phường Tương Mai,20.9899896,105.8530145,132,Unhealthy for Sensitive Groups,2,20.6,89,0.0,12.8,141,1013.2,2,30.4,32.1,535.0,22.0,60.0,20.3
2026-02-14 22:00:00,2026,2,14,22,Hà Nội,Phường Tương Mai,20.9899896,105.8530145,132,Unhealthy for Sensitive Groups,2,20.1,94,0.0,12.4,146,1013.5,31,35.9,37.4,524.0,22.2,55.0,19.9
2026-02-14 23:00:00,2026,2,14,23,Hà Nội,Phường Tương Mai,20.9899896,105.8530145,132,Unhealthy for Sensitive Groups,2,19.8,97,0.0,12.3,155,1013.5,74,43.2,44.6,522.0,21.7,52.0,18.4
2026-02-15 00:00:00,2026,2,15,0,Hà Nội,Phường Tương Mai,20.9899896,105.8530145,131,Unhealthy for Sensitive Groups,2,19.7,98,0.0,10.8,159,1013.3,100,47.8,49.4,522.0,20.8,50.0,16.3
2026-02-15 01:00:00,2026,2,15,1,Hà Nội,Phường Tương Mai,20.9899896,105.8530145,130,Unhealthy for Sensitive Groups,2,20.5,98,0.0,10.4,154,1013.2,100,50.2,51.7,513.0,20.1,48.0,15.0
2026-02-15 02:00:00,2026,2,15,2,Hà Nội,Phường Tương Mai,20.9899896,105.8530145,129,Unhealthy for Sensitive Groups,2,20.8,96,0.0,10.4,157,1012.6,91,50.1,51.7,481.0,19.7,46.0,14.8
2026-02-15 03:00:00,2026,2,15,3,Hà Nội,Phường Tương Mai,20.9899896,105.8530145,127,Unhealthy for Sensitive Groups,2,20.5,96,0.0,9.2,152,1012.1,100,50.4,52.2,440.0,19.5,44.0,15.4
2026-02-15 04:00:00,2026,2,15,4,Hà Nội,Phường Tương Mai,20.9899896,105.8530145,125,Unhealthy for Sensitive Groups,2,20.5,96,0.0,9.4,150,1011.9,100,49.9,51.8,428.0,20.1,43.0,16.5
2026-02-15 05:00:00,2026,2,15,5,Hà Nội,Phường Tương Mai,20.9899896,105.8530145,122,Unhealthy for Sensitive Groups,2,20.5,96,0.0,10.1,155,1012.0,100,47.5,49.7,480.0,22.4,41.0,18.5
2026-02-15 06:00:00,2026,2,15,6,Hà Nội,Phường Tương Mai,20.9899896,105.8530145,118,Unhealthy for Sensitive Groups,2,20.5,96,0.0,10.2,157,1012.5,100,48.8,50.9,560.0,25.5,39.0,21.2
2026-02-15 07:00:00,2026,2,15,7,Hà Nội,Phường Tương Mai,20.9899896,105.8530145,115,Unhealthy for Sensitive Groups,2,20.4,96,0.0,10.5,151,1013.2,100,54.8,56.9,596.0,31.3,32.0,24.4
2026-02-15 08:00:00,2026,2,15,8,Hà Nội,Phường Tương Mai,20.9899896,105.8530145,112,Unhealthy for Sensitive Groups,2,20.8,91,0.0,11.6,162,1013.9,89,40.3,43.1,541.0,26.7,44.0,23.9
2026-02-15 09:00:00,2026,2,15,9,Hà Nội,Phường Tương Mai,20.9899896,105.8530145,108,Unhealthy for Sensitive Groups,2,22.3,82,0.0,13.3,172,1014.6,52,33.6,36.2,442.0,20.2,62.0,23.2
2026-02-15 10:00:00,2026,2,15,10,Hà Nội,Phường Tương Mai,20.9899896,105.8530145,105,Unhealthy for Sensitive Groups,2,24.0,72,0.0,13.5,178,1014.7,55,30.3,32.5,365.0,14.8,78.0,22.7
2026-02-15 11:00:00,2026,2,15,11,Hà Nội,Phường Tương Mai,20.9899896,105.8530145,104,Unhealthy for Sensitive Groups,2,25.5,64,0.0,13.9,180,1014.1,74,28.9,30.7,339.0,11.5,92.0,22.7
2026-02-15 12:00:00,2026,2,15,12,Hà Nội,Phường Tương Mai,20.9899896,105.8530145,103,Unhealthy for Sensitive Groups,2,26.8,59,0.0,12.3,177,1012.5,2,27.7,29.3,335.0,9.2,105.0,22.8
2026-02-15 13:00:00,2026,2,15,13,Hà Nội,Phường Tương Mai,20.9899896,105.8530145,103,Unhealthy for Sensitive Groups,2,27.5,56,0.0,11.2,169,1011.4,2,26.2,27.6,334.0,7.7,113.0,22.3
2026-02-15 14:00:00,2026,2,15,14,Hà Nội,Phường Tương Mai,20.9899896,105.8530145,103,Unhealthy for Sensitive Groups,2,28.0,56,0.0,13.5,157,1010.3,9,23.8,25.3,324.0,6.7,114.0,20.5
2026-02-15 15:00:00,2026,2,15,15,Hà Nội,Phường Tương Mai,20.9899896,105.8530145,102,Unhealthy for Sensitive Groups,2,27.3,58,0.0,16.9,146,1009.5,9,21.1,22.8,317.0,6.5,110.0,18.1
2026-02-15 16:00:00,2026,2,15,16,Hà Nội,Phường Tương Mai,20.9899896,105.8530145,101,Unhealthy for Sensitive Groups,2,26.5,60,0.0,17.3,149,1009.4,9,18.3,20.3,326.0,7.7,103.0,16.6
2026-02-15 17:00:00,2026,2,15,17,Hà Nội,Phường Tương Mai,20.9899896,105.8530145,101,Unhealthy for Sensitive Groups,2,25.0,67,0.0,16.1,145,1009.6,2,16.6,18.6,365.0,11.2,91.0,16.9
2026-02-15 18:00:00,2026,2,15,18,Hà Nội,Phường Tương Mai,20.9899896,105.8530145,100,Moderate,1,23.2,73,0.0,16.3,149,1010.2,2,18.7,20.7,421.0,16.2,76.0,18.2
2026-02-15 19:00:00,2026,2,15,19,Hà Nội,Phường Tương Mai,20.9899896,105.8530145,100,Moderate,1,22.6,80,0.0,15.3,148,1011.0,7,23.3,25.8,470.0,20.8,62.0,19.5
2026-02-15 20:00:00,2026,2,15,20,Hà Nội,Phường Tương Mai,20.9899896,105.8530145,99,Moderate,1,22.0,83,0.0,14.4,150,1011.7,2,26.3,28.9,505.0,22.0,58.0,20.4
2026-02-15 21:00:00,2026,2,15,21,Hà Nội,Phường Tương Mai,20.9899896,105.8530145,99,Moderate,1,21.2,89,0.0,11.6,152,1012.3,44,31.7,34.0,532.0,23.7,53.0,21.6
2026-02-15 22:00:00,2026,2,15,22,Hà Nội,Phường Tương Mai,20.9899896,105.8530145,99,Moderate,1,21.0,93,0.0,10.6,145,1012.6,46,39.1,41.6,545.0,25.2,47.0,22.0
2026-02-15 23:00:00,2026,2,15,23,Hà Nội,Phường Tương Mai,20.9899896,105.8530145,100,Moderate,1,20.6,96,0.0,9.8,140,1012.5,100,47.7,50.3,538.0,26.6,40.0,20.8
2026-02-16 00:00:00,2026,2,16,0,Hà Nội,Phường Tương Mai,20.9899896,105.8530145,100,Moderate,1,20.5,97,0.0,10.0,141,1012.2,100,55.5,57.9,517.0,27.7,34.0,18.9
2026-02-16 01:00:00,2026,2,16,1,Hà Nội,Phường Tương Mai,20.9899896,105.8530145,101,Unhealthy for Sensitive Groups,2,20.9,97,0.0,10.8,144,1012.2,100,61.7,64.0,495.0,27.6,31.0,17.5
2026-02-16 02:00:00,2026,2,16,2,Hà Nội,Phường Tương Mai,20.9899896,105.8530145,102,Unhealthy for Sensitive Groups,2,21.0,95,0.0,10.4,144,1011.9,100,62.2,64.3,467.0,24.9,36.0,17.1
2026-02-16 03:00:00,2026,2,16,3,Hà Nội,Phường Tương Mai,20.9899896,105.8530145,103,Unhealthy for Sensitive Groups,2,21.0,95,0.0,9.2,140,1011.6,100,59.4,61.7,439.0,21.0,46.0,17.4
2026-02-16 04:00:00,2026,2,16,4,Hà Nội,Phường Tương Mai,20.9899896,105.8530145,104,Unhealthy for Sensitive Groups,2,21.0,95,0.0,8.4,143,1011.7,100,51.2,54.0,440.0,18.9,52.0,18.4
2026-02-16 05:00:00,2026,2,16,5,Hà Nội,Phường Tương Mai,20.9899896,105.8530145,104,Unhealthy for Sensitive Groups,2,21.0,95,0.0,7.1,142,1012.0,100,47.1,49.8,506.0,21.1,49.0,20.8
2026-02-16 06:00:00,2026,2,16,6,Hà Nội,Phường Tương Mai,20.9899896,105.8530145,104,Unhealthy for Sensitive Groups,2,20.9,96,0.0,6.4,142,1012.5,100,49.4,51.8,601.0,25.1,43.0,24.1
2026-02-16 07:00:00,2026,2,16,7,Hà Nội,Phường Tương Mai,20.9899896,105.8530145,104,Unhealthy for Sensitive Groups,2,20.9,96,0.0,6.5,134,1013.6,100,57.5,60.5,645.0,27.3,41.0,27.5
2026-02-16 08:00:00,2026,2,16,8,Hà Nội,Phường Tương Mai,20.9899896,105.8530145,105,Unhealthy for Sensitive Groups,2,21.4,91,0.1,7.6,166,1014.2,73,46.8,50.2,587.0,24.2,48.0,27.8
2026-02-16 09:00:00,2026,2,16,9,Hà Nội,Phường Tương Mai,20.9899896,105.8530145,105,Unhealthy for Sensitive Groups,2,22.4,84,0.1,9.4,178,1015.0,50,37.8,40.6,477.0,19.9,58.0,28.1
2026-02-16 10:00:00,2026,2,16,10,Hà Nội,Phường Tương Mai,20.9899896,105.8530145,106,Unhealthy for Sensitive Groups,2,24.0,75,0.0,9.2,179,1014.9,32,33.4,35.9,389.0,16.2,69.0,28.3
2026-02-16 11:00:00,2026,2,16,11,Hà Nội,Phường Tương Mai,20.9899896,105.8530145,106,Unhealthy for Sensitive Groups,2,25.1,68,0.0,9.4,178,1014.5,40,31.7,33.8,349.0,13.5,80.0,28.0
2026-02-16 12:00:00,2026,2,16,12,Hà Nội,Phường Tương Mai,20.9899896,105.8530145,106,Unhealthy for Sensitive Groups,2,26.2,62,0.0,9.8,174,1013.4,91,31.8,33.8,330.0,11.3,92.0,27.5
2026-02-16 13:00:00,2026,2,16,13,Hà Nội,Phường Tương Mai,20.9899896,105.8530145,107,Unhealthy for Sensitive Groups,2,26.5,60,0.0,8.8,168,1012.1,100,32.8,34.7,325.0,10.0,101.0,27.3
2026-02-16 14:00:00,2026,2,16,14,Hà Nội,Phường Tương Mai,20.9899896,105.8530145,108,Unhealthy for Sensitive Groups,2,27.2,58,0.0,7.5,156,1011.0,100,34.0,35.7,330.0,9.3,110.0,27.8
2026-02-16 15:00:00,2026,2,16,15,Hà Nội,Phường Tương Mai,20.9899896,105.8530145,109,Unhealthy for Sensitive Groups,2,27.8,56,0.0,8.4,155,1010.2,95,34.6,36.3,349.0,9.4,116.0,28.5
2026-02-16 16:00:00,2026,2,16,16,Hà Nội,Phường Tương Mai,20.9899896,105.8530145,110,Unhealthy for Sensitive Groups,2,27.8,56,0.0,8.6,131,1010.0,70,33.9,35.6,382.0,11.4,115.0,28.9
2026-02-16 17:00:00,2026,2,16,17,Hà Nội,Phường Tương Mai,20.9899896,105.8530145,112,Unhealthy for Sensitive Groups,2,27.0,60,0.0,8.9,128,1010.1,58,32.4,33.9,443.0,17.2,100.0,28.7
2026-02-16 18:00:00,2026,2,16,18,Hà Nội,Phường Tương Mai,20.9899896,105.8530145,113,Unhealthy for Sensitive Groups,2,24.6,69,0.0,13.6,148,1010.6,20,34.5,35.6,519.0,24.9,77.0,28.1
2026-02-16 19:00:00,2026,2,16,19,Hà Nội,Phường Tương Mai,20.9899896,105.8530145,115,Unhealthy for Sensitive Groups,2,23.7,72,0.0,15.9,154,1011.1,25,34.5,35.7,567.0,32.0,61.0,27.4
2026-02-16 20:00:00,2026,2,16,20,Hà Nội,Phường Tương Mai,20.9899896,105.8530145,116,Unhealthy for Sensitive Groups,2,22.7,78,0.0,14.1,145,1012.1,6,29.5,31.2,564.0,30.5,60.0,26.6
2026-02-16 21:00:00,2026,2,16,21,Hà Nội,Phường Tương Mai,20.9899896,105.8530145,116,Unhealthy for Sensitive Groups,2,21.8,85,0.0,11.8,146,1012.6,2,28.3,30.5,535.0,28.6,57.0,25.5
2026-02-16 22:00:00,2026,2,16,22,Hà Nội,Phường Tương Mai,20.9899896,105.8530145,116,Unhealthy for Sensitive Groups,2,21.0,91,0.0,10.8,142,1013.0,0,31.1,33.4,509.0,27.7,54.0,24.3
2026-02-16 23:00:00,2026,2,16,23,Hà Nội,Phường Tương Mai,20.9899896,105.8530145,115,Unhealthy for Sensitive Groups,2,20.4,95,0.0,9.6,140,1013.2,0,35.7,38.2,500.0,29.1,48.0,23.0
2026-02-17 00:00:00,2026,2,17,0,Hà Nội,Phường Tương Mai,20.9899896,105.8530145,114,Unhealthy for Sensitive Groups,2,20.0,97,0.0,8.6,150,1013.4,5,41.4,44.4,494.0,31.6,41.0,21.5
2026-02-17 01:00:00,2026,2,17,1,Hà Nội,Phường Tương Mai,20.9899896,105.8530145,113,Unhealthy for Sensitive Groups,2,20.8,98,0.0,8.8,139,1013.2,91,54.7,56.6,484.0,32.7,36.0,20.2
2026-02-17 02:00:00,2026,2,17,2,Hà Nội,Phường Tương Mai,20.9899896,105.8530145,112,Unhealthy for Sensitive Groups,2,21.0,98,0.0,8.8,118,1012.9,100,70.8,72.6,460.0,30.7,36.0,18.8
2026-02-17 03:00:00,2026,2,17,3,Hà Nội,Phường Tương Mai,20.9899896,105.8530145,113,Unhealthy for Sensitive Groups,2,21.2,97,0.0,8.5,103,1012.9,100,81.0,82.4,431.0,27.4,39.0,17.5
2026-02-17 04:00:00,2026,2,17,4,Hà Nội,Phường Tương Mai,20.9899896,105.8530145,115,Unhealthy for Sensitive Groups,2,21.1,96,0.0,7.4,97,1013.1,56,70.1,71.7,424.0,25.9,40.0,17.6
2026-02-17 05:00:00,2026,2,17,5,Hà Nội,Phường Tương Mai,20.9899896,105.8530145,117,Unhealthy for Sensitive Groups,2,20.8,97,0.0,6.9,85,1013.3,91,69.2,70.5,457.0,28.2,36.0,19.9
2026-02-17 06:00:00,2026,2,17,6,Hà Nội,Phường Tương Mai,20.9899896,105.8530145,119,Unhealthy for Sensitive Groups,2,20.8,97,0.0,6.6,73,1014.3,100,69.6,71.0,512.0,32.3,30.0,23.6
2026-02-17 07:00:00,2026,2,17,7,Hà Nội,Phường Tương Mai,20.9899896,105.8530145,121,Unhealthy for Sensitive Groups,2,20.9,95,0.0,6.5,77,1015.4,100,78.2,79.2,551.0,32.5,24.0,22.4
2026-02-17 08:00:00,2026,2,17,8,Hà Nội,Phường Tương Mai,20.9899896,105.8530145,124,Unhealthy for Sensitive Groups,2,22.1,88,0.0,7.1,81,1016.2,100,68.2,69.2,559.0,32.7,27.0,24.8
2026-02-17 09:00:00,2026,2,17,9,Hà Nội,Phường Tương Mai,20.9899896,105.8530145,126,Unhealthy for Sensitive Groups,2,22.7,86,0.1,7.2,89,1017.4,100,55.3,56.2,552.0,32.8,31.0,28.0
2026-02-17 10:00:00,2026,2,17,10,Hà Nội,Phường Tương Mai,20.9899896,105.8530145,128,Unhealthy for Sensitive Groups,2,23.1,81,0.0,11.3,107,1017.9,100,49.6,50.2,544.0,31.7,37.0,30.0
2026-02-17 11:00:00,2026,2,17,11,Hà Nội,Phường Tương Mai,20.9899896,105.8530145,129,Unhealthy for Sensitive Groups,2,23.9,77,0.1,12.4,92,1017.5,73,41.1,41.4,537.0,28.2,45.0,29.7
2026-02-17 12:00:00,2026,2,17,12,Hà Nội,Phường Tương Mai,20.9899896,105.8530145,130,Unhealthy for Sensitive Groups,2,24.5,74,0.1,12.4,91,1016.5,60,36.7,37.0,528.0,23.4,54.0,28.2
2026-02-17 13:00:00,2026,2,17,13,Hà Nội,Phường Tương Mai,20.9899896,105.8530145,131,Unhealthy for Sensitive Groups,2,25.0,72,0.0,12.1,86,1015.4,34,32.8,33.2,521.0,20.2,61.0,26.9
2026-02-17 14:00:00,2026,2,17,14,Hà Nội,Phường Tương Mai,20.9899896,105.8530145,131,Unhealthy for Sensitive Groups,2,25.0,72,0.6,12.0,78,1014.6,46,33.1,33.4,502.0,19.1,65.0,25.9
2026-02-17 15:00:00,2026,2,17,15,Hà Nội,Phường Tương Mai,20.9899896,105.8530145,131,Unhealthy for Sensitive Groups,2,24.5,74,0.2,13.9,63,1014.0,52,38.1,38.5,485.0,19.6,68.0,25.1
2026-02-17 16:00:00,2026,2,17,16,Hà Nội,Phường Tương Mai,20.9899896,105.8530145,131,Unhealthy for Sensitive Groups,2,24.8,72,0.1,11.9,67,1014.2,77,37.3,37.6,518.0,22.2,66.0,25.3
2026-02-17 17:00:00,2026,2,17,17,Hà Nội,Phường Tương Mai,20.9899896,105.8530145,131,Unhealthy for Sensitive Groups,2,24.4,71,0.0,9.7,79,1014.3,100,40.2,40.6,662.0,28.7,57.0,27.4
2026-02-17 18:00:00,2026,2,17,18,Hà Nội,Phường Tương Mai,20.9899896,105.8530145,132,Unhealthy for Sensitive Groups,2,23.1,74,0.0,8.0,95,1015.1,84,43.3,43.7,855.0,37.5,44.0,30.6
2026-02-17 19:00:00,2026,2,17,19,Hà Nội,Phường Tương Mai,20.9899896,105.8530145,133,Unhealthy for Sensitive Groups,2,21.6,80,0.0,8.4,115,1015.6,34,52.9,53.6,959.0,33.7,51.0,21.4
2026-02-17 20:00:00,2026,2,17,20,Hà Nội,Phường Tương Mai,20.9899896,105.8530145,135,Unhealthy for Sensitive Groups,2,21.0,84,0.0,6.3,117,1016.2,100,56.5,57.2,886.0,35.6,45.0,23.4
2026-02-17 21:00:00,2026,2,17,21,Hà Nội,Phường Tương Mai,20.9899896,105.8530145,138,Unhealthy for Sensitive Groups,2,20.7,86,0.0,4.6,69,1017.0,100,60.3,61.0,724.0,38.2,38.0,26.2
2026-02-17 22:00:00,2026,2,17,22,Hà Nội,Phường Tương Mai,20.9899896,105.8530145,141,Unhealthy for Sensitive Groups,2,20.5,85,0.0,7.4,45,1017.6,100,64.5,65.2,594.0,39.0,32.0,28.0
2026-02-17 23:00:00,2026,2,17,23,Hà Nội,Phường Tương Mai,20.9899896,105.8530145,145,Unhealthy for Sensitive Groups,2,19.5,74,0.0,9.6,43,1017.8,100,64.5,65.0,549.0,36.6,30.0,27.9
2026-02-18 00:00:00,2026,2,18,0,Hà Nội,Phường Tương Mai,20.9899896,105.8530145,148,Unhealthy for Sensitive Groups,2,18.6,76,0.0,9.3,34,1018.0,100,59.6,60.1,536.0,32.5,30.0,27.0
2026-02-18 01:00:00,2026,2,18,1,Hà Nội,Phường Tương Mai,20.9899896,105.8530145,150,Unhealthy for Sensitive Groups,2,19.0,83,0.0,9.6,33,1017.5,100,58.1,58.7,526.0,29.0,30.0,26.3
2026-02-18 02:00:00,2026,2,18,2,Hà Nội,Phường Tương Mai,20.9899896,105.8530145,150,Unhealthy for Sensitive Groups,2,18.6,85,0.2,11.7,41,1017.6,100,54.8,55.3,498.0,26.8,29.0,26.4
2026-02-18 03:00:00,2026,2,18,3,Hà Nội,Phường Tương Mai,20.9899896,105.8530145,148,Unhealthy for Sensitive Groups,2,18.0,85,0.1,11.2,38,1017.7,100,57.6,58.4,473.0,25.3,29.0,26.8
2026-02-18 04:00:00,2026,2,18,4,Hà Nội,Phường Tương Mai,20.9899896,105.8530145,146,Unhealthy for Sensitive Groups,2,17.6,85,0.0,9.1,30,1017.9,100,55.4,56.0,477.0,24.9,27.0,27.5
2026-02-18 05:00:00,2026,2,18,5,Hà Nội,Phường Tương Mai,20.9899896,105.8530145,144,Unhealthy for Sensitive Groups,2,17.3,85,0.0,8.9,28,1018.0,100,54.7,55.2,536.0,26.7,23.0,28.5
2026-02-18 06:00:00,2026,2,18,6,Hà Nội,Phường Tương Mai,20.9899896,105.8530145,143,Unhealthy for Sensitive Groups,2,17.0,86,0.0,9.2,33,1018.7,100,55.2,55.5,626.0,29.6,18.0,29.7
2026-02-18 07:00:00,2026,2,18,7,Hà Nội,Phường Tương Mai,20.9899896,105.8530145,141,Unhealthy for Sensitive Groups,2,17.0,86,0.0,9.9,35,1019.8,100,58.4,59.0,698.0,29.0,25.0,29.6
2026-02-18 08:00:00,2026,2,18,8,Hà Nội,Phường Tương Mai,20.9899896,105.8530145,139,Unhealthy for Sensitive Groups,2,17.2,84,0.1,8.3,27,1020.4,100,59.3,59.8,741.0,29.0,26.0,31.0
2026-02-18 09:00:00,2026,2,18,9,Hà Nội,Phường Tương Mai,20.9899896,105.8530145,138,Unhealthy for Sensitive Groups,2,17.8,80,0.0,7.9,20,1021.2,100,58.2,58.8,768.0,28.8,28.0,32.8
2026-02-18 10:00:00,2026,2,18,10,Hà Nội,Phường Tương Mai,20.9899896,105.8530145,139,Unhealthy for Sensitive Groups,2,18.7,76,0.0,5.5,9,1021.7,100,57.6,58.2,768.0,27.6,35.0,33.0
2026-02-18 11:00:00,2026,2,18,11,Hà Nội,Phường Tương Mai,20.9899896,105.8530145,139,Unhealthy for Sensitive Groups,2,19.8,73,0.0,5.0,358,1021.0,100,55.9,56.5,717.0,24.5,50.0,30.4
2026-02-18 12:00:00,2026,2,18,12,Hà Nội,Phường Tương Mai,20.9899896,105.8530145,141,Unhealthy for Sensitive Groups,2,20.7,71,0.0,6.6,69,1020.3,100,52.2,52.6,640.0,20.4,69.0,26.1
2026-02-18 13:00:00,2026,2,18,13,Hà Nội,Phường Tương Mai,20.9899896,105.8530145,143,Unhealthy for Sensitive Groups,2,20.1,76,0.0,3.5,9,1019.8,100,47.0,47.5,597.0,17.2,84.0,22.4
2026-02-18 14:00:00,2026,2,18,14,Hà Nội,Phường Tương Mai,20.9899896,105.8530145,144,Unhealthy for Sensitive Groups,2,20.1,77,0.1,3.8,8,1018.9,100,42.7,43.2,622.0,15.1,94.0,19.3
2026-02-18 15:00:00,2026,2,18,15,Hà Nội,Phường Tương Mai,20.9899896,105.8530145,145,Unhealthy for Sensitive Groups,2,20.5,77,0.0,3.1,69,1017.9,100,39.1,39.6,682.0,13.9,101.0,16.6
2026-02-18 16:00:00,2026,2,18,16,Hà Nội,Phường Tương Mai,20.9899896,105.8530145,145,Unhealthy for Sensitive Groups,2,21.0,76,0.0,4.8,110,1017.7,100,35.9,36.2,742.0,15.4,101.0,15.9
2026-02-18 17:00:00,2026,2,18,17,Hà Nội,Phường Tương Mai,20.9899896,105.8530145,145,Unhealthy for Sensitive Groups,2,21.0,77,0.0,6.1,118,1017.4,100,37.1,37.5,803.0,21.9,92.0,18.6
2026-02-18 18:00:00,2026,2,18,18,Hà Nội,Phường Tương Mai,20.9899896,105.8530145,145,Unhealthy for Sensitive Groups,2,20.2,79,0.0,7.8,143,1017.8,100,44.1,44.5,864.0,31.0,76.0,23.3
2026-02-18 19:00:00,2026,2,18,19,Hà Nội,Phường Tương Mai,20.9899896,105.8530145,145,Unhealthy for Sensitive Groups,2,19.0,89,0.0,2.7,160,1018.7,100,62.2,62.4,892.0,46.8,40.0,28.8
2026-02-18 20:00:00,2026,2,18,20,Hà Nội,Phường Tương Mai,20.9899896,105.8530145,146,Unhealthy for Sensitive Groups,2,18.9,91,0.0,1.2,141,1019.0,100,70.8,71.0,852.0,47.1,38.0,30.5
2026-02-18 21:00:00,2026,2,18,21,Hà Nội,Phường Tương Mai,20.9899896,105.8530145,147,Unhealthy for Sensitive Groups,2,18.7,91,0.0,1.1,189,1019.2,100,74.7,75.2,779.0,47.5,36.0,32.9
2026-02-18 22:00:00,2026,2,18,22,Hà Nội,Phường Tương Mai,20.9899896,105.8530145,149,Unhealthy for Sensitive Groups,2,18.5,92,0.0,1.3,196,1019.3,100,81.7,82.2,747.0,47.8,33.0,34.6
2026-02-18 23:00:00,2026,2,18,23,Hà Nội,Phường Tương Mai,20.9899896,105.8530145,150,Unhealthy for Sensitive Groups,2,18.4,92,0.0,1.4,293,1019.4,100,84.5,85.0,801.0,48.3,30.0,35.2
2026-02-19 00:00:00,2026,2,19,0,Hà Nội,Phường Tương Mai,20.9899896,105.8530145,151,Unhealthy,3,18.2,93,0.0,4.4,277,1019.8,100,86.8,87.5,896.0,48.8,27.0,35.2
2026-02-19 01:00:00,2026,2,19,1,Hà Nội,Phường Tương Mai,20.9899896,105.8530145,151,Unhealthy,3,17.9,93,0.0,5.4,307,1019.7,100,88.5,88.9,968.0,48.5,25.0,34.9
2026-02-19 02:00:00,2026,2,19,2,Hà Nội,Phường Tương Mai,20.9899896,105.8530145,152,Unhealthy,3,17.9,92,0.0,5.0,339,1019.5,100,86.4,86.8,972.0,46.8,24.0,34.2
2026-02-19 03:00:00,2026,2,19,3,Hà Nội,Phường Tương Mai,20.9899896,105.8530145,152,Unhealthy,3,17.9,92,0.0,5.2,360,1019.3,100,82.4,82.9,953.0,44.4,24.0,33.3
2026-02-19 04:00:00,2026,2,19,4,Hà Nội,Phường Tương Mai,20.9899896,105.8530145,153,Unhealthy,3,17.8,93,0.2,6.0,16,1019.1,100,78.0,78.5,977.0,42.3,24.0,32.7
2026-02-19 05:00:00,2026,2,19,5,Hà Nội,Phường Tương Mai,20.9899896,105.8530145,154,Unhealthy,3,17.8,91,0.2,7.3,16,1019.4,100,74.0,74.3,1112.0,41.4,22.0,32.8
2026-02-19 06:00:00,2026,2,19,6,Hà Nội,Phường Tương Mai,20.9899896,105.8530145,154,Unhealthy,3,17.8,89,0.2,7.8,13,1020.0,100,71.2,71.7,1290.0,40.9,19.0,33.2
2026-02-19 07:00:00,2026,2,19,7,Hà Nội,Phường Tương Mai,20.9899896,105.8530145,154,Unhealthy,3,17.4,87,0.5,8.1,21,1020.9,100,71.0,71.2,1370.0,34.4,29.0,30.2
2026-02-19 08:00:00,2026,2,19,8,Hà Nội,Phường Tương Mai,20.9899896,105.8530145,155,Unhealthy,3,17.8,85,0.1,8.6,33,1021.3,100,67.8,68.0,1264.0,31.7,34.0,30.7
2026-02-19 09:00:00,2026,2,19,9,Hà Nội,Phường Tương Mai,20.9899896,105.8530145,155,Unhealthy,3,18.6,80,0.0,6.1,23,1022.1,100,62.9,63.1,1060.0,27.9,42.0,31.2
2026-02-19 10:00:00,2026,2,19,10,Hà Nội,Phường Tương Mai,20.9899896,105.8530145,155,Unhealthy,3,19.8,75,0.0,6.5,19,1022.5,100,56.5,56.8,879.0,24.6,51.0,30.7
2026-02-19 11:00:00,2026,2,19,11,Hà Nội,Phường Tương Mai,20.9899896,105.8530145,155,Unhealthy,3,20.4,73,0.0,5.6,33,1021.9,100,49.2,49.8,752.0,22.3,61.0,28.2
2026-02-19 12:00:00,2026,2,19,12,Hà Nội,Phường Tương Mai,20.9899896,105.8530145,155,Unhealthy,3,21.3,72,0.0,5.9,67,1020.8,100,46.6,47.1,648.0,20.6,72.0,24.7
2026-02-19 13:00:00,2026,2,19,13,Hà Nội,Phường Tương Mai,20.9899896,105.8530145,155,Unhealthy,3,21.4,72,0.0,3.4,43,1020.2,100,47.3,48.0,594.0,19.6,81.0,22.1
2026-02-19 14:00:00,2026,2,19,14,Hà Nội,Phường Tương Mai,20.9899896,105.8530145,155,Unhealthy,3,21.8,71,0.0,2.3,32,1019.5,100,53.8,54.5,553.0,17.8,88.0,20.5
2026-02-19 15:00:00,2026,2,19,15,Hà Nội,Phường Tương Mai,20.9899896,105.8530145,155,Unhealthy,3,21.9,71,0.0,2.7,28,1019.0,100,53.1,53.8,562.0,16.7,94.0,19.7
2026-02-19 16:00:00,2026,2,19,16,Hà Nội,Phường Tương Mai,20.9899896,105.8530145,155,Unhealthy,3,22.0,71,0.0,3.0,25,1018.5,100,53.4,54.0,754.0,21.1,91.0,21.4
2026-02-19 17:00:00,2026,2,19,17,Hà Nội,Phường Tương Mai,20.9899896,105.8530145,156,Unhealthy,3,22.0,71,0.0,2.2,355,1018.3,100,55.3,56.0,1281.0,35.7,74.0,26.7
2026-02-19 18:00:00,2026,2,19,18,Hà Nội,Phường Tương Mai,20.9899896,105.8530145,156,Unhealthy,3,21.0,79,0.0,3.7,317,1018.6,100,81.0,81.7,1992.0,55.7,50.0,34.4
2026-02-19 19:00:00,2026,2,19,19,Hà Nội,Phường Tương Mai,20.9899896,105.8530145,157,Unhealthy,3,20.0,84,0.0,4.8,326,1019.5,100,66.1,66.4,2559.0,49.8,44.0,30.8
2026-02-19 20:00:00,2026,2,19,20,Hà Nội,Phường Tương Mai,20.9899896,105.8530145,157,Unhealthy,3,19.9,85,0.0,5.1,350,1020.1,100,75.4,75.9,2903.0,49.7,45.0,32.9
2026-02-19 21:00:00,2026,2,19,21,Hà Nội,Phường Tương Mai,20.9899896,105.8530145,157,Unhealthy,3,19.6,84,0.0,8.4,43,1020.5,100,75.2,75.4,3105.0,49.4,46.0,35.8
2026-02-19 22:00:00,2026,2,19,22,Hà Nội,Phường Tương Mai,20.9899896,105.8530145,157,Unhealthy,3,19.1,79,0.0,10.2,48,1020.9,100,78.5,78.7,3077.0,48.2,45.0,37.3
2026-02-19 23:00:00,2026,2,19,23,Hà Nội,Phường Tương Mai,20.9899896,105.8530145,157,Unhealthy,3,18.6,79,0.1,9.7,31,1020.9,100,89.4,89.9,2686.0,46.0,41.0,36.4
2026-02-20 00:00:00,2026,2,20,0,Hà Nội,Phường Tương Mai,20.9899896,105.8530145,157,Unhealthy,3,18.1,82,0.4,12.6,28,1021.3,100,88.9,89.2,2066.0,42.9,36.0,34.1
2026-02-20 01:00:00,2026,2,20,1,Hà Nội,Phường Tương Mai,20.9899896,105.8530145,157,Unhealthy,3,17.4,91,0.1,12.4,9,1021.8,100,71.2,71.5,1535.0,38.9,32.0,31.7
2026-02-20 02:00:00,2026,2,20,2,Hà Nội,Phường Tương Mai,20.9899896,105.8530145,157,Unhealthy,3,17.0,92,0.5,12.1,10,1021.4,100,49.2,49.4,1191.0,32.9,31.0,29.0
2026-02-20 03:00:00,2026,2,20,3,Hà Nội,Phường Tương Mai,20.9899896,105.8530145,156,Unhealthy,3,16.9,91,0.3,11.3,14,1021.1,100,34.9,35.0,936.0,26.1,30.0,26.1
2026-02-20 04:00:00,2026,2,20,4,Hà Nội,Phường Tương Mai,20.9899896,105.8530145,155,Unhealthy,3,16.7,91,0.1,9.4,8,1020.6,100,27.1,27.2,800.0,21.8,29.0,24.4
2026-02-20 05:00:00,2026,2,20,5,Hà Nội,Phường Tương Mai,20.9899896,105.8530145,154,Unhealthy,3,16.5,91,0.0,8.7,355,1020.4,100,23.6,23.7,849.0,22.7,24.0,24.8
2026-02-20 06:00:00,2026,2,20,6,Hà Nội,Phường Tương Mai,20.9899896,105.8530145,153,Unhealthy,3,16.5,90,0.0,8.1,348,1020.6,100,24.7,24.7,1016.0,26.1,19.0,26.4
2026-02-20 07:00:00,2026,2,20,7,Hà Nội,Phường Tương Mai,20.9899896,105.8530145,152,Unhealthy,3,16.9,84,0.0,5.2,356,1021.0,100,21.6,21.7,1127.0,28.9,20.0,29.3
2026-02-20 08:00:00,2026,2,20,8,Hà Nội,Phường Tương Mai,20.9899896,105.8530145,150,Unhealthy for Sensitive Groups,2,17.2,83,0.0,4.5,344,1021.3,95,19.4,19.5,1108.0,26.4,28.0,30.4
2026-02-20 09:00:00,2026,2,20,9,Hà Nội,Phường Tương Mai,20.9899896,105.8530145,147,Unhealthy for Sensitive Groups,2,18.1,78,0.0,5.2,346,1021.6,70,18.9,19.2,1034.0,22.9,40.0,31.9
2026-02-20 10:00:00,2026,2,20,10,Hà Nội,Phường Tương Mai,20.9899896,105.8530145,143,Unhealthy for Sensitive Groups,2,19.8,74,0.0,5.9,342,1021.6,9,19.9,20.1,950.0,19.5,56.0,32.1
2026-02-20 11:00:00,2026,2,20,11,Hà Nội,Phường Tương Mai,20.9899896,105.8530145,139,Unhealthy for Sensitive Groups,2,21.4,69,0.0,5.4,352,1020.6,0,23.2,23.3,864.0,16.3,81.0,29.6
2026-02-20 12:00:00,2026,2,20,12,Hà Nội,Phường Tương Mai,20.9899896,105.8530145,136,Unhealthy for Sensitive Groups,2,22.9,65,0.0,0.0,270,1018.9,62,27.0,27.2,769.0,13.2,110.0,25.9
2026-02-20 13:00:00,2026,2,20,13,Hà Nội,Phường Tương Mai,20.9899896,105.8530145,134,Unhealthy for Sensitive Groups,2,22.5,66,0.0,3.2,232,1017.8,99,28.9,29.2,693.0,11.3,131.0,23.6
2026-02-20 14:00:00,2026,2,20,14,Hà Nội,Phường Tương Mai,20.9899896,105.8530145,132,Unhealthy for Sensitive Groups,2,23.3,64,0.0,4.2,220,1016.3,100,31.0,31.2,634.0,10.6,139.0,23.8
2026-02-20 15:00:00,2026,2,20,15,Hà Nội,Phường Tương Mai,20.9899896,105.8530145,130,Unhealthy for Sensitive Groups,2,23.5,63,0.0,5.3,204,1014.9,100,33.3,33.5,594.0,11.1,138.0,25.4
2026-02-20 16:00:00,2026,2,20,16,Hà Nội,Phường Tương Mai,20.9899896,105.8530145,128,Unhealthy for Sensitive Groups,2,23.5,63,0.0,7.4,176,1013.9,98,35.2,35.4,608.0,14.0,131.0,27.6
2026-02-20 17:00:00,2026,2,20,17,Hà Nội,Phường Tương Mai,20.9899896,105.8530145,126,Unhealthy for Sensitive Groups,2,23.0,67,0.0,6.8,145,1013.5,91,41.1,41.3,731.0,21.8,113.0,31.2
2026-02-20 18:00:00,2026,2,20,18,Hà Nội,Phường Tương Mai,20.9899896,105.8530145,124,Unhealthy for Sensitive Groups,2,22.1,72,0.0,7.7,131,1013.1,100,49.5,49.6,908.0,32.1,88.0,35.4
2026-02-20 19:00:00,2026,2,20,19,Hà Nội,Phường Tương Mai,20.9899896,105.8530145,121,Unhealthy for Sensitive Groups,2,21.8,74,0.0,10.9,134,1013.2,98,48.5,48.8,1008.0,34.0,68.0,36.4
2026-02-20 20:00:00,2026,2,20,20,Hà Nội,Phường Tương Mai,20.9899896,105.8530145,119,Unhealthy for Sensitive Groups,2,20.8,78,0.0,15.7,146,1013.4,2,43.2,43.5,954.0,31.3,66.0,32.9
2026-02-20 21:00:00,2026,2,20,21,Hà Nội,Phường Tương Mai,20.9899896,105.8530145,116,Unhealthy for Sensitive Groups,2,19.2,84,0.0,13.6,149,1013.7,1,38.4,39.0,824.0,27.5,64.0,28.1
2026-02-20 22:00:00,2026,2,20,22,Hà Nội,Phường Tương Mai,20.9899896,105.8530145,112,Unhealthy for Sensitive Groups,2,18.4,89,0.0,13.0,155,1013.8,1,38.2,38.9,715.0,24.7,62.0,24.2
2026-02-20 23:00:00,2026,2,20,23,Hà Nội,Phường Tương Mai,20.9899896,105.8530145,108,Unhealthy for Sensitive Groups,2,18.0,93,0.0,12.5,159,1013.4,1,40.2,40.9,668.0,23.8,60.0,22.1
2026-02-21 00:00:00,2026,2,21,0,Hà Nội,Phường Tương Mai,20.9899896,105.8530145,103,Unhealthy for Sensitive Groups,2,17.9,95,0.0,11.9,158,1013.2,5,41.1,41.9,644.0,24.0,57.0,20.9
2026-02-21 01:00:00,2026,2,21,1,Hà Nội,Phường Tương Mai,20.9899896,105.8530145,98,Moderate,1,18.0,97,0.0,10.7,157,1012.9,9,42.3,43.1,621.0,24.2,55.0,20.3
2026-02-21 02:00:00,2026,2,21,2,Hà Nội,Phường Tương Mai,20.9899896,105.8530145,95,Moderate,1,18.0,97,0.0,10.9,158,1012.2,11,43.3,44.2,583.0,24.1,53.0,20.1
2026-02-21 03:00:00,2026,2,21,3,Hà Nội,Phường Tương Mai,20.9899896,105.8530145,95,Moderate,1,18.0,97,0.0,10.0,160,1011.5,23,44.4,45.4,547.0,24.2,51.0,20.3
2026-02-21 04:00:00,2026,2,21,4,Hà Nội,Phường Tương Mai,20.9899896,105.8530145,96,Moderate,1,18.0,97,0.0,9.3,155,1010.8,31,46.2,47.4,546.0,24.9,49.0,21.1
2026-02-21 05:00:00,2026,2,21,5,Hà Nội,Phường Tương Mai,20.9899896,105.8530145,97,Moderate,1,17.9,97,0.0,9.5,153,1010.6,65,49.1,50.3,620.0,27.4,44.0,22.8
2026-02-21 06:00:00,2026,2,21,6,Hà Nội,Phường Tương Mai,20.9899896,105.8530145,100,Moderate,1,18.0,97,0.0,11.1,157,1010.4,97,52.5,53.6,730.0,30.4,39.0,24.9
2026-02-21 07:00:00,2026,2,21,7,Hà Nội,Phường Tương Mai,20.9899896,105.8530145,103,Unhealthy for Sensitive Groups,2,18.1,96,0.0,8.6,169,1011.1,100,65.9,67.5,788.0,33.0,35.0,26.5
2026-02-21 08:00:00,2026,2,21,8,Hà Nội,Phường Tương Mai,20.9899896,105.8530145,107,Unhealthy for Sensitive Groups,2,19.0,90,0.0,11.7,181,1011.7,100,58.7,60.5,745.0,28.5,46.0,25.8
2026-02-21 09:00:00,2026,2,21,9,Hà Nội,Phường Tương Mai,20.9899896,105.8530145,111,Unhealthy for Sensitive Groups,2,20.5,84,0.0,13.7,182,1011.5,100,50.9,52.7,652.0,22.3,61.0,24.7
2026-02-21 10:00:00,2026,2,21,10,Hà Nội,Phường Tương Mai,20.9899896,105.8530145,115,Unhealthy for Sensitive Groups,2,22.1,77,0.1,14.9,182,1011.4,100,43.8,45.2,572.0,16.8,78.0,23.8
2026-02-21 11:00:00,2026,2,21,11,Hà Nội,Phường Tương Mai,20.9899896,105.8530145,117,Unhealthy for Sensitive Groups,2,23.2,73,0.0,14.8,179,1010.2,100,42.3,43.3,528.0,12.9,97.0,23.1
2026-02-21 12:00:00,2026,2,21,12,Hà Nội,Phường Tương Mai,20.9899896,105.8530145,119,Unhealthy for Sensitive Groups,2,24.5,69,0.0,12.8,176,1008.4,100,41.1,42.0,498.0,9.8,116.0,22.5
2026-02-21 13:00:00,2026,2,21,13,Hà Nội,Phường Tương Mai,20.9899896,105.8530145,121,Unhealthy for Sensitive Groups,2,24.9,68,0.0,9.6,174,1007.7,100,40.7,41.6,478.0,7.8,130.0,21.9
2026-02-21 14:00:00,2026,2,21,14,Hà Nội,Phường Tương Mai,20.9899896,105.8530145,122,Unhealthy for Sensitive Groups,2,26.2,63,0.0,9.6,166,1006.2,95,39.2,40.0,469.0,7.0,136.0,21.5
2026-02-21 15:00:00,2026,2,21,15,Hà Nội,Phường Tương Mai,20.9899896,105.8530145,123,Unhealthy for Sensitive Groups,2,27.6,58,0.0,14.4,158,1004.6,63,35.7,36.6,471.0,7.3,137.0,21.1
2026-02-21 16:00:00,2026,2,21,16,Hà Nội,Phường Tương Mai,20.9899896,105.8530145,123,Unhealthy for Sensitive Groups,2,26.5,64,0.0,17.4,133,1004.2,15,29.5,30.6,479.0,8.8,130.0,20.7
2026-02-21 17:00:00,2026,2,21,17,Hà Nội,Phường Tương Mai,20.9899896,105.8530145,122,Unhealthy for Sensitive Groups,2,24.7,71,0.0,15.0,137,1004.1,9,22.1,23.2,495.0,12.1,110.0,20.0
2026-02-21 18:00:00,2026,2,21,18,Hà Nội,Phường Tương Mai,20.9899896,105.8530145,120,Unhealthy for Sensitive Groups,2,23.4,76,0.0,14.9,138,1004.9,7,18.0,19.6,518.0,16.5,84.0,19.3
2026-02-21 19:00:00,2026,2,21,19,Hà Nội,Phường Tương Mai,20.9899896,105.8530145,117,Unhealthy for Sensitive Groups,2,22.4,81,0.0,17.2,152,1005.1,18,20.6,22.2,534.0,21.1,64.0,19.6
2026-02-21 20:00:00,2026,2,21,20,Hà Nội,Phường Tương Mai,20.9899896,105.8530145,114,Unhealthy for Sensitive Groups,2,21.6,84,0.0,15.4,156,1005.8,30,21.1,23.1,540.0,21.5,62.0,20.1
2026-02-21 21:00:00,2026,2,21,21,Hà Nội,Phường Tương Mai,20.9899896,105.8530145,112,Unhealthy for Sensitive Groups,2,21.1,88,0.0,14.6,159,1006.4,53,22.8,25.0,541.0,22.0,59.0,20.7
2026-02-21 22:00:00,2026,2,21,22,Hà Nội,Phường Tương Mai,20.9899896,105.8530145,110,Unhealthy for Sensitive Groups,2,20.6,91,0.0,13.2,154,1007.0,48,25.2,27.5,535.0,22.8,55.0,21.1
2026-02-21 23:00:00,2026,2,21,23,Hà Nội,Phường Tương Mai,20.9899896,105.8530145,109,Unhealthy for Sensitive Groups,2,20.2,94,0.0,12.5,144,1007.1,17,28.7,31.1,523.0,24.0,51.0,21.0
2026-02-22 00:00:00,2026,2,22,0,Hà Nội,Phường Tương Mai,20.9899896,105.8530145,108,Unhealthy for Sensitive Groups,2,19.9,96,0.0,11.2,132,1007.2,23,29.9,32.4,505.0,25.4,46.0,20.7
2026-02-22 01:00:00,2026,2,22,1,Hà Nội,Phường Tương Mai,20.9899896,105.8530145,106,Unhealthy for Sensitive Groups,2,20.8,97,0.0,11.5,131,1007.1,100,30.0,32.7,482.0,26.2,43.0,20.1
2026-02-22 02:00:00,2026,2,22,2,Hà Nội,Phường Tương Mai,20.9899896,105.8530145,105,Unhealthy for Sensitive Groups,2,20.8,98,0.0,11.3,129,1006.6,100,29.9,32.7,436.0,25.5,42.0,18.9
2026-02-22 03:00:00,2026,2,22,3,Hà Nội,Phường Tương Mai,20.9899896,105.8530145,104,Unhealthy for Sensitive Groups,2,21.0,98,0.0,9.5,129,1006.7,100,29.9,32.9,386.0,24.2,43.0,17.5
2026-02-22 04:00:00,2026,2,22,4,Hà Nội,Phường Tương Mai,20.9899896,105.8530145,102,Unhealthy for Sensitive Groups,2,21.1,97,0.0,8.7,132,1007.1,100,30.0,33.4,384.0,23.9,42.0,16.9
2026-02-22 05:00:00,2026,2,22,5,Hà Nội,Phường Tương Mai,20.9899896,105.8530145,101,Unhealthy for Sensitive Groups,2,21.2,97,0.0,7.8,122,1007.2,100,30.4,34.0,491.0,26.2,38.0,18.0
2026-02-22 06:00:00,2026,2,22,6,Hà Nội,Phường Tương Mai,20.9899896,105.8530145,99,Moderate,1,21.2,98,0.0,8.5,118,1007.7,100,31.4,35.3,648.0,29.6,33.0,20.0
2026-02-22 07:00:00,2026,2,22,7,Hà Nội,Phường Tương Mai,20.9899896,105.8530145,97,Moderate,1,21.1,97,0.0,7.8,99,1008.7,100,38.5,42.4,729.0,34.3,28.0,24.3
2026-02-22 08:00:00,2026,2,22,8,Hà Nội,Phường Tương Mai,20.9899896,105.8530145,95,Moderate,1,21.4,96,0.0,9.0,100,1009.4,100,34.0,38.3,657.0,32.6,32.0,24.3
2026-02-22 09:00:00,2026,2,22,9,Hà Nội,Phường Tương Mai,20.9899896,105.8530145,92,Moderate,1,21.9,94,0.1,10.8,111,1010.0,100,33.1,37.4,510.0,30.0,38.0,24.3
2026-02-22 10:00:00,2026,2,22,10,Hà Nội,Phường Tương Mai,20.9899896,105.8530145,91,Moderate,1,23.2,86,0.1,13.4,131,1010.3,100,31.0,34.9,397.0,27.3,45.0,23.9
2026-02-22 11:00:00,2026,2,22,11,Hà Nội,Phường Tương Mai,20.9899896,105.8530145,90,Moderate,1,24.9,78,0.1,11.7,144,1009.8,100,29.1,32.6,362.0,24.2,54.0,23.0
2026-02-22 12:00:00,2026,2,22,12,Hà Nội,Phường Tương Mai,20.9899896,105.8530145,88,Moderate,1,24.8,79,0.1,13.0,142,1008.9,100,24.6,28.5,361.0,20.9,64.0,21.8
2026-02-22 13:00:00,2026,2,22,13,Hà Nội,Phường Tương Mai,20.9899896,105.8530145,87,Moderate,1,23.7,84,0.1,13.8,130,1008.1,100,21.0,24.9,371.0,18.4,73.0,20.4
2026-02-22 14:00:00,2026,2,22,14,Hà Nội,Phường Tương Mai,20.9899896,105.8530145,85,Moderate,1,23.2,84,0.1,13.8,122,1007.2,100,19.4,22.9,381.0,16.7,79.0,18.3
2026-02-22 15:00:00,2026,2,22,15,Hà Nội,Phường Tương Mai,20.9899896,105.8530145,84,Moderate,1,22.8,83,0.1,13.9,121,1007.0,100,18.0,20.5,401.0,15.8,84.0,16.0
2026-02-22 16:00:00,2026,2,22,16,Hà Nội,Phường Tương Mai,20.9899896,105.8530145,82,Moderate,1,22.8,82,0.0,13.5,124,1007.1,100,17.2,19.5,439.0,16.1,86.0,14.8
2026-02-22 17:00:00,2026,2,22,17,Hà Nội,Phường Tương Mai,20.9899896,105.8530145,81,Moderate,1,22.2,84,0.0,11.7,124,1007.2,100,19.9,21.7,518.0,18.5,84.0,15.6
2026-02-22 18:00:00,2026,2,22,18,Hà Nội,Phường Tương Mai,20.9899896,105.8530145,81,Moderate,1,22.0,85,0.0,10.9,135,1007.6,100,22.0,23.5,616.0,22.1,79.0,17.4
2026-02-22 19:00:00,2026,2,22,19,Hà Nội,Phường Tương Mai,20.9899896,105.8530145,81,Moderate,1,22.1,83,0.0,14.6,123,1007.9,100,26.7,27.9,669.0,26.5,71.0,19.8
2026-02-22 20:00:00,2026,2,22,20,Hà Nội,Phường Tương Mai,20.9899896,105.8530145,82,Moderate,1,21.5,87,0.5,14.0,125,1008.4,100,29.5,30.9,641.0,26.9,69.0,21.0
2026-02-22 21:00:00,2026,2,22,21,Hà Nội,Phường Tương Mai,20.9899896,105.8530145,82,Moderate,1,20.8,93,0.7,12.7,126,1008.9,100,32.5,33.6,568.0,27.4,66.0,22.7
2026-02-22 22:00:00,2026,2,22,22,Hà Nội,Phường Tương Mai,20.9899896,105.8530145,83,Moderate,1,20.9,92,0.2,11.0,132,1009.5,100,36.0,37.4,503.0,27.6,63.0,23.6
2026-02-22 23:00:00,2026,2,22,23,Hà Nội,Phường Tương Mai,20.9899896,105.8530145,84,Moderate,1,20.9,91,0.0,10.4,144,1009.8,100,38.5,40.0,462.0,27.3,61.0,23.2
2026-02-23 00:00:00,2026,2,23,0,Hà Nội,Phường Tương Mai,20.9899896,105.8530145,85,Moderate,1,20.9,90,0.0,9.7,141,1009.6,100,37.8,39.6,428.0,26.8,58.0,22.1
2026-02-23 01:00:00,2026,2,23,1,Hà Nội,Phường Tương Mai,20.9899896,105.8530145,86,Moderate,1,21.4,90,0.0,9.2,132,1009.0,100,36.4,38.3,400.0,26.1,57.0,21.1
2026-02-23 02:00:00,2026,2,23,2,Hà Nội,Phường Tương Mai,20.9899896,105.8530145,86,Moderate,1,21.3,91,0.0,9.8,133,1008.5,100,34.9,36.9,370.0,25.2,57.0,20.4
2026-02-23 03:00:00,2026,2,23,3,Hà Nội,Phường Tương Mai,20.9899896,105.8530145,87,Moderate,1,21.2,91,0.0,10.7,134,1007.8,100,33.9,36.0,345.0,24.2,57.0,19.8
2026-02-23 04:00:00,2026,2,23,4,Hà Nội,Phường Tương Mai,20.9899896,105.8530145,87,Moderate,1,21.2,91,0.0,11.7,135,1007.5,100,33.4,35.7,345.0,23.8,57.0,19.5
2026-02-23 05:00:00,2026,2,23,5,Hà Nội,Phường Tương Mai,20.9899896,105.8530145,87,Moderate,1,21.3,91,0.0,10.7,131,1007.7,100,32.5,35.0,396.0,24.9,56.0,19.9
2026-02-23 06:00:00,2026,2,23,6,Hà Nội,Phường Tương Mai,20.9899896,105.8530145,88,Moderate,1,21.3,91,0.0,10.6,132,1008.2,100,31.9,34.7,471.0,26.5,54.0,20.6
2026-02-23 07:00:00,2026,2,23,7,Hà Nội,Phường Tương Mai,20.9899896,105.8530145,88,Moderate,1,21.0,94,0.1,9.6,127,1009.4,100,31.9,35.3,518.0,25.8,55.0,20.2
2026-02-23 08:00:00,2026,2,23,8,Hà Nội,Phường Tương Mai,20.9899896,105.8530145,87,Moderate,1,22.4,92,0.0,11.4,142,1010.1,100,29.7,34.2,503.0,24.4,58.0,20.8
2026-02-23 09:00:00,2026,2,23,9,Hà Nội,Phường Tương Mai,20.9899896,105.8530145,87,Moderate,1,22.8,92,0.0,13.4,152,1010.7,100,30.7,34.9,460.0,22.4,63.0,21.6
2026-02-23 10:00:00,2026,2,23,10,Hà Nội,Phường Tương Mai,20.9899896,105.8530145,86,Moderate,1,23.9,85,0.1,15.5,165,1010.9,100,28.5,33.2,427.0,20.1,68.0,22.1
2026-02-23 11:00:00,2026,2,23,11,Hà Nội,Phường Tương Mai,20.9899896,105.8530145,86,Moderate,1,24.5,82,0.2,16.2,168,1010.3,100,24.2,28.5,427.0,17.5,74.0,22.3
2026-02-23 12:00:00,2026,2,23,12,Hà Nội,Phường Tương Mai,20.9899896,105.8530145,86,Moderate,1,24.8,80,0.1,12.9,165,1009.4,100,22.6,26.1,439.0,14.8,80.0,22.1
2026-02-23 13:00:00,2026,2,23,13,Hà Nội,Phường Tương Mai,20.9899896,105.8530145,86,Moderate,1,24.5,79,0.0,10.8,165,1008.8,100,21.0,23.6,438.0,12.5,85.0,21.3
2026-02-23 14:00:00,2026,2,23,14,Hà Nội,Phường Tương Mai,20.9899896,105.8530145,86,Moderate,1,25.0,76,0.1,15.1,154,1007.7,100,21.2,23.9,403.0,10.5,90.0,18.9
2026-02-23 15:00:00,2026,2,23,15,Hà Nội,Phường Tương Mai,20.9899896,105.8530145,86,Moderate,1,25.6,72,0.0,16.3,155,1006.8,41,21.9,24.4,355.0,9.0,95.0,15.7
2026-02-23 16:00:00,2026,2,23,16,Hà Nội,Phường Tương Mai,20.9899896,105.8530145,86,Moderate,1,26.0,70,0.0,16.5,162,1006.5,91,22.3,24.6,341.0,9.2,95.0,14.1
2026-02-23 17:00:00,2026,2,23,17,Hà Nội,Phường Tương Mai,20.9899896,105.8530145,87,Moderate,1,25.1,74,0.0,12.6,158,1006.5,98,22.0,24.1,396.0,12.6,87.0,15.4
2026-02-23 18:00:00,2026,2,23,18,Hà Nội,Phường Tương Mai,20.9899896,105.8530145,87,Moderate,1,23.6,82,0.3,12.5,157,1006.9,100,23.5,25.4,484.0,17.8,75.0,18.3
2026-02-23 19:00:00,2026,2,23,19,Hà Nội,Phường Tương Mai,20.9899896,105.8530145,87,Moderate,1,23.9,80,0.0,13.9,153,1007.3,100,25.8,28.0,545.0,23.7,62.0,20.5
2026-02-23 20:00:00,2026,2,23,20,Hà Nội,Phường Tương Mai,20.9899896,105.8530145,87,Moderate,1,23.4,82,0.0,14.7,152,1008.0,98,25.4,27.8,552.0,23.3,61.0,21.0
2026-02-23 21:00:00,2026,2,23,21,Hà Nội,Phường Tương Mai,20.9899896,105.8530145,86,Moderate,1,23.0,86,0.0,14.0,152,1008.7,54,24.6,27.4,531.0,22.6,60.0,21.6
2026-02-23 22:00:00,2026,2,23,22,Hà Nội,Phường Tương Mai,20.9899896,105.8530145,86,Moderate,1,22.5,90,0.0,12.5,155,1009.3,97,24.9,27.8,504.0,22.1,59.0,21.8
2026-02-23 23:00:00,2026,2,23,23,Hà Nội,Phường Tương Mai,20.9899896,105.8530145,85,Moderate,1,22.5,91,0.0,12.5,160,1008.9,100,25.1,28.1,475.0,21.7,57.0,21.3
2026-02-24 00:00:00,2026,2,24,0,Hà Nội,Phường Tương Mai,20.9899896,105.8530145,84,Moderate,1,22.4,92,0.0,12.5,162,1008.6,100,24.8,27.9,440.0,21.3,55.0,20.3
2026-02-24 01:00:00,2026,2,24,1,Hà Nội,Phường Tương Mai,20.9899896,105.8530145,82,Moderate,1,22.6,93,0.0,12.9,159,1008.3,98,25.2,28.4,408.0,21.1,53.0,19.5
2026-02-24 02:00:00,2026,2,24,2,Hà Nội,Phường Tương Mai,20.9899896,105.8530145,81,Moderate,1,22.5,93,0.0,12.2,155,1008.0,100,26.8,29.8,370.0,20.8,51.0,18.8
2026-02-24 03:00:00,2026,2,24,3,Hà Nội,Phường Tương Mai,20.9899896,105.8530145,81,Moderate,1,22.4,94,0.0,10.8,147,1007.7,100,29.8,32.4,335.0,20.7,48.0,18.2
2026-02-24 04:00:00,2026,2,24,4,Hà Nội,Phường Tương Mai,20.9899896,105.8530145,80,Moderate,1,22.2,95,0.0,10.5,147,1007.8,100,31.4,34.0,339.0,21.3,46.0,18.1
2026-02-24 05:00:00,2026,2,24,5,Hà Nội,Phường Tương Mai,20.9899896,105.8530145,80,Moderate,1,22.1,95,0.0,9.6,147,1008.4,100,32.0,34.7,420.0,23.3,42.0,18.9
2026-02-24 06:00:00,2026,2,24,6,Hà Nội,Phường Tương Mai,20.9899896,105.8530145,80,Moderate,1,22.1,96,0.0,8.6,144,1009.4,100,32.0,34.6,540.0,26.1,39.0,20.3
2026-02-24 07:00:00,2026,2,24,7,Hà Nội,Phường Tương Mai,20.9899896,105.8530145,80,Moderate,1,21.9,95,0.0,8.9,132,1010.5,100,34.0,36.7,616.0,27.6,39.0,22.1
2026-02-24 08:00:00,2026,2,24,8,Hà Nội,Phường Tương Mai,20.9899896,105.8530145,80,Moderate,1,22.2,93,0.0,8.8,139,1011.1,100,33.1,35.9,603.0,26.4,44.0,22.9
2026-02-24 09:00:00,2026,2,24,9,Hà Nội,Phường Tương Mai,20.9899896,105.8530145,81,Moderate,1,22.7,92,0.0,12.3,159,1011.9,100,28.3,31.2,547.0,24.6,50.0,24.1
2026-02-24 10:00:00,2026,2,24,10,Hà Nội,Phường Tương Mai,20.9899896,105.8530145,80,Moderate,1,23.4,87,0.0,11.7,165,1012.5,100,24.7,27.7,495.0,22.5,58.0,24.8
2026-02-24 11:00:00,2026,2,24,11,Hà Nội,Phường Tương Mai,20.9899896,105.8530145,80,Moderate,1,24.2,83,0.1,11.5,166,1012.1,100,23.4,26.4,455.0,19.6,68.0,24.9
2026-02-24 12:00:00,2026,2,24,12,Hà Nội,Phường Tương Mai,20.9899896,105.8530145,80,Moderate,1,24.5,82,0.1,10.1,160,1011.0,100,23.7,26.4,420.0,16.3,78.0,24.6
2026-02-24 13:00:00,2026,2,24,13,Hà Nội,Phường Tương Mai,20.9899896,105.8530145,80,Moderate,1,24.0,83,0.1,9.8,152,1010.9,100,25.8,28.6,420.0,14.3,85.0,24.1
2026-02-24 14:00:00,2026,2,24,14,Hà Nội,Phường Tương Mai,20.9899896,105.8530145,80,Moderate,1,24.0,84,0.0,8.0,144,1009.8,100,26.8,29.5,487.0,14.4,86.0,23.2
2026-02-24 15:00:00,2026,2,24,15,Hà Nội,Phường Tương Mai,20.9899896,105.8530145,81,Moderate,1,24.3,82,0.0,7.6,144,1009.4,100,27.5,30.2,589.0,15.8,83.0,22.1
2026-02-24 16:00:00,2026,2,24,16,Hà Nội,Phường Tương Mai,20.9899896,105.8530145,81,Moderate,1,24.3,82,0.0,5.9,133,1009.3,100,26.3,28.6,660.0,17.7,79.0,21.3
2026-02-24 17:00:00,2026,2,24,17,Hà Nội,Phường Tương Mai,20.9899896,105.8530145,82,Moderate,1,24.4,82,0.0,8.9,126,1009.0,95,26.4,28.3,668.0,20.2,74.0,21.1
2026-02-24 18:00:00,2026,2,24,18,Hà Nội,Phường Tương Mai,20.9899896,105.8530145,82,Moderate,1,23.5,86,0.0,11.3,124,1009.4,92,25.2,27.1,645.0,23.1,67.0,21.3
2026-02-24 19:00:00,2026,2,24,19,Hà Nội,Phường Tương Mai,20.9899896,105.8530145,82,Moderate,1,23.0,90,0.0,14.5,120,1009.4,98,27.0,29.2,617.0,26.6,58.0,23.4
2026-02-24 20:00:00,2026,2,24,20,Hà Nội,Phường Tương Mai,20.9899896,105.8530145,82,Moderate,1,22.5,90,0.0,14.7,132,1010.3,45,28.8,31.3,590.0,27.1,56.0,23.9
2026-02-24 21:00:00,2026,2,24,21,Hà Nội,Phường Tương Mai,20.9899896,105.8530145,83,Moderate,1,22.2,92,0.0,12.7,144,1011.0,82,31.0,33.9,558.0,27.8,53.0,24.5
2026-02-24 22:00:00,2026,2,24,22,Hà Nội,Phường Tương Mai,20.9899896,105.8530145,83,Moderate,1,22.1,93,0.0,10.7,153,1011.9,98,33.2,36.2,530.0,28.3,50.0,24.7
2026-02-24 23:00:00,2026,2,24,23,Hà Nội,Phường Tương Mai,20.9899896,105.8530145,84,Moderate,1,22.0,95,0.0,10.5,145,1011.7,100,34.1,37.3,512.0,28.2,48.0,23.9
2026-02-25 00:00:00,2026,2,25,0,Hà Nội,Phường Tương Mai,20.9899896,105.8530145,85,Moderate,1,21.8,95,0.0,9.6,143,1011.5,100,34.5,37.8,498.0,27.8,47.0,22.7
2026-02-25 01:00:00,2026,2,25,1,Hà Nội,Phường Tương Mai,20.9899896,105.8530145,86,Moderate,1,22.0,98,0.0,8.4,132,1010.7,100,36.4,39.9,481.0,27.7,44.0,21.7
2026-02-25 02:00:00,2026,2,25,2,Hà Nội,Phường Tương Mai,20.9899896,105.8530145,87,Moderate,1,21.8,98,0.0,8.4,124,1010.4,100,39.8,43.4,447.0,27.9,39.0,21.0
2026-02-25 03:00:00,2026,2,25,3,Hà Nội,Phường Tương Mai,20.9899896,105.8530145,88,Moderate,1,21.6,98,0.0,9.0,127,1010.4,100,44.4,47.8,411.0,28.4,34.0,20.6
2026-02-25 04:00:00,2026,2,25,4,Hà Nội,Phường Tương Mai,20.9899896,105.8530145,89,Moderate,1,21.5,98,0.0,8.4,143,1010.6,100,49.7,52.4,403.0,29.2,30.0,20.8
2026-02-25 05:00:00,2026,2,25,5,Hà Nội,Phường Tương Mai,20.9899896,105.8530145,91,Moderate,1,21.5,98,0.3,8.5,144,1010.7,100,54.5,56.2,457.0,31.3,27.0,22.0
2026-02-25 06:00:00,2026,2,25,6,Hà Nội,Phường Tương Mai,20.9899896,105.8530145,93,Moderate,1,21.4,98,0.5,6.9,141,1011.5,100,56.6,58.2,540.0,33.7,25.0,23.9
2026-02-25 07:00:00,2026,2,25,7,Hà Nội,Phường Tương Mai,20.9899896,105.8530145,95,Moderate,1,20.9,98,0.4,9.9,143,1012.1,99,48.8,51.1,589.0,33.6,30.0,26.9
2026-02-25 08:00:00,2026,2,25,8,Hà Nội,Phường Tương Mai,20.9899896,105.8530145,96,Moderate,1,21.5,96,0.0,11.3,144,1012.2,100,44.1,46.3,568.0,30.4,39.0,27.3
2026-02-25 09:00:00,2026,2,25,9,Hà Nội,Phường Tương Mai,20.9899896,105.8530145,97,Moderate,1,22.8,89,0.0,14.2,156,1012.4,100,35.7,37.5,512.0,25.8,52.0,27.8
2026-02-25 10:00:00,2026,2,25,10,Hà Nội,Phường Tương Mai,20.9899896,105.8530145,98,Moderate,1,24.1,83,1.0,13.2,163,1012.5,100,29.3,30.7,464.0,21.5,64.0,27.5
2026-02-25 11:00:00,2026,2,25,11,Hà Nội,Phường Tương Mai,20.9899896,105.8530145,98,Moderate,1,23.9,84,0.3,10.1,153,1012.0,100,25.1,26.6,439.0,17.7,73.0,25.9
2026-02-25 12:00:00,2026,2,25,12,Hà Nội,Phường Tương Mai,20.9899896,105.8530145,98,Moderate,1,23.9,84,0.2,10.6,152,1011.3,100,24.3,25.6,423.0,14.1,81.0,23.6
2026-02-25 13:00:00,2026,2,25,13,Hà Nội,Phường Tương Mai,20.9899896,105.8530145,99,Moderate,1,24.9,76,0.1,7.5,172,1011.1,85,24.6,25.8,415.0,11.7,87.0,21.6
2026-02-25 14:00:00,2026,2,25,14,Hà Nội,Phường Tương Mai,20.9899896,105.8530145,98,Moderate,1,26.2,70,0.1,4.9,182,1009.5,91,25.9,27.1,408.0,10.4,90.0,20.0
2026-02-25 15:00:00,2026,2,25,15,Hà Nội,Phường Tương Mai,20.9899896,105.8530145,98,Moderate,1,27.0,65,0.0,6.5,150,1008.7,37,26.7,27.7,409.0,10.2,91.0,18.7
2026-02-25 16:00:00,2026,2,25,16,Hà Nội,Phường Tương Mai,20.9899896,105.8530145,98,Moderate,1,26.2,67,0.0,12.7,136,1008.3,53,23.1,24.2,440.0,12.3,88.0,18.5
2026-02-25 17:00:00,2026,2,25,17,Hà Nội,Phường Tương Mai,20.9899896,105.8530145,98,Moderate,1,24.8,77,0.0,13.6,132,1008.6,47,24.7,25.4,534.0,18.6,77.0,19.9
2026-02-25 18:00:00,2026,2,25,18,Hà Nội,Phường Tương Mai,20.9899896,105.8530145,98,Moderate,1,23.8,81,0.0,11.1,126,1009.2,72,29.0,29.7,658.0,27.2,62.0,22.4
2026-02-25 19:00:00,2026,2,25,19,Hà Nội,Phường Tương Mai,20.9899896,105.8530145,98,Moderate,1,23.2,87,0.3,10.4,127,1009.6,43,33.1,33.4,734.0,33.0,52.0,27.1
2026-02-25 20:00:00,2026,2,25,20,Hà Nội,Phường Tương Mai,20.9899896,105.8530145,99,Moderate,1,22.7,88,0.5,9.4,135,1010.6,100,37.1,37.6,721.0,33.0,50.0,27.7
2026-02-25 21:00:00,2026,2,25,21,Hà Nội,Phường Tương Mai,20.9899896,105.8530145,99,Moderate,1,22.1,91,15.7,8.4,138,1011.0,100,39.3,39.9,660.0,33.0,47.0,28.6
2026-02-25 22:00:00,2026,2,25,22,Hà Nội,Phường Tương Mai,20.9899896,105.8530145,100,Moderate,1,21.6,94,0.8,10.7,110,1011.5,97,42.7,43.3,593.0,33.1,44.0,28.9
2026-02-25 23:00:00,2026,2,25,23,Hà Nội,Phường Tương Mai,20.9899896,105.8530145,101,Unhealthy for Sensitive Groups,2,21.3,95,0.1,12.0,130,1010.9,41,45.4,46.2,524.0,33.4,42.0,28.5
2026-02-26 00:00:00,2026,2,26,0,Hà Nội,Phường Tương Mai,20.9899896,105.8530145,102,Unhealthy for Sensitive Groups,2,20.9,95,0.0,11.5,141,1010.4,14,46.7,47.7,450.0,33.7,39.0,27.6
2026-02-26 01:00:00,2026,2,26,1,Hà Nội,Phường Tương Mai,20.9899896,105.8530145,104,Unhealthy for Sensitive Groups,2,21.2,97,0.0,10.4,127,1010.2,74,48.2,49.5,399.0,33.5,37.0,26.3
2026-02-26 02:00:00,2026,2,26,2,Hà Nội,Phường Tương Mai,20.9899896,105.8530145,105,Unhealthy for Sensitive Groups,2,21.0,96,0.0,9.2,135,1009.6,44,51.3,52.5,382.0,32.3,34.0,24.0
2026-02-26 03:00:00,2026,2,26,3,Hà Nội,Phường Tương Mai,20.9899896,105.8530145,106,Unhealthy for Sensitive Groups,2,20.6,97,0.0,7.0,148,1009.2,37,58.9,60.1,388.0,30.6,32.0,21.3
2026-02-26 04:00:00,2026,2,26,4,Hà Nội,Phường Tương Mai,20.9899896,105.8530145,108,Unhealthy for Sensitive Groups,2,20.4,98,0.0,9.2,145,1009.0,41,67.8,69.2,417.0,29.3,30.0,19.4
2026-02-26 05:00:00,2026,2,26,5,Hà Nội,Phường Tương Mai,20.9899896,105.8530145,109,Unhealthy for Sensitive Groups,2,20.1,98,0.0,8.7,146,1009.4,94,72.4,73.8,487.0,28.9,29.0,18.8
2026-02-26 06:00:00,2026,2,26,6,Hà Nội,Phường Tương Mai,20.9899896,105.8530145,111,Unhealthy for Sensitive Groups,2,20.1,98,0.0,9.5,144,1009.8,100,74.7,76.1,580.0,28.9,28.0,19.1
2026-02-26 07:00:00,2026,2,26,7,Hà Nội,Phường Tương Mai,20.9899896,105.8530145,113,Unhealthy for Sensitive Groups,2,20.3,98,0.0,9.6,130,1010.6,100,67.5,69.4,637.0,28.6,35.0,26.0
2026-02-26 08:00:00,2026,2,26,8,Hà Nội,Phường Tương Mai,20.9899896,105.8530145,115,Unhealthy for Sensitive Groups,2,20.4,98,0.5,9.8,136,1011.1,100,60.3,62.4,623.0,27.9,39.0,26.8
2026-02-26 09:00:00,2026,2,26,9,Hà Nội,Phường Tương Mai,20.9899896,105.8530145,117,Unhealthy for Sensitive Groups,2,20.9,96,1.3,9.9,135,1011.2,95,54.4,56.1,574.0,26.9,45.0,28.1
2026-02-26 10:00:00,2026,2,26,10,Hà Nội,Phường Tương Mai,20.9899896,105.8530145,119,Unhealthy for Sensitive Groups,2,22.0,90,0.3,10.1,147,1011.2,100,46.1,47.8,541.0,26.0,50.0,29.8
2026-02-26 11:00:00,2026,2,26,11,Hà Nội,Phường Tương Mai,20.9899896,105.8530145,121,Unhealthy for Sensitive Groups,2,22.6,87,0.1,10.7,160,1010.4,100,40.2,41.9,557.0,25.7,53.0,32.5
2026-02-26 12:00:00,2026,2,26,12,Hà Nội,Phường Tương Mai,20.9899896,105.8530145,122,Unhealthy for Sensitive Groups,2,23.0,87,0.6,11.3,173,1009.2,100,36.0,37.6,589.0,25.6,55.0,35.6
2026-02-26 13:00:00,2026,2,26,13,Hà Nội,Phường Tương Mai,20.9899896,105.8530145,123,Unhealthy for Sensitive Groups,2,22.4,90,0.6,9.7,170,1008.5,100,37.1,38.6,594.0,24.9,59.0,37.3
2026-02-26 14:00:00,2026,2,26,14,Hà Nội,Phường Tương Mai,20.9899896,105.8530145,125,Unhealthy for Sensitive Groups,2,22.9,87,0.2,10.1,156,1006.9,54,37.6,39.2,530.0,22.4,68.0,36.5
2026-02-26 15:00:00,2026,2,26,15,Hà Nội,Phường Tương Mai,20.9899896,105.8530145,126,Unhealthy for Sensitive Groups,2,24.8,75,0.1,11.8,163,1005.8,100,33.9,35.4,438.0,19.3,79.0,34.3
2026-02-26 16:00:00,2026,2,26,16,Hà Nội,Phường Tương Mai,20.9899896,105.8530145,127,Unhealthy for Sensitive Groups,2,24.1,77,0.1,12.7,162,1005.3,100,34.2,35.7,405.0,18.5,83.0,32.3
2026-02-26 17:00:00,2026,2,26,17,Hà Nội,Phường Tương Mai,20.9899896,105.8530145,128,Unhealthy for Sensitive Groups,2,23.2,83,0.0,12.8,148,1004.9,74,34.0,35.5,499.0,22.6,75.0,31.0
2026-02-26 18:00:00,2026,2,26,18,Hà Nội,Phường Tương Mai,20.9899896,105.8530145,129,Unhealthy for Sensitive Groups,2,22.4,86,0.0,11.8,142,1005.0,40,34.5,35.6,651.0,28.9,61.0,29.9
2026-02-26 19:00:00,2026,2,26,19,Hà Nội,Phường Tương Mai,20.9899896,105.8530145,129,Unhealthy for Sensitive Groups,2,22.6,90,0.0,10.5,139,1004.9,78,35.9,36.6,740.0,37.4,48.0,37.0
2026-02-26 20:00:00,2026,2,26,20,Hà Nội,Phường Tương Mai,20.9899896,105.8530145,130,Unhealthy for Sensitive Groups,2,22.3,89,0.0,12.0,139,1005.4,77,37.0,37.8,698.0,35.9,47.0,35.3
2026-02-26 21:00:00,2026,2,26,21,Hà Nội,Phường Tương Mai,20.9899896,105.8530145,130,Unhealthy for Sensitive Groups,2,21.9,88,0.0,13.9,151,1006.0,70,35.5,36.8,594.0,33.8,46.0,32.8
2026-02-26 22:00:00,2026,2,26,22,Hà Nội,Phường Tương Mai,20.9899896,105.8530145,129,Unhealthy for Sensitive Groups,2,21.5,90,0.0,12.8,158,1006.5,78,34.8,36.7,505.0,32.0,45.0,30.3
2026-02-26 23:00:00,2026,2,26,23,Hà Nội,Phường Tương Mai,20.9899896,105.8530145,128,Unhealthy for Sensitive Groups,2,21.2,91,0.0,12.9,160,1006.7,50,34.1,36.3,464.0,30.8,44.0,27.9
2026-02-27 00:00:00,2026,2,27,0,Hà Nội,Phường Tương Mai,20.9899896,105.8530145,127,Unhealthy for Sensitive Groups,2,21.0,91,0.0,11.8,159,1006.5,57,31.9,34.3,438.0,29.9,42.0,25.4
2026-02-27 01:00:00,2026,2,27,1,Hà Nội,Phường Tương Mai,20.9899896,105.8530145,126,Unhealthy for Sensitive Groups,2,21.5,91,0.0,10.8,156,1006.0,19,30.9,33.4,417.0,29.4,40.0,23.7
2026-02-27 02:00:00,2026,2,27,2,Hà Nội,Phường Tương Mai,20.9899896,105.8530145,124,Unhealthy for Sensitive Groups,2,21.1,91,0.0,10.2,159,1005.6,5,31.0,33.8,373.0,29.3,38.0,22.8
2026-02-27 03:00:00,2026,2,27,3,Hà Nội,Phường Tương Mai,20.9899896,105.8530145,122,Unhealthy for Sensitive Groups,2,20.9,90,0.0,9.6,160,1005.3,3,32.4,35.4,334.0,29.6,35.0,22.5
2026-02-27 04:00:00,2026,2,27,4,Hà Nội,Phường Tương Mai,20.9899896,105.8530145,119,Unhealthy for Sensitive Groups,2,20.6,91,0.0,8.7,153,1005.5,20,34.2,37.5,363.0,30.7,32.0,23.3
2026-02-27 05:00:00,2026,2,27,5,Hà Nội,Phường Tương Mai,20.9899896,105.8530145,115,Unhealthy for Sensitive Groups,2,20.4,93,0.0,8.6,149,1005.7,12,37.0,40.4,531.0,33.4,26.0,25.4
2026-02-27 06:00:00,2026,2,27,6,Hà Nội,Phường Tương Mai,20.9899896,105.8530145,112,Unhealthy for Sensitive Groups,2,20.3,93,0.0,8.4,160,1006.4,4,43.9,46.8,768.0,36.8,20.0,28.5
2026-02-27 07:00:00,2026,2,27,7,Hà Nội,Phường Tương Mai,20.9899896,105.8530145,109,Unhealthy for Sensitive Groups,2,20.0,94,0.0,3.5,168,1006.9,16,75.9,78.5,930.0,34.5,20.0,26.4
2026-02-27 08:00:00,2026,2,27,8,Hà Nội,Phường Tương Mai,20.9899896,105.8530145,109,Unhealthy for Sensitive Groups,2,21.5,90,0.0,3.6,233,1007.8,13,66.4,69.2,957.0,33.8,30.0,31.1
2026-02-27 09:00:00,2026,2,27,9,Hà Nội,Phường Tương Mai,20.9899896,105.8530145,110,Unhealthy for Sensitive Groups,2,22.9,85,0.0,4.0,265,1007.9,9,52.3,55.3,910.0,32.6,45.0,37.4
2026-02-27 10:00:00,2026,2,27,10,Hà Nội,Phường Tương Mai,20.9899896,105.8530145,110,Unhealthy for Sensitive Groups,2,24.7,78,0.0,4.4,277,1008.4,34,43.2,45.1,827.0,30.4,60.0,41.3
2026-02-27 11:00:00,2026,2,27,11,Hà Nội,Phường Tương Mai,20.9899896,105.8530145,110,Unhealthy for Sensitive Groups,2,26.0,73,0.0,5.8,214,1007.4,100,41.7,43.3,694.0,26.4,76.0,40.9
2026-02-27 12:00:00,2026,2,27,12,Hà Nội,Phường Tương Mai,20.9899896,105.8530145,110,Unhealthy for Sensitive Groups,2,27.1,69,0.0,6.9,213,1006.4,100,44.1,45.4,526.0,21.4,93.0,38.1
2026-02-27 13:00:00,2026,2,27,13,Hà Nội,Phường Tương Mai,20.9899896,105.8530145,111,Unhealthy for Sensitive Groups,2,27.4,67,0.0,5.9,200,1005.5,100,45.5,46.6,404.0,17.3,106.0,34.9
2026-02-27 14:00:00,2026,2,27,14,Hà Nội,Phường Tương Mai,20.9899896,105.8530145,111,Unhealthy for Sensitive Groups,2,27.9,65,0.0,9.9,153,1003.7,81,44.9,45.8,370.0,14.4,114.0,31.6
2026-02-27 15:00:00,2026,2,27,15,Hà Nội,Phường Tương Mai,20.9899896,105.8530145,112,Unhealthy for Sensitive Groups,2,27.4,68,0.2,13.9,155,1002.8,72,42.4,43.1,383.0,12.5,117.0,27.9
2026-02-27 16:00:00,2026,2,27,16,Hà Nội,Phường Tương Mai,20.9899896,105.8530145,113,Unhealthy for Sensitive Groups,2,26.7,73,0.2,14.6,153,1002.5,23,39.8,40.5,403.0,12.8,113.0,25.0
2026-02-27 17:00:00,2026,2,27,17,Hà Nội,Phường Tương Mai,20.9899896,105.8530145,114,Unhealthy for Sensitive Groups,2,26.1,76,0.0,15.4,150,1002.6,15,37.3,37.8,424.0,17.2,94.0,23.7
2026-02-27 18:00:00,2026,2,27,18,Hà Nội,Phường Tương Mai,20.9899896,105.8530145,114,Unhealthy for Sensitive Groups,2,24.9,80,0.0,15.3,143,1003.0,14,33.6,34.1,452.0,23.9,68.0,23.3
2026-02-27 19:00:00,2026,2,27,19,Hà Nội,Phường Tương Mai,20.9899896,105.8530145,114,Unhealthy for Sensitive Groups,2,24.0,87,0.0,15.9,141,1003.4,37,38.2,38.5,463.0,41.0,38.0,33.1
2026-02-27 20:00:00,2026,2,27,20,Hà Nội,Phường Tương Mai,20.9899896,105.8530145,114,Unhealthy for Sensitive Groups,2,23.9,92,0.0,16.6,151,1004.3,66,30.5,31.1,444.0,37.5,39.0,30.8
2026-02-27 21:00:00,2026,2,27,21,Hà Nội,Phường Tương Mai,20.9899896,105.8530145,113,Unhealthy for Sensitive Groups,2,23.4,96,0.0,16.3,152,1004.6,100,27.7,28.2,408.0,32.7,41.0,27.5
2026-02-27 22:00:00,2026,2,27,22,Hà Nội,Phường Tương Mai,20.9899896,105.8530145,113,Unhealthy for Sensitive Groups,2,23.5,97,0.0,14.7,155,1004.9,100,28.8,29.3,375.0,28.8,42.0,24.4
2026-02-27 23:00:00,2026,2,27,23,Hà Nội,Phường Tương Mai,20.9899896,105.8530145,112,Unhealthy for Sensitive Groups,2,23.5,97,0.0,14.0,154,1005.0,100,30.4,31.0,348.0,26.9,43.0,22.0
2026-02-28 00:00:00,2026,2,28,0,Hà Nội,Phường Tương Mai,20.9899896,105.8530145,112,Unhealthy for Sensitive Groups,2,23.4,97,0.0,13.0,153,1004.7,100,31.2,31.8,323.0,26.0,44.0,19.8
2026-02-28 01:00:00,2026,2,28,1,Hà Nội,Phường Tương Mai,20.9899896,105.8530145,112,Unhealthy for Sensitive Groups,2,23.5,98,0.0,13.0,151,1004.4,100,33.1,33.6,305.0,25.0,45.0,17.9
2026-02-28 02:00:00,2026,2,28,2,Hà Nội,Phường Tương Mai,20.9899896,105.8530145,112,Unhealthy for Sensitive Groups,2,23.2,98,0.0,11.0,148,1003.9,100,37.7,38.5,287.0,23.1,45.0,15.9
2026-02-28 03:00:00,2026,2,28,3,Hà Nội,Phường Tương Mai,20.9899896,105.8530145,113,Unhealthy for Sensitive Groups,2,23.0,99,0.0,9.7,137,1003.5,100,43.4,44.4,276.0,21.1,44.0,14.1
2026-02-28 04:00:00,2026,2,28,4,Hà Nội,Phường Tương Mai,20.9899896,105.8530145,114,Unhealthy for Sensitive Groups,2,22.9,99,0.0,10.8,138,1003.3,100,46.9,48.0,296.0,20.2,44.0,13.4
2026-02-28 05:00:00,2026,2,28,5,Hà Nội,Phường Tương Mai,20.9899896,105.8530145,115,Unhealthy for Sensitive Groups,2,22.8,99,0.0,13.2,143,1003.8,100,49.5,50.6,376.0,21.4,43.0,14.3
2026-02-28 06:00:00,2026,2,28,6,Hà Nội,Phường Tương Mai,20.9899896,105.8530145,116,Unhealthy for Sensitive Groups,2,22.9,98,0.0,12.4,141,1004.3,100,50.9,52.3,486.0,23.6,42.0,16.2
2026-02-28 07:00:00,2026,2,28,7,Hà Nội,Phường Tương Mai,20.9899896,105.8530145,117,Unhealthy for Sensitive Groups,2,23.3,97,0.0,12.8,142,1004.9,100,41.2,42.6,563.0,23.7,52.0,18.9
2026-02-28 08:00:00,2026,2,28,8,Hà Nội,Phường Tương Mai,20.9899896,105.8530145,113,Unhealthy for Sensitive Groups,2,23.9,94,0.1,14.6,153,1005.4,100,42.1,43.7,577.0,23.9,57.0,21.4
2026-02-28 09:00:00,2026,2,28,9,Hà Nội,Phường Tương Mai,20.9899896,105.8530145,111,Unhealthy for Sensitive Groups,2,24.8,88,0.1,15.1,165,1006.1,100,39.2,40.4,559.0,24.0,64.0,24.7
2026-02-28 10:00:00,2026,2,28,10,Hà Nội,Phường Tương Mai,20.9899896,105.8530145,110,Unhealthy for Sensitive Groups,2,26.1,82,0.1,15.0,166,1006.4,98,39.8,40.7,533.0,22.7,75.0,26.5
2026-02-28 11:00:00,2026,2,28,11,Hà Nội,Phường Tương Mai,20.9899896,105.8530145,109,Unhealthy for Sensitive Groups,2,27.7,74,0.1,16.4,176,1005.6,100,40.2,41.0,503.0,18.5,94.0,25.4
2026-02-28 12:00:00,2026,2,28,12,Hà Nội,Phường Tương Mai,20.9899896,105.8530145,109,Unhealthy for Sensitive Groups,2,28.7,69,0.0,16.4,177,1004.3,36,43.3,43.9,467.0,13.0,118.0,22.7
2026-02-28 13:00:00,2026,2,28,13,Hà Nội,Phường Tương Mai,20.9899896,105.8530145,109,Unhealthy for Sensitive Groups,2,29.1,67,0.0,16.6,162,1003.2,71,36.9,37.4,439.0,9.1,135.0,20.5
2026-02-28 14:00:00,2026,2,28,14,Hà Nội,Phường Tương Mai,20.9899896,105.8530145,108,Unhealthy for Sensitive Groups,2,28.8,69,0.6,18.4,159,1002.2,100,34.7,34.9,425.0,7.8,142.0,19.2
2026-02-28 15:00:00,2026,2,28,15,Hà Nội,Phường Tương Mai,20.9899896,105.8530145,107,Unhealthy for Sensitive Groups,2,27.3,80,0.7,15.8,157,1001.4,42,31.9,32.1,419.0,8.2,142.0,18.2
2026-02-28 16:00:00,2026,2,28,16,Hà Nội,Phường Tương Mai,20.9899896,105.8530145,106,Unhealthy for Sensitive Groups,2,28.1,74,0.0,18.3,159,1001.0,23,27.9,28.2,424.0,10.4,135.0,18.2
2026-02-28 17:00:00,2026,2,28,17,Hà Nội,Phường Tương Mai,20.9899896,105.8530145,105,Unhealthy for Sensitive Groups,2,27.5,76,0.0,14.2,156,1001.2,16,26.0,26.4,444.0,15.7,116.0,19.8
2026-02-28 18:00:00,2026,2,28,18,Hà Nội,Phường Tương Mai,20.9899896,105.8530145,103,Unhealthy for Sensitive Groups,2,26.1,81,0.0,14.3,151,1001.9,46,27.0,27.7,474.0,22.7,90.0,22.2
2026-02-28 19:00:00,2026,2,28,19,Hà Nội,Phường Tương Mai,20.9899896,105.8530145,103,Unhealthy for Sensitive Groups,2,25.4,86,0.0,16.0,146,1002.5,10,22.9,23.9,498.0,23.9,70.0,21.3
2026-02-28 20:00:00,2026,2,28,20,Hà Nội,Phường Tương Mai,20.9899896,105.8530145,101,Unhealthy for Sensitive Groups,2,24.6,90,0.0,15.5,147,1003.1,45,23.7,25.5,513.0,24.2,65.0,21.5
2026-02-28 21:00:00,2026,2,28,21,Hà Nội,Phường Tương Mai,20.9899896,105.8530145,100,Moderate,1,24.0,93,0.0,15.0,151,1003.5,77,24.3,26.3,521.0,24.6,59.0,21.7
2026-02-28 22:00:00,2026,2,28,22,Hà Nội,Phường Tương Mai,20.9899896,105.8530145,100,Moderate,1,23.7,94,0.0,15.0,159,1003.8,78,25.5,27.5,513.0,24.7,55.0,21.6
2026-02-28 23:00:00,2026,2,28,23,Hà Nội,Phường Tương Mai,20.9899896,105.8530145,100,Moderate,1,23.5,94,0.0,14.2,162,1004.0,56,26.4,28.6,478.0,24.2,55.0,20.8
2026-03-01 00:00:00,2026,3,1,0,Hà Nội,Phường Tương Mai,20.9899896,105.8530145,99,Moderate,1,23.4,94,0.0,14.2,160,1003.7,70,25.8,28.1,426.0,23.3,56.0,19.7
2026-03-01 01:00:00,2026,3,1,1,Hà Nội,Phường Tương Mai,20.9899896,105.8530145,99,Moderate,1,23.8,96,0.0,12.3,148,1003.5,88,25.1,27.6,381.0,22.4,58.0,18.8
2026-03-01 02:00:00,2026,3,1,2,Hà Nội,Phường Tương Mai,20.9899896,105.8530145,98,Moderate,1,23.5,96,0.0,13.5,139,1002.8,58,25.3,27.9,334.0,21.4,60.0,18.1
2026-03-01 03:00:00,2026,3,1,3,Hà Nội,Phường Tương Mai,20.9899896,105.8530145,97,Moderate,1,23.2,96,0.0,12.9,143,1002.6,91,26.7,28.9,294.0,20.3,61.0,17.6
2026-03-01 04:00:00,2026,3,1,4,Hà Nội,Phường Tương Mai,20.9899896,105.8530145,96,Moderate,1,23.0,97,0.0,12.8,146,1002.8,82,28.8,30.7,308.0,20.2,62.0,17.8
2026-03-01 05:00:00,2026,3,1,5,Hà Nội,Phường Tương Mai,20.9899896,105.8530145,94,Moderate,1,22.7,97,0.0,11.1,144,1003.2,100,32.5,34.0,431.0,22.1,59.0,19.0
2026-03-01 06:00:00,2026,3,1,6,Hà Nội,Phường Tương Mai,20.9899896,105.8530145,93,Moderate,1,22.6,97,0.0,11.9,138,1003.8,100,36.4,38.1,607.0,24.8,54.0,20.8
2026-03-01 07:00:00,2026,3,1,7,Hà Nội,Phường Tương Mai,20.9899896,105.8530145,91,Moderate,1,22.3,98,0.0,10.1,130,1004.8,100,38.1,41.7,720.0,32.4,39.0,26.1
2026-03-01 08:00:00,2026,3,1,8,Hà Nội,Phường Tương Mai,20.9899896,105.8530145,91,Moderate,1,23.7,92,0.0,11.3,144,1005.6,100,40.2,42.8,704.0,29.3,51.0,28.1
2026-03-01 09:00:00,2026,3,1,9,Hà Nội,Phường Tương Mai,20.9899896,105.8530145,91,Moderate,1,24.9,87,0.0,10.4,154,1006.3,100,40.4,42.7,625.0,24.8,70.0,31.0
2026-03-01 10:00:00,2026,3,1,10,Hà Nội,Phường Tương Mai,20.9899896,105.8530145,91,Moderate,1,26.5,80,0.0,10.1,169,1006.4,99,38.6,39.9,561.0,20.4,93.0,33.2
2026-03-01 11:00:00,2026,3,1,11,Hà Nội,Phường Tương Mai,20.9899896,105.8530145,91,Moderate,1,28.3,72,0.0,7.8,176,1005.7,9,41.9,42.7,541.0,15.9,126.0,34.4
2026-03-01 12:00:00,2026,3,1,12,Hà Nội,Phường Tương Mai,20.9899896,105.8530145,91,Moderate,1,29.6,70,0.0,4.9,182,1004.4,11,44.9,45.6,537.0,11.4,165.0,35.1
2026-03-01 13:00:00,2026,3,1,13,Hà Nội,Phường Tương Mai,20.9899896,105.8530145,91,Moderate,1,29.7,68,0.0,3.7,157,1003.7,16,46.9,47.4,540.0,8.6,191.0,34.9
2026-03-01 14:00:00,2026,3,1,14,Hà Nội,Phường Tương Mai,20.9899896,105.8530145,92,Moderate,1,30.5,65,0.0,7.3,150,1002.3,10,45.8,46.2,553.0,8.2,198.0,33.5
2026-03-01 15:00:00,2026,3,1,15,Hà Nội,Phường Tương Mai,20.9899896,105.8530145,93,Moderate,1,31.1,59,0.8,11.5,153,1001.5,26,42.8,43.3,574.0,9.4,194.0,31.2
2026-03-01 16:00:00,2026,3,1,16,Hà Nội,Phường Tương Mai,20.9899896,105.8530145,98,Moderate,1,29.8,70,0.8,11.7,155,1001.3,23,39.3,39.8,586.0,11.7,183.0,29.2
2026-03-01 17:00:00,2026,3,1,17,Hà Nội,Phường Tương Mai,20.9899896,105.8530145,126,Unhealthy for Sensitive Groups,2,28.6,74,0.0,16.4,129,1001.6,7,35.7,36.2,578.0,16.0,165.0,28.0
2026-03-01 18:00:00,2026,3,1,18,Hà Nội,Phường Tương Mai,20.9899896,105.8530145,146,Unhealthy for Sensitive Groups,2,27.1,81,0.0,16.5,136,1002.0,1,34.5,34.9,560.0,21.4,141.0,27.0
2026-03-01 19:00:00,2026,3,1,19,Hà Nội,Phường Tương Mai,20.9899896,105.8530145,155,Unhealthy,3,27.0,84,0.0,14.9,126,1002.3,14,35.7,36.6,551.0,27.5,117.0,28.4
2026-03-01 20:00:00,2026,3,1,20,Hà Nội,Phường Tương Mai,20.9899896,105.8530145,153,Unhealthy,3,25.9,89,0.0,13.6,138,1003.3,8,33.3,34.5,566.0,26.1,105.0,25.9
2026-03-01 21:00:00,2026,3,1,21,Hà Nội,Phường Tương Mai,20.9899896,105.8530145,142,Unhealthy for Sensitive Groups,2,25.1,93,0.0,12.6,147,1004.1,4,32.6,33.9,589.0,24.3,88.0,22.4
2026-03-01 22:00:00,2026,3,1,22,Hà Nội,Phường Tương Mai,20.9899896,105.8530145,120,Unhealthy for Sensitive Groups,2,24.9,92,0.0,11.2,161,1005.0,70,32.2,34.0,587.0,22.6,74.0,19.6
2026-03-01 23:00:00,2026,3,1,23,Hà Nội,Phường Tương Mai,20.9899896,105.8530145,100,Moderate,1,24.1,96,0.0,8.0,38,1005.5,70,31.1,33.4,536.0,21.3,68.0,18.0
2026-03-02 00:00:00,2026,3,2,0,Hà Nội,Phường Tương Mai,20.9899896,105.8530145,100,Moderate,1,23.9,97,0.0,11.8,114,1005.1,68,28.6,31.3,459.0,20.3,65.0,17.1
2026-03-02 01:00:00,2026,3,2,1,Hà Nội,Phường Tương Mai,20.9899896,105.8530145,101,Unhealthy for Sensitive Groups,2,24.3,97,0.0,13.7,125,1004.5,4,28.3,31.2,398.0,19.9,62.0,16.6
2026-03-02 02:00:00,2026,3,2,2,Hà Nội,Phường Tương Mai,20.9899896,105.8530145,101,Unhealthy for Sensitive Groups,2,24.1,96,0.0,12.4,129,1004.2,5,30.6,33.5,358.0,20.3,57.0,16.3
2026-03-02 03:00:00,2026,3,2,3,Hà Nội,Phường Tương Mai,20.9899896,105.8530145,101,Unhealthy for Sensitive Groups,2,23.8,97,0.0,7.4,124,1004.3,99,34.1,37.0,334.0,21.4,52.0,16.3
2026-03-02 04:00:00,2026,3,2,4,Hà Nội,Phường Tương Mai,20.9899896,105.8530145,102,Unhealthy for Sensitive Groups,2,23.5,98,0.0,7.3,115,1004.4,100,35.7,38.9,348.0,22.8,49.0,16.9
2026-03-02 05:00:00,2026,3,2,5,Hà Nội,Phường Tương Mai,20.9899896,105.8530145,103,Unhealthy for Sensitive Groups,2,23.6,97,0.0,7.6,115,1005.0,100,38.5,41.2,437.0,25.2,47.0,18.2
2026-03-02 06:00:00,2026,3,2,6,Hà Nội,Phường Tương Mai,20.9899896,105.8530145,104,Unhealthy for Sensitive Groups,2,23.5,97,0.0,8.3,117,1005.6,100,43.1,45.6,565.0,28.0,48.0,20.1
2026-03-02 07:00:00,2026,3,2,7,Hà Nội,Phường Tương Mai,20.9899896,105.8530145,104,Unhealthy for Sensitive Groups,2,23.7,97,0.0,9.3,108,1006.6,100,53.1,55.9,644.0,34.7,32.0,24.3
2026-03-02 08:00:00,2026,3,2,8,Hà Nội,Phường Tương Mai,20.9899896,105.8530145,106,Unhealthy for Sensitive Groups,2,24.3,94,0.0,9.8,121,1007.4,100,48.0,51.2,627.0,31.8,44.0,25.4
2026-03-02 09:00:00,2026,3,2,9,Hà Nội,Phường Tương Mai,20.9899896,105.8530145,107,Unhealthy for Sensitive Groups,2,25.0,91,0.0,7.8,130,1007.9,100,49.0,51.3,561.0,27.6,61.0,26.8
2026-03-02 10:00:00,2026,3,2,10,Hà Nội,Phường Tương Mai,20.9899896,105.8530145,108,Unhealthy for Sensitive Groups,2,25.8,89,0.1,4.1,135,1008.3,100,48.1,50.1,507.0,23.2,83.0,27.1
2026-03-02 11:00:00,2026,3,2,11,Hà Nội,Phường Tương Mai,20.9899896,105.8530145,109,Unhealthy for Sensitive Groups,2,27.2,82,0.1,2.4,132,1007.9,100,50.2,51.9,486.0,18.3,114.0,25.2
2026-03-02 12:00:00,2026,3,2,12,Hà Nội,Phường Tương Mai,20.9899896,105.8530145,109,Unhealthy for Sensitive Groups,2,28.3,78,0.0,3.4,148,1007.0,95,54.2,55.6,476.0,13.3,149.0,22.2
2026-03-02 13:00:00,2026,3,2,13,Hà Nội,Phường Tương Mai,20.9899896,105.8530145,110,Unhealthy for Sensitive Groups,2,29.3,71,0.0,6.2,142,1005.9,34,57.2,58.4,471.0,9.8,175.0,20.4
2026-03-02 14:00:00,2026,3,2,14,Hà Nội,Phường Tương Mai,20.9899896,105.8530145,111,Unhealthy for Sensitive Groups,2,29.9,67,0.0,7.1,133,1004.8,30,56.9,58.1,463.0,8.4,188.0,20.8
2026-03-02 15:00:00,2026,3,2,15,Hà Nội,Phường Tương Mai,20.9899896,105.8530145,113,Unhealthy for Sensitive Groups,2,30.2,64,0.0,9.8,125,1003.8,5,56.1,57.3,458.0,8.6,191.0,22.4
2026-03-02 16:00:00,2026,3,2,16,Hà Nội,Phường Tương Mai,20.9899896,105.8530145,114,Unhealthy for Sensitive Groups,2,30.4,64,0.0,11.0,124,1003.4,33,53.9,55.1,475.0,10.7,183.0,23.8
2026-03-02 17:00:00,2026,3,2,17,Hà Nội,Phường Tương Mai,20.9899896,105.8530145,115,Unhealthy for Sensitive Groups,2,29.2,70,0.0,15.7,128,1003.8,23,49.1,50.2,542.0,16.4,156.0,25.3
2026-03-02 18:00:00,2026,3,2,18,Hà Nội,Phường Tương Mai,20.9899896,105.8530145,130,Unhealthy for Sensitive Groups,2,26.9,79,0.0,12.9,122,1004.2,5,44.7,45.8,630.0,23.9,116.0,26.7
2026-03-02 19:00:00,2026,3,2,19,Hà Nội,Phường Tương Mai,20.9899896,105.8530145,137,Unhealthy for Sensitive Groups,2,26.3,87,0.0,12.3,121,1004.3,8,51.3,53.1,664.0,29.4,90.0,29.1
2026-03-02 20:00:00,2026,3,2,20,Hà Nội,Phường Tương Mai,20.9899896,105.8530145,132,Unhealthy for Sensitive Groups,2,26.0,93,0.0,7.2,109,1005.4,2,48.0,50.1,591.0,28.8,74.0,25.7
2026-03-02 21:00:00,2026,3,2,21,Hà Nội,Phường Tương Mai,20.9899896,105.8530145,121,Unhealthy for Sensitive Groups,2,25.5,94,0.0,10.7,115,1006.4,12,52.7,54.1,465.0,28.0,53.0,20.8
2026-03-02 22:00:00,2026,3,2,22,Hà Nội,Phường Tương Mai,20.9899896,105.8530145,123,Unhealthy for Sensitive Groups,2,24.9,97,0.0,10.9,84,1007.4,100,55.1,56.3,375.0,26.7,37.0,16.5
2026-03-02 23:00:00,2026,3,2,23,Hà Nội,Phường Tương Mai,20.9899896,105.8530145,126,Unhealthy for Sensitive Groups,2,24.1,96,0.9,10.8,58,1008.1,100,51.8,53.1,362.0,24.7,32.0,12.9
2026-03-03 00:00:00,2026,3,3,0,Hà Nội,Phường Tương Mai,20.9899896,105.8530145,128,Unhealthy for Sensitive Groups,2,23.0,96,10.2,8.6,59,1008.4,100,46.7,48.1,386.0,22.3,33.0,9.7
2026-03-03 01:00:00,2026,3,3,1,Hà Nội,Phường Tương Mai,20.9899896,105.8530145,130,Unhealthy for Sensitive Groups,2,21.2,90,0.1,7.3,7,1007.8,69,42.5,43.8,411.0,20.3,36.0,8.3
2026-03-03 02:00:00,2026,3,3,2,Hà Nội,Phường Tương Mai,20.9899896,105.8530145,131,Unhealthy for Sensitive Groups,2,21.2,95,20.0,10.7,42,1008.0,91,29.7,30.5,418.0,18.8,42.0,9.6
2026-03-03 03:00:00,2026,3,3,3,Hà Nội,Phường Tương Mai,20.9899896,105.8530145,131,Unhealthy for Sensitive Groups,2,21.5,96,4.9,13.9,19,1008.3,100,19.8,20.0,426.0,17.6,51.0,12.5
2026-03-03 04:00:00,2026,3,3,4,Hà Nội,Phường Tương Mai,20.9899896,105.8530145,130,Unhealthy for Sensitive Groups,2,21.1,89,9.1,18.0,32,1008.9,96,25.1,25.3,459.0,16.9,57.0,15.4
2026-03-03 05:00:00,2026,3,3,5,Hà Nội,Phường Tương Mai,20.9899896,105.8530145,128,Unhealthy for Sensitive Groups,2,20.0,88,2.1,16.1,35,1009.7,84,31.3,31.4,545.0,17.1,57.0,17.7
2026-03-03 06:00:00,2026,3,3,6,Hà Nội,Phường Tương Mai,20.9899896,105.8530145,128,Unhealthy for Sensitive Groups,2,19.5,85,0.0,14.6,20,1010.8,79,36.4,36.6,657.0,17.8,54.0,19.8
2026-03-03 07:00:00,2026,3,3,7,Hà Nội,Phường Tương Mai,20.9899896,105.8530145,127,Unhealthy for Sensitive Groups,2,19.5,80,0.0,14.0,32,1011.0,98,36.2,36.3,732.0,21.8,46.0,25.3
2026-03-03 08:00:00,2026,3,3,8,Hà Nội,Phường Tương Mai,20.9899896,105.8530145,125,Unhealthy for Sensitive Groups,2,19.5,77,2.5,18.6,49,1011.9,52,37.3,37.4,740.0,21.1,44.0,25.7
2026-03-03 09:00:00,2026,3,3,9,Hà Nội,Phường Tương Mai,20.9899896,105.8530145,124,Unhealthy for Sensitive Groups,2,20.5,72,0.0,14.7,42,1013.2,56,37.6,37.7,712.0,20.1,41.0,26.2
2026-03-03 10:00:00,2026,3,3,10,Hà Nội,Phường Tương Mai,20.9899896,105.8530145,123,Unhealthy for Sensitive Groups,2,21.6,68,0.0,15.8,37,1013.6,68,39.1,39.3,677.0,19.0,42.0,26.4
2026-03-03 11:00:00,2026,3,3,11,Hà Nội,Phường Tương Mai,20.9899896,105.8530145,122,Unhealthy for Sensitive Groups,2,22.2,66,0.0,14.8,36,1013.6,95,36.9,37.0,641.0,17.6,48.0,25.8
2026-03-03 12:00:00,2026,3,3,12,Hà Nội,Phường Tương Mai,20.9899896,105.8530145,121,Unhealthy for Sensitive Groups,2,22.5,66,0.0,13.1,33,1012.6,88,35.5,35.6,598.0,16.0,58.0,24.9
2026-03-03 13:00:00,2026,3,3,13,Hà Nội,Phường Tương Mai,20.9899896,105.8530145,119,Unhealthy for Sensitive Groups,2,24.0,62,0.0,13.4,42,1011.6,86,34.5,34.6,567.0,15.3,66.0,24.6
2026-03-03 14:00:00,2026,3,3,14,Hà Nội,Phường Tương Mai,20.9899896,105.8530145,116,Unhealthy for Sensitive Groups,2,24.5,60,0.0,14.8,53,1010.8,100,34.7,34.8,541.0,14.9,73.0,24.9
2026-03-03 15:00:00,2026,3,3,15,Hà Nội,Phường Tương Mai,20.9899896,105.8530145,114,Unhealthy for Sensitive Groups,2,23.9,60,0.0,14.0,61,1010.2,100,36.0,36.1,526.0,15.3,78.0,25.8
2026-03-03 16:00:00,2026,3,3,16,Hà Nội,Phường Tương Mai,20.9899896,105.8530145,112,Unhealthy for Sensitive Groups,2,23.5,61,0.0,12.9,58,1010.4,100,37.8,38.0,561.0,19.2,77.0,27.9
2026-03-03 17:00:00,2026,3,3,17,Hà Nội,Phường Tương Mai,20.9899896,105.8530145,110,Unhealthy for Sensitive Groups,2,23.2,62,0.0,12.6,56,1010.9,100,40.6,40.9,705.0,30.1,64.0,32.4
2026-03-03 18:00:00,2026,3,3,18,Hà Nội,Phường Tương Mai,20.9899896,105.8530145,109,Unhealthy for Sensitive Groups,2,22.5,63,0.0,12.0,53,1011.8,100,48.7,48.8,900.0,44.5,43.0,38.1
2026-03-03 19:00:00,2026,3,3,19,Hà Nội,Phường Tương Mai,20.9899896,105.8530145,110,Unhealthy for Sensitive Groups,2,21.5,66,0.0,14.3,46,1012.6,100,58.6,58.8,1007.0,25.6,56.0,33.0
2026-03-03 20:00:00,2026,3,3,20,Hà Nội,Phường Tương Mai,20.9899896,105.8530145,110,Unhealthy for Sensitive Groups,2,20.9,66,0.0,13.7,46,1013.7,100,55.5,55.8,939.0,24.5,55.0,31.9
2026-03-03 21:00:00,2026,3,3,21,Hà Nội,Phường Tương Mai,20.9899896,105.8530145,111,Unhealthy for Sensitive Groups,2,20.6,66,0.0,14.3,47,1014.7,100,51.1,51.2,783.0,23.0,53.0,30.3
2026-03-03 22:00:00,2026,3,3,22,Hà Nội,Phường Tương Mai,20.9899896,105.8530145,111,Unhealthy for Sensitive Groups,2,20.1,66,0.0,14.9,42,1015.4,100,47.4,47.5,666.0,21.7,51.0,28.3
2026-03-03 23:00:00,2026,3,3,23,Hà Nội,Phường Tương Mai,20.9899896,105.8530145,110,Unhealthy for Sensitive Groups,2,19.6,66,0.0,15.8,37,1015.8,100,43.3,43.5,648.0,20.9,50.0,25.4
2026-03-04 00:00:00,2026,3,4,0,Hà Nội,Phường Tương Mai,20.9899896,105.8530145,109,Unhealthy for Sensitive Groups,2,19.2,68,0.0,14.4,40,1016.3,100,38.9,39.0,669.0,20.2,49.0,22.1
2026-03-04 01:00:00,2026,3,4,1,Hà Nội,Phường Tương Mai,20.9899896,105.8530145,109,Unhealthy for Sensitive Groups,2,19.0,70,0.0,16.1,33,1015.8,100,36.3,36.6,670.0,19.6,48.0,19.5
2026-03-04 02:00:00,2026,3,4,2,Hà Nội,Phường Tương Mai,20.9899896,105.8530145,108,Unhealthy for Sensitive Groups,2,18.5,69,0.0,12.6,31,1015.7,98,33.4,33.6,609.0,18.7,48.0,18.2
2026-03-04 03:00:00,2026,3,4,3,Hà Nội,Phường Tương Mai,20.9899896,105.8530145,108,Unhealthy for Sensitive Groups,2,18.3,70,0.0,9.3,34,1015.7,100,31.3,31.7,529.0,17.7,49.0,17.6
2026-03-04 04:00:00,2026,3,4,4,Hà Nội,Phường Tương Mai,20.9899896,105.8530145,110,Unhealthy for Sensitive Groups,2,18.1,70,0.0,9.0,37,1016.0,100,28.5,28.9,495.0,17.3,49.0,17.5
2026-03-04 05:00:00,2026,3,4,5,Hà Nội,Phường Tương Mai,20.9899896,105.8530145,110,Unhealthy for Sensitive Groups,2,17.9,70,0.0,9.1,34,1016.4,100,25.7,26.1,560.0,18.2,48.0,17.9
2026-03-04 06:00:00,2026,3,4,6,Hà Nội,Phường Tương Mai,20.9899896,105.8530145,109,Unhealthy for Sensitive Groups,2,17.6,69,0.0,9.1,32,1016.7,98,24.0,24.4,673.0,19.7,46.0,18.8
2026-03-04 07:00:00,2026,3,4,7,Hà Nội,Phường Tương Mai,20.9899896,105.8530145,108,Unhealthy for Sensitive Groups,2,18.0,70,0.0,10.7,22,1016.9,100,32.8,33.3,742.0,22.2,42.0,21.1
2026-03-04 08:00:00,2026,3,4,8,Hà Nội,Phường Tương Mai,20.9899896,105.8530145,108,Unhealthy for Sensitive Groups,2,17.9,66,0.0,10.8,28,1017.6,100,30.4,31.0,717.0,20.8,44.0,21.8
2026-03-04 09:00:00,2026,3,4,9,Hà Nội,Phường Tương Mai,20.9899896,105.8530145,107,Unhealthy for Sensitive Groups,2,18.2,63,0.0,11.4,29,1017.7,100,26.8,27.2,650.0,18.8,49.0,22.7
2026-03-04 10:00:00,2026,3,4,10,Hà Nội,Phường Tương Mai,20.9899896,105.8530145,106,Unhealthy for Sensitive Groups,2,19.0,61,0.0,8.9,21,1017.9,100,24.3,24.6,604.0,16.8,57.0,23.3
2026-03-04 11:00:00,2026,3,4,11,Hà Nội,Phường Tương Mai,20.9899896,105.8530145,104,Unhealthy for Sensitive Groups,2,20.1,59,0.0,8.7,17,1017.5,98,21.8,22.1,608.0,14.5,73.0,23.0
2026-03-04 12:00:00,2026,3,4,12,Hà Nội,Phường Tương Mai,20.9899896,105.8530145,103,Unhealthy for Sensitive Groups,2,21.0,58,0.0,6.0,27,1016.2,88,21.0,21.1,633.0,12.1,93.0,22.2
2026-03-04 13:00:00,2026,3,4,13,Hà Nội,Phường Tương Mai,20.9899896,105.8530145,101,Unhealthy for Sensitive Groups,2,21.0,60,0.0,4.2,50,1015.2,98,21.6,21.7,657.0,10.8,110.0,22.1
2026-03-04 14:00:00,2026,3,4,14,Hà Nội,Phường Tương Mai,20.9899896,105.8530145,100,Moderate,1,21.5,59,0.0,3.9,77,1013.7,26,23.9,24.0,652.0,9.1,124.0,22.2
2026-03-04 15:00:00,2026,3,4,15,Hà Nội,Phường Tương Mai,20.9899896,105.8530145,99,Moderate,1,22.0,58,0.0,2.9,79,1012.5,1,26.7,26.9,647.0,8.5,134.0,22.9
2026-03-04 16:00:00,2026,3,4,16,Hà Nội,Phường Tương Mai,20.9899896,105.8530145,98,Moderate,1,22.2,58,0.0,3.6,108,1011.9,0,30.6,30.7,704.0,14.3,132.0,26.2
2026-03-04 17:00:00,2026,3,4,17,Hà Nội,Phường Tương Mai,20.9899896,105.8530145,97,Moderate,1,21.6,62,0.0,5.9,135,1012.1,1,34.1,34.2,906.0,33.6,109.0,35.2
2026-03-04 18:00:00,2026,3,4,18,Hà Nội,Phường Tương Mai,20.9899896,105.8530145,97,Moderate,1,20.0,75,0.0,4.3,163,1012.3,0,63.8,63.8,1170.0,59.4,75.0,46.8
2026-03-04 19:00:00,2026,3,4,19,Hà Nội,Phường Tương Mai,20.9899896,105.8530145,98,Moderate,1,19.8,77,0.0,6.3,162,1012.3,2,86.1,86.4,1308.0,60.3,38.0,44.5
2026-03-04 20:00:00,2026,3,4,20,Hà Nội,Phường Tương Mai,20.9899896,105.8530145,101,Unhealthy for Sensitive Groups,2,19.1,81,0.0,5.8,124,1013.1,0,98.7,99.0,1201.0,59.8,33.0,44.9
2026-03-04 21:00:00,2026,3,4,21,Hà Nội,Phường Tương Mai,20.9899896,105.8530145,105,Unhealthy for Sensitive Groups,2,18.4,83,0.0,11.1,130,1013.9,2,98.3,98.5,968.0,58.8,25.0,45.2
2026-03-04 22:00:00,2026,3,4,22,Hà Nội,Phường Tương Mai,20.9899896,105.8530145,110,Unhealthy for Sensitive Groups,2,17.5,87,0.0,10.7,144,1014.7,4,91.5,92.0,782.0,56.3,21.0,43.8
2026-03-04 23:00:00,2026,3,4,23,Hà Nội,Phường Tương Mai,20.9899896,105.8530145,115,Unhealthy for Sensitive Groups,2,17.2,89,0.0,8.7,148,1014.8,9,82.7,82.9,711.0,50.7,23.0,39.1
2026-03-05 00:00:00,2026,3,5,0,Hà Nội,Phường Tương Mai,20.9899896,105.8530145,119,Unhealthy for Sensitive Groups,2,17.0,92,0.0,6.6,147,1014.7,10,75.2,75.7,687.0,43.4,29.0,32.7
2026-03-05 01:00:00,2026,3,5,1,Hà Nội,Phường Tương Mai,20.9899896,105.8530145,123,Unhealthy for Sensitive Groups,2,17.0,93,0.0,5.7,139,1014.4,7,71.7,72.2,673.0,38.1,33.0,28.1
2026-03-05 02:00:00,2026,3,5,2,Hà Nội,Phường Tương Mai,20.9899896,105.8530145,126,Unhealthy for Sensitive Groups,2,17.0,95,0.0,3.2,137,1014.2,25,71.0,71.5,647.0,36.2,34.0,26.9
2026-03-05 03:00:00,2026,3,5,3,Hà Nội,Phường Tương Mai,20.9899896,105.8530145,130,Unhealthy for Sensitive Groups,2,16.7,96,0.0,1.5,150,1013.8,9,74.0,74.7,631.0,36.2,35.0,27.5
2026-03-05 04:00:00,2026,3,5,4,Hà Nội,Phường Tương Mai,20.9899896,105.8530145,135,Unhealthy for Sensitive Groups,2,16.5,96,0.0,2.2,104,1013.6,10,78.5,79.2,659.0,37.0,34.0,29.1
2026-03-05 05:00:00,2026,3,5,5,Hà Nội,Phường Tương Mai,20.9899896,105.8530145,140,Unhealthy for Sensitive Groups,2,16.7,95,0.0,3.7,76,1013.9,33,81.5,82.2,788.0,39.4,30.0,32.2
2026-03-05 06:00:00,2026,3,5,6,Hà Nội,Phường Tương Mai,20.9899896,105.8530145,146,Unhealthy for Sensitive Groups,2,16.6,94,0.0,5.0,75,1014.6,100,85.2,85.9,961.0,42.7,25.0,36.3
2026-03-05 07:00:00,2026,3,5,7,Hà Nội,Phường Tương Mai,20.9899896,105.8530145,150,Unhealthy for Sensitive Groups,2,17.4,91,0.0,6.2,83,1015.0,97,90.3,91.0,1042.0,40.4,24.0,33.7
2026-03-05 08:00:00,2026,3,5,8,Hà Nội,Phường Tương Mai,20.9899896,105.8530145,152,Unhealthy,3,18.3,83,0.0,7.5,80,1015.5,91,74.7,75.4,943.0,36.5,34.0,33.5
2026-03-05 09:00:00,2026,3,5,9,Hà Nội,Phường Tương Mai,20.9899896,105.8530145,153,Unhealthy,3,19.6,79,0.0,7.7,69,1016.1,92,67.3,68.0,752.0,31.1,49.0,33.2
2026-03-05 10:00:00,2026,3,5,10,Hà Nội,Phường Tương Mai,20.9899896,105.8530145,154,Unhealthy,3,21.1,73,0.0,8.6,74,1016.1,26,60.5,61.5,597.0,26.4,64.0,32.5
2026-03-05 11:00:00,2026,3,5,11,Hà Nội,Phường Tương Mai,20.9899896,105.8530145,154,Unhealthy,3,22.6,65,0.0,6.3,97,1015.8,98,55.9,56.7,524.0,23.1,78.0,31.3
2026-03-05 12:00:00,2026,3,5,12,Hà Nội,Phường Tương Mai,20.9899896,105.8530145,155,Unhealthy,3,23.2,62,0.0,5.9,117,1014.6,100,52.0,53.0,488.0,20.4,93.0,29.9
2026-03-05 13:00:00,2026,3,5,13,Hà Nội,Phường Tương Mai,20.9899896,105.8530145,156,Unhealthy,3,22.4,65,0.0,5.3,123,1014.3,100,51.0,51.9,476.0,19.0,102.0,28.4
2026-03-05 14:00:00,2026,3,5,14,Hà Nội,Phường Tương Mai,20.9899896,105.8530145,156,Unhealthy,3,22.9,64,0.0,3.7,104,1013.3,100,51.9,52.9,453.0,18.0,106.0,26.5
2026-03-05 15:00:00,2026,3,5,15,Hà Nội,Phường Tương Mai,20.9899896,105.8530145,157,Unhealthy,3,22.9,64,0.0,4.8,77,1012.6,100,50.5,51.3,455.0,18.2,104.0,24.7
2026-03-05 16:00:00,2026,3,5,16,Hà Nội,Phường Tương Mai,20.9899896,105.8530145,158,Unhealthy,3,22.6,66,0.0,5.4,82,1012.3,100,48.1,48.8,577.0,22.2,96.0,24.6
2026-03-05 17:00:00,2026,3,5,17,Hà Nội,Phường Tương Mai,20.9899896,105.8530145,158,Unhealthy,3,22.4,70,0.0,5.7,103,1012.5,100,54.5,55.1,971.0,33.8,75.0,27.6
2026-03-05 18:00:00,2026,3,5,18,Hà Nội,Phường Tương Mai,20.9899896,105.8530145,158,Unhealthy,3,21.6,77,0.0,3.5,114,1013.0,100,67.8,68.2,1485.0,49.2,47.0,32.4
2026-03-05 19:00:00,2026,3,5,19,Hà Nội,Phường Tương Mai,20.9899896,105.8530145,158,Unhealthy,3,21.4,78,0.0,3.5,55,1013.7,100,73.8,74.0,1754.0,57.5,20.0,34.0
2026-03-05 20:00:00,2026,3,5,20,Hà Nội,Phường Tương Mai,20.9899896,105.8530145,158,Unhealthy,3,21.2,84,0.0,1.5,69,1014.7,100,80.1,80.3,1530.0,56.6,19.0,35.5
2026-03-05 21:00:00,2026,3,5,21,Hà Nội,Phường Tương Mai,20.9899896,105.8530145,158,Unhealthy,3,21.0,84,0.0,1.5,14,1015.4,100,83.1,83.6,1060.0,55.4,17.0,37.7
2026-03-05 22:00:00,2026,3,5,22,Hà Nội,Phường Tương Mai,20.9899896,105.8530145,157,Unhealthy,3,20.9,82,0.0,2.3,51,1015.9,100,84.5,85.0,723.0,55.6,14.0,39.5
2026-03-05 23:00:00,2026,3,5,23,Hà Nội,Phường Tương Mai,20.9899896,105.8530145,157,Unhealthy,3,20.4,85,0.0,4.7,81,1016.1,100,92.0,92.4,695.0,58.2,10.0,40.3
2026-03-06 00:00:00,2026,3,6,0,Hà Nội,Phường Tương Mai,20.9899896,105.8530145,158,Unhealthy,3,20.1,87,0.0,2.7,58,1016.1,100,96.2,96.9,800.0,62.2,6.0,40.8
2026-03-06 01:00:00,2026,3,6,1,Hà Nội,Phường Tương Mai,20.9899896,105.8530145,158,Unhealthy,3,19.9,93,0.0,2.2,14,1016.4,84,97.1,97.6,889.0,65.4,3.0,41.7
2026-03-06 02:00:00,2026,3,6,2,Hà Nội,Phường Tương Mai,20.9899896,105.8530145,159,Unhealthy,3,19.4,93,0.0,2.7,337,1015.8,100,94.8,95.2,893.0,67.5,1.0,43.6
2026-03-06 03:00:00,2026,3,6,3,Hà Nội,Phường Tương Mai,20.9899896,105.8530145,159,Unhealthy,3,19.4,92,0.0,3.2,357,1015.6,100,95.0,95.7,881.0,68.9,1.0,45.9
2026-03-06 04:00:00,2026,3,6,4,Hà Nội,Phường Tương Mai,20.9899896,105.8530145,160,Unhealthy,3,19.4,91,0.0,2.5,315,1015.1,100,97.8,98.5,914.0,68.7,1.0,48.3
2026-03-06 05:00:00,2026,3,6,5,Hà Nội,Phường Tương Mai,20.9899896,105.8530145,160,Unhealthy,3,19.2,92,0.0,6.1,320,1015.2,100,100.6,101.3,1050.0,66.7,1.0,51.0
2026-03-06 06:00:00,2026,3,6,6,Hà Nội,Phường Tương Mai,20.9899896,105.8530145,160,Unhealthy,3,19.1,92,0.0,8.0,318,1015.8,100,103.1,103.8,1230.0,63.2,3.0,53.7
2026-03-06 07:00:00,2026,3,6,7,Hà Nội,Phường Tương Mai,20.9899896,105.8530145,161,Unhealthy,3,19.5,92,0.0,9.0,322,1016.9,100,110.4,111.3,1340.0,66.8,2.0,61.6
2026-03-06 08:00:00,2026,3,6,8,Hà Nội,Phường Tương Mai,20.9899896,105.8530145,161,Unhealthy,3,19.8,90,0.0,6.9,317,1017.9,100,114.3,115.3,1327.0,56.7,22.0,58.0
2026-03-06 09:00:00,2026,3,6,9,Hà Nội,Phường Tương Mai,20.9899896,105.8530145,162,Unhealthy,3,20.2,88,0.0,5.2,292,1018.3,100,115.0,116.4,1242.0,42.6,51.0,52.7
2026-03-06 10:00:00,2026,3,6,10,Hà Nội,Phường Tương Mai,20.9899896,105.8530145,163,Unhealthy,3,21.8,76,0.0,4.1,322,1018.1,100,87.8,89.6,1127.0,31.4,74.0,46.8
2026-03-06 11:00:00,2026,3,6,11,Hà Nội,Phường Tương Mai,20.9899896,105.8530145,164,Unhealthy,3,23.0,69,0.0,2.0,27,1017.2,24,63.3,65.0,967.0,26.1,87.0,40.0
2026-03-06 12:00:00,2026,3,6,12,Hà Nội,Phường Tương Mai,20.9899896,105.8530145,164,Unhealthy,3,24.5,61,0.0,4.5,97,1016.2,100,63.8,65.2,777.0,23.7,95.0,32.6
2026-03-06 13:00:00,2026,3,6,13,Hà Nội,Phường Tương Mai,20.9899896,105.8530145,164,Unhealthy,3,23.9,62,0.0,6.7,144,1014.9,100,64.5,65.7,639.0,22.0,102.0,26.9
2026-03-06 14:00:00,2026,3,6,14,Hà Nội,Phường Tương Mai,20.9899896,105.8530145,164,Unhealthy,3,23.9,64,0.0,6.6,154,1013.5,100,66.6,67.8,591.0,19.8,111.0,23.8
2026-03-06 15:00:00,2026,3,6,15,Hà Nội,Phường Tương Mai,20.9899896,105.8530145,165,Unhealthy,3,23.7,66,0.0,7.6,146,1013.0,100,65.7,66.8,596.0,18.3,119.0,22.3
2026-03-06 16:00:00,2026,3,6,16,Hà Nội,Phường Tương Mai,20.9899896,105.8530145,165,Unhealthy,3,23.6,67,0.0,7.6,152,1013.0,100,61.0,61.9,622.0,18.3,121.0,21.7
2026-03-06 17:00:00,2026,3,6,17,Hà Nội,Phường Tương Mai,20.9899896,105.8530145,165,Unhealthy,3,23.1,71,0.0,6.2,139,1012.8,100,58.4,59.3,673.0,21.0,113.0,22.2
2026-03-06 18:00:00,2026,3,6,18,Hà Nội,Phường Tương Mai,20.9899896,105.8530145,165,Unhealthy,3,22.5,73,0.0,8.8,129,1012.9,98,60.3,60.8,745.0,25.3,100.0,23.6
2026-03-06 19:00:00,2026,3,6,19,Hà Nội,Phường Tương Mai,20.9899896,105.8530145,165,Unhealthy,3,22.0,77,0.0,10.1,121,1013.9,100,55.8,56.5,793.0,28.4,90.0,24.0
2026-03-06 20:00:00,2026,3,6,20,Hà Nội,Phường Tương Mai,20.9899896,105.8530145,165,Unhealthy,3,21.3,79,0.0,12.4,130,1014.2,95,57.4,58.1,791.0,28.0,89.0,24.8
2026-03-06 21:00:00,2026,3,6,21,Hà Nội,Phường Tương Mai,20.9899896,105.8530145,164,Unhealthy,3,20.8,83,0.0,11.8,130,1014.7,5,59.1,59.8,764.0,27.5,87.0,25.9
2026-03-06 22:00:00,2026,3,6,22,Hà Nội,Phường Tương Mai,20.9899896,105.8530145,164,Unhealthy,3,19.8,88,0.0,9.7,140,1015.6,18,64.0,64.7,747.0,27.9,83.0,26.8
2026-03-06 23:00:00,2026,3,6,23,Hà Nội,Phường Tương Mai,20.9899896,105.8530145,163,Unhealthy,3,19.3,91,0.0,8.5,136,1015.5,20,71.2,71.9,755.0,30.0,74.0,27.2
2026-03-07 00:00:00,2026,3,7,0,Hà Nội,Phường Tương Mai,20.9899896,105.8530145,163,Unhealthy,3,18.9,94,0.0,7.0,148,1015.7,22,77.5,78.2,773.0,33.1,64.0,27.3
2026-03-07 01:00:00,2026,3,7,1,Hà Nội,Phường Tương Mai,20.9899896,105.8530145,163,Unhealthy,3,18.9,95,0.0,4.3,147,1015.9,25,81.3,82.0,784.0,35.5,55.0,28.0
2026-03-07 02:00:00,2026,3,7,2,Hà Nội,Phường Tương Mai,20.9899896,105.8530145,162,Unhealthy,3,18.9,96,0.0,3.1,156,1015.6,97,85.0,85.9,772.0,36.3,51.0,29.3
2026-03-07 03:00:00,2026,3,7,3,Hà Nội,Phường Tương Mai,20.9899896,105.8530145,162,Unhealthy,3,19.2,95,0.0,2.1,142,1015.4,100,89.4,90.3,754.0,36.4,49.0,31.1
2026-03-07 04:00:00,2026,3,7,4,Hà Nội,Phường Tương Mai,20.9899896,105.8530145,162,Unhealthy,3,19.2,95,0.0,3.6,131,1015.2,100,93.8,94.8,759.0,37.4,47.0,33.4
2026-03-07 05:00:00,2026,3,7,5,Hà Nội,Phường Tương Mai,20.9899896,105.8530145,162,Unhealthy,3,19.2,94,0.0,5.3,123,1015.3,89,95.9,96.9,822.0,41.1,40.0,37.1
2026-03-07 06:00:00,2026,3,7,6,Hà Nội,Phường Tương Mai,20.9899896,105.8530145,162,Unhealthy,3,18.9,96,0.0,3.3,119,1016.1,98,98.5,99.2,909.0,45.6,33.0,41.3
2026-03-07 07:00:00,2026,3,7,7,Hà Nội,Phường Tương Mai,20.9899896,105.8530145,162,Unhealthy,3,19.6,92,0.0,4.1,103,1016.9,100,70.3,71.0,945.0,35.4,54.0,29.6
2026-03-07 08:00:00,2026,3,7,8,Hà Nội,Phường Tương Mai,20.9899896,105.8530145,161,Unhealthy,3,20.5,86,0.0,4.8,110,1017.5,100,64.5,65.4,885.0,29.6,68.0,26.7
2026-03-07 09:00:00,2026,3,7,9,Hà Nội,Phường Tương Mai,20.9899896,105.8530145,160,Unhealthy,3,21.5,79,0.0,8.4,118,1018.0,98,46.8,48.7,774.0,21.6,88.0,22.7
2026-03-07 10:00:00,2026,3,7,10,Hà Nội,Phường Tương Mai,20.9899896,105.8530145,158,Unhealthy,3,22.8,73,0.0,14.3,130,1017.7,95,38.0,39.8,672.0,14.9,106.0,19.2
2026-03-07 11:00:00,2026,3,7,11,Hà Nội,Phường Tương Mai,20.9899896,105.8530145,157,Unhealthy,3,23.6,72,0.1,16.0,133,1017.0,96,36.0,37.7,590.0,11.0,119.0,16.7
2026-03-07 12:00:00,2026,3,7,12,Hà Nội,Phường Tương Mai,20.9899896,105.8530145,156,Unhealthy,3,24.5,66,0.0,14.1,137,1015.6,85,35.4,37.1,518.0,8.4,129.0,14.6
2026-03-07 13:00:00,2026,3,7,13,Hà Nội,Phường Tương Mai,20.9899896,105.8530145,156,Unhealthy,3,24.0,65,0.0,13.7,145,1015.1,100,35.2,36.9,477.0,6.9,136.0,13.1
2026-03-07 14:00:00,2026,3,7,14,Hà Nội,Phường Tương Mai,20.9899896,105.8530145,155,Unhealthy,3,23.6,67,0.0,13.5,144,1014.2,100,34.3,36.1,487.0,6.0,140.0,12.1
2026-03-07 15:00:00,2026,3,7,15,Hà Nội,Phường Tương Mai,20.9899896,105.8530145,154,Unhealthy,3,23.9,66,0.0,14.3,136,1013.3,100,34.1,35.9,529.0,6.0,140.0,11.6
2026-03-07 16:00:00,2026,3,7,16,Hà Nội,Phường Tương Mai,20.9899896,105.8530145,154,Unhealthy,3,23.4,68,0.0,14.4,133,1013.2,98,33.1,34.9,573.0,7.8,136.0,12.1
2026-03-07 17:00:00,2026,3,7,17,Hà Nội,Phường Tương Mai,20.9899896,105.8530145,153,Unhealthy,3,23.0,70,0.0,14.6,129,1013.0,17,33.2,35.0,616.0,12.6,125.0,14.1
2026-03-07 18:00:00,2026,3,7,18,Hà Nội,Phường Tương Mai,20.9899896,105.8530145,153,Unhealthy,3,21.8,76,0.0,13.0,121,1013.3,2,35.6,37.3,660.0,19.1,110.0,17.0
2026-03-07 19:00:00,2026,3,7,19,Hà Nội,Phường Tương Mai,20.9899896,105.8530145,152,Unhealthy,3,21.2,80,0.0,13.8,118,1014.2,15,46.4,48.8,684.0,24.3,95.0,20.2
2026-03-07 20:00:00,2026,3,7,20,Hà Nội,Phường Tương Mai,20.9899896,105.8530145,152,Unhealthy,3,20.7,82,0.0,14.0,121,1015.1,8,49.1,51.5,673.0,25.1,90.0,21.0
2026-03-07 21:00:00,2026,3,7,21,Hà Nội,Phường Tương Mai,20.9899896,105.8530145,152,Unhealthy,3,20.1,84,0.0,12.4,120,1016.1,11,52.5,54.8,641.0,26.2,83.0,22.0
2026-03-07 22:00:00,2026,3,7,22,Hà Nội,Phường Tương Mai,20.9899896,105.8530145,152,Unhealthy,3,19.8,86,0.0,13.1,124,1016.3,4,55.8,58.1,606.0,27.4,76.0,22.8
2026-03-07 23:00:00,2026,3,7,23,Hà Nội,Phường Tương Mai,20.9899896,105.8530145,151,Unhealthy,3,19.5,88,0.0,10.3,131,1016.6,13,57.9,60.3,570.0,28.8,70.0,23.0
2026-03-08 00:00:00,2026,3,8,0,Hà Nội,Phường Tương Mai,20.9899896,105.8530145,151,Unhealthy,3,19.2,91,0.0,5.7,131,1017.0,99,60.3,62.9,530.0,30.2,65.0,22.8
2026-03-08 01:00:00,2026,3,8,1,Hà Nội,Phường Tương Mai,20.9899896,105.8530145,151,Unhealthy,3,19.6,92,0.0,6.7,117,1016.6,100,63.1,65.4,495.0,31.1,60.0,22.7
2026-03-08 02:00:00,2026,3,8,2,Hà Nội,Phường Tương Mai,20.9899896,105.8530145,150,Unhealthy for Sensitive Groups,2,20.1,91,0.0,8.1,108,1015.8,100,63.8,66.4,460.0,30.9,56.0,22.5
2026-03-08 03:00:00,2026,3,8,3,Hà Nội,Phường Tương Mai,20.9899896,105.8530145,149,Unhealthy for Sensitive Groups,2,20.4,89,0.1,8.1,107,1015.4,100,61.9,64.5,430.0,30.2,53.0,22.4
2026-03-08 04:00:00,2026,3,8,4,Hà Nội,Phường Tương Mai,20.9899896,105.8530145,146,Unhealthy for Sensitive Groups,2,20.4,90,0.4,7.6,105,1015.2,100,61.5,64.0,425.0,30.1,51.0,22.7
2026-03-08 05:00:00,2026,3,8,5,Hà Nội,Phường Tương Mai,20.9899896,105.8530145,143,Unhealthy for Sensitive Groups,2,20.1,95,0.5,7.4,108,1015.4,100,59.6,62.2,472.0,31.8,49.0,23.9
2026-03-08 06:00:00,2026,3,8,6,Hà Nội,Phường Tương Mai,20.9899896,105.8530145,139,Unhealthy for Sensitive Groups,2,20.2,94,0.2,9.9,106,1015.7,100,58.2,60.8,545.0,34.1,47.0,25.6
2026-03-08 07:00:00,2026,3,8,7,Hà Nội,Phường Tương Mai,20.9899896,105.8530145,135,Unhealthy for Sensitive Groups,2,20.2,94,0.1,10.9,81,1016.2,100,50.8,53.6,586.0,26.5,64.0,21.3
2026-03-08 08:00:00,2026,3,8,8,Hà Nội,Phường Tương Mai,20.9899896,105.8530145,133,Unhealthy for Sensitive Groups,2,20.7,93,0.0,11.2,100,1016.8,100,49.4,52.2,561.0,24.6,72.0,22.2
2026-03-08 09:00:00,2026,3,8,9,Hà Nội,Phường Tương Mai,20.9899896,105.8530145,131,Unhealthy for Sensitive Groups,2,21.0,91,0.0,10.9,107,1017.1,100,46.4,49.4,504.0,21.9,82.0,23.4
2026-03-08 10:00:00,2026,3,8,10,Hà Nội,Phường Tương Mai,20.9899896,105.8530145,131,Unhealthy for Sensitive Groups,2,22.2,84,0.0,18.5,122,1017.1,100,39.8,42.8,456.0,19.2,91.0,24.3
2026-03-08 11:00:00,2026,3,8,11,Hà Nội,Phường Tương Mai,20.9899896,105.8530145,131,Unhealthy for Sensitive Groups,2,23.6,77,0.0,17.0,132,1016.5,100,35.2,38.1,431.0,16.6,97.0,24.8
2026-03-08 12:00:00,2026,3,8,12,Hà Nội,Phường Tương Mai,20.9899896,105.8530145,131,Unhealthy for Sensitive Groups,2,24.8,70,0.0,15.2,144,1015.2,84,31.1,33.9,415.0,14.1,101.0,25.0
2026-03-08 13:00:00,2026,3,8,13,Hà Nội,Phường Tương Mai,20.9899896,105.8530145,131,Unhealthy for Sensitive Groups,2,24.4,71,0.0,14.5,138,1014.4,94,29.1,31.8,409.0,12.4,103.0,24.6
2026-03-08 14:00:00,2026,3,8,14,Hà Nội,Phường Tương Mai,20.9899896,105.8530145,130,Unhealthy for Sensitive Groups,2,24.6,71,0.0,16.8,138,1013.4,94,28.3,30.7,415.0,11.5,103.0,23.1
2026-03-08 15:00:00,2026,3,8,15,Hà Nội,Phường Tương Mai,20.9899896,105.8530145,130,Unhealthy for Sensitive Groups,2,24.2,72,0.0,17.9,130,1012.7,100,27.8,30.2,432.0,11.4,101.0,21.0
2026-03-08 16:00:00,2026,3,8,16,Hà Nội,Phường Tương Mai,20.9899896,105.8530145,129,Unhealthy for Sensitive Groups,2,23.5,76,0.0,18.1,128,1012.5,100,27.8,30.0,452.0,12.7,97.0,19.7
2026-03-08 17:00:00,2026,3,8,17,Hà Nội,Phường Tương Mai,20.9899896,105.8530145,128,Unhealthy for Sensitive Groups,2,22.8,80,0.0,16.1,117,1012.9,93,28.1,30.3,480.0,16.4,90.0,19.9
2026-03-08 18:00:00,2026,3,8,18,Hà Nội,Phường Tương Mai,20.9899896,105.8530145,128,Unhealthy for Sensitive Groups,2,22.1,83,0.0,15.9,115,1013.1,27,32.0,34.1,512.0,21.5,82.0,20.9
2026-03-08 19:00:00,2026,3,8,19,Hà Nội,Phường Tương Mai,20.9899896,105.8530145,127,Unhealthy for Sensitive Groups,2,21.5,84,0.0,15.7,114,1014.3,100,35.5,37.4,529.0,24.2,77.0,20.0
2026-03-08 20:00:00,2026,3,8,20,Hà Nội,Phường Tương Mai,20.9899896,105.8530145,126,Unhealthy for Sensitive Groups,2,21.1,86,0.0,15.9,116,1015.1,100,36.3,38.2,522.0,24.6,75.0,20.3
2026-03-08 21:00:00,2026,3,8,21,Hà Nội,Phường Tương Mai,20.9899896,105.8530145,125,Unhealthy for Sensitive Groups,2,20.9,87,0.0,14.3,117,1016.0,100,36.2,38.2,500.0,25.2,72.0,20.6
2026-03-08 22:00:00,2026,3,8,22,Hà Nội,Phường Tương Mai,20.9899896,105.8530145,123,Unhealthy for Sensitive Groups,2,20.8,85,0.0,11.9,121,1016.7,100,37.6,39.6,474.0,26.0,68.0,20.9
2026-03-08 23:00:00,2026,3,8,23,Hà Nội,Phường Tương Mai,20.9899896,105.8530145,121,Unhealthy for Sensitive Groups,2,20.7,85,0.0,11.5,122,1017.2,100,39.8,41.8,445.0,27.4,63.0,20.9
2026-03-09 00:00:00,2026,3,9,0,Hà Nội,Phường Tương Mai,20.9899896,105.8530145,120,Unhealthy for Sensitive Groups,2,20.6,86,0.0,11.7,127,1017.4,100,41.6,43.9,412.0,29.0,57.0,20.8
2026-03-09 01:00:00,2026,3,9,1,Hà Nội,Phường Tương Mai,20.9899896,105.8530145,118,Unhealthy for Sensitive Groups,2,20.9,89,0.0,10.9,124,1017.0,100,42.5,45.8,388.0,30.2,53.0,21.0
2026-03-09 02:00:00,2026,3,9,2,Hà Nội,Phường Tương Mai,20.9899896,105.8530145,115,Unhealthy for Sensitive Groups,2,20.9,90,0.0,10.5,117,1016.6,100,40.5,44.6,369.0,30.2,52.0,21.4
2026-03-09 03:00:00,2026,3,9,3,Hà Nội,Phường Tương Mai,20.9899896,105.8530145,113,Unhealthy for Sensitive Groups,2,20.8,90,0.0,9.8,113,1016.3,100,39.7,44.0,360.0,29.8,52.0,22.0
2026-03-09 04:00:00,2026,3,9,4,Hà Nội,Phường Tương Mai,20.9899896,105.8530145,111,Unhealthy for Sensitive Groups,2,20.8,91,0.0,8.9,104,1016.2,100,41.9,46.6,384.0,30.8,51.0,23.4
2026-03-09 05:00:00,2026,3,9,5,Hà Nội,Phường Tương Mai,20.9899896,105.8530145,109,Unhealthy for Sensitive Groups,2,20.6,92,0.0,8.3,104,1016.7,95,44.5,49.6,483.0,35.4,44.0,27.0
2026-03-09 06:00:00,2026,3,9,6,Hà Nội,Phường Tương Mai,20.9899896,105.8530145,107,Unhealthy for Sensitive Groups,2,20.4,93,0.0,7.9,106,1017.2,100,48.0,53.2,616.0,41.4,34.0,31.5
2026-03-09 07:00:00,2026,3,9,7,Hà Nội,Phường Tương Mai,20.9899896,105.8530145,106,Unhealthy for Sensitive Groups,2,20.9,91,0.0,9.9,87,1017.9,100,34.3,38.8,684.0,28.3,54.0,21.7
2026-03-09 08:00:00,2026,3,9,8,Hà Nội,Phường Tương Mai,20.9899896,105.8530145,104,Unhealthy for Sensitive Groups,2,21.3,89,0.0,8.8,86,1018.9,100,30.2,34.2,608.0,25.8,60.0,19.4
2026-03-09 09:00:00,2026,3,9,9,Hà Nội,Phường Tương Mai,20.9899896,105.8530145,102,Unhealthy for Sensitive Groups,2,21.6,87,0.0,12.9,84,1019.8,100,27.7,31.4,468.0,22.4,69.0,16.2
2026-03-09 10:00:00,2026,3,9,10,Hà Nội,Phường Tương Mai,20.9899896,105.8530145,100,Moderate,1,22.6,82,0.2,13.0,80,1020.3,84,22.4,25.1,402.0,19.9,74.0,14.3
2026-03-09 11:00:00,2026,3,9,11,Hà Nội,Phường Tương Mai,20.9899896,105.8530145,99,Moderate,1,23.4,78,0.1,12.8,71,1020.1,100,21.4,23.3,501.0,19.2,72.0,14.8
2026-03-09 12:00:00,2026,3,9,12,Hà Nội,Phường Tương Mai,20.9899896,105.8530145,98,Moderate,1,22.6,83,1.1,12.2,56,1019.6,100,19.3,21.0,674.0,19.4,67.0,16.6
2026-03-09 13:00:00,2026,3,9,13,Hà Nội,Phường Tương Mai,20.9899896,105.8530145,96,Moderate,1,19.0,90,3.2,26.5,28,1019.7,100,22.7,23.5,788.0,19.4,64.0,18.5
2026-03-09 14:00:00,2026,3,9,14,Hà Nội,Phường Tương Mai,20.9899896,105.8530145,96,Moderate,1,18.6,86,0.7,23.7,27,1019.5,100,20.5,20.8,769.0,18.4,68.0,20.4
2026-03-09 15:00:00,2026,3,9,15,Hà Nội,Phường Tương Mai,20.9899896,105.8530145,95,Moderate,1,18.0,84,0.3,20.9,36,1019.5,100,18.1,18.2,692.0,17.3,75.0,22.5
2026-03-09 16:00:00,2026,3,9,16,Hà Nội,Phường Tương Mai,20.9899896,105.8530145,94,Moderate,1,17.9,82,0.1,18.7,33,1020.0,100,15.0,15.0,647.0,17.1,78.0,23.9
2026-03-09 17:00:00,2026,3,9,17,Hà Nội,Phường Tương Mai,20.9899896,105.8530145,93,Moderate,1,17.8,81,0.1,14.6,19,1020.6,100,14.1,14.1,690.0,19.0,74.0,24.2
2026-03-09 18:00:00,2026,3,9,18,Hà Nội,Phường Tương Mai,20.9899896,105.8530145,92,Moderate,1,17.6,77,0.3,14.7,15,1021.1,100,14.4,14.4,765.0,21.9,66.0,23.8
2026-03-09 19:00:00,2026,3,9,19,Hà Nội,Phường Tương Mai,20.9899896,105.8530145,90,Moderate,1,18.6,72,0.3,15.8,24,1021.4,100,17.4,17.5,803.0,21.0,64.0,22.5
2026-03-09 20:00:00,2026,3,9,20,Hà Nội,Phường Tương Mai,20.9899896,105.8530145,89,Moderate,1,18.4,70,0.0,14.3,21,1022.0,100,16.8,16.9,764.0,19.2,66.0,21.0
2026-03-09 21:00:00,2026,3,9,21,Hà Nội,Phường Tương Mai,20.9899896,105.8530145,87,Moderate,1,18.1,71,0.0,12.6,14,1022.7,100,16.8,16.9,686.0,16.8,69.0,19.0
2026-03-09 22:00:00,2026,3,9,22,Hà Nội,Phường Tương Mai,20.9899896,105.8530145,85,Moderate,1,18.0,70,0.0,12.7,16,1023.6,100,16.4,16.5,619.0,14.8,72.0,17.3
2026-03-09 23:00:00,2026,3,9,23,Hà Nội,Phường Tương Mai,20.9899896,105.8530145,84,Moderate,1,17.6,71,0.1,12.8,14,1024.0,100,15.9,16.1,574.0,13.7,73.0,16.3
2026-03-10 00:00:00,2026,3,10,0,Hà Nội,Phường Tương Mai,20.9899896,105.8530145,81,Moderate,1,17.5,67,0.0,14.8,16,1024.0,100,15.3,15.5,538.0,13.1,74.0,15.5
2026-03-10 01:00:00,2026,3,10,1,Hà Nội,Phường Tương Mai,20.9899896,105.8530145,79,Moderate,1,18.0,64,0.0,15.4,14,1023.5,100,14.3,14.5,522.0,12.8,74.0,15.1
2026-03-10 02:00:00,2026,3,10,2,Hà Nội,Phường Tương Mai,20.9899896,105.8530145,77,Moderate,1,17.5,64,0.0,13.8,17,1023.1,92,13.7,13.8,536.0,12.7,73.0,14.9
2026-03-10 03:00:00,2026,3,10,3,Hà Nội,Phường Tương Mai,20.9899896,105.8530145,74,Moderate,1,17.1,65,0.0,10.9,19,1022.8,99,13.3,13.4,569.0,12.9,72.0,15.0
2026-03-10 04:00:00,2026,3,10,4,Hà Nội,Phường Tương Mai,20.9899896,105.8530145,72,Moderate,1,16.9,66,0.0,10.3,15,1022.6,99,12.9,13.0,603.0,13.4,70.0,15.3
2026-03-10 05:00:00,2026,3,10,5,Hà Nội,Phường Tương Mai,20.9899896,105.8530145,69,Moderate,1,16.7,67,0.0,10.8,11,1022.9,73,12.5,12.6,638.0,14.7,67.0,15.7
2026-03-10 06:00:00,2026,3,10,6,Hà Nội,Phường Tương Mai,20.9899896,105.8530145,66,Moderate,1,16.3,67,0.0,13.0,14,1023.1,53,12.6,12.7,674.0,16.3,64.0,16.3
2026-03-10 07:00:00,2026,3,10,7,Hà Nội,Phường Tương Mai,20.9899896,105.8530145,63,Moderate,1,16.6,66,0.0,12.1,15,1024.0,96,5.4,5.5,691.0,15.6,66.0,17.4
2026-03-10 08:00:00,2026,3,10,8,Hà Nội,Phường Tương Mai,20.9899896,105.8530145,61,Moderate,1,16.5,63,0.0,13.1,23,1024.4,76,6.1,6.4,672.0,14.0,71.0,17.7
2026-03-10 09:00:00,2026,3,10,9,Hà Nội,Phường Tương Mai,20.9899896,105.8530145,59,Moderate,1,17.4,59,0.0,12.5,18,1024.7,23,6.9,7.2,633.0,11.7,78.0,18.1
2026-03-10 10:00:00,2026,3,10,10,Hà Nội,Phường Tương Mai,20.9899896,105.8530145,57,Moderate,1,18.8,56,0.0,12.0,12,1024.4,0,7.7,7.8,603.0,9.7,89.0,18.4
2026-03-10 11:00:00,2026,3,10,11,Hà Nội,Phường Tương Mai,20.9899896,105.8530145,55,Moderate,1,19.9,55,0.0,10.4,18,1023.1,1,9.3,9.3,591.0,8.0,107.0,18.6
2026-03-10 12:00:00,2026,3,10,12,Hà Nội,Phường Tương Mai,20.9899896,105.8530145,54,Moderate,1,20.9,55,0.0,8.3,18,1021.5,2,11.5,11.5,588.0,6.6,129.0,18.8
2026-03-10 13:00:00,2026,3,10,13,Hà Nội,Phường Tương Mai,20.9899896,105.8530145,54,Moderate,1,21.2,55,0.0,8.0,5,1020.6,0,13.8,13.8,591.0,5.8,146.0,18.9
2026-03-10 14:00:00,2026,3,10,14,Hà Nội,Phường Tương Mai,20.9899896,105.8530145,53,Moderate,1,21.9,54,0.0,7.6,352,1019.4,0,15.9,15.9,558.0,4.3,159.0,18.3
2026-03-10 15:00:00,2026,3,10,15,Hà Nội,Phường Tương Mai,20.9899896,105.8530145,52,Moderate,1,21.8,53,0.0,8.8,348,1018.6,1,17.6,17.6,532.0,3.4,168.0,17.8
2026-03-10 16:00:00,2026,3,10,16,Hà Nội,Phường Tương Mai,20.9899896,105.8530145,68,Moderate,1,21.1,56,0.0,4.9,10,1018.0,0,18.5,18.6,632.0,7.8,164.0,19.4
2026-03-10 17:00:00,2026,3,10,17,Hà Nội,Phường Tương Mai,20.9899896,105.8530145,88,Moderate,1,21.2,57,0.0,3.3,131,1017.3,10,20.1,20.1,1025.0,23.4,138.0,25.9
2026-03-10 18:00:00,2026,3,10,18,Hà Nội,Phường Tương Mai,20.9899896,105.8530145,101,Unhealthy for Sensitive Groups,2,20.2,66,0.0,5.5,122,1017.3,1,46.1,46.1,1545.0,44.2,99.0,34.6
2026-03-10 19:00:00,2026,3,10,19,Hà Nội,Phường Tương Mai,20.9899896,105.8530145,103,Unhealthy for Sensitive Groups,2,19.5,67,0.0,5.6,105,1018.7,4,56.1,56.1,1817.0,56.9,50.0,37.0
2026-03-10 20:00:00,2026,3,10,20,Hà Nội,Phường Tương Mai,20.9899896,105.8530145,91,Moderate,1,18.5,73,0.0,7.6,135,1018.9,100,51.8,51.8,1590.0,49.5,51.0,34.5
2026-03-10 21:00:00,2026,3,10,21,Hà Nội,Phường Tương Mai,20.9899896,105.8530145,74,Moderate,1,18.1,76,0.0,14.0,126,1019.3,95,41.2,41.2,1115.0,39.4,53.0,31.0
2026-03-10 22:00:00,2026,3,10,22,Hà Nội,Phường Tương Mai,20.9899896,105.8530145,65,Moderate,1,17.1,83,0.0,11.5,141,1020.0,67,33.4,33.6,765.0,31.7,54.0,27.9
2026-03-10 23:00:00,2026,3,10,23,Hà Nội,Phường Tương Mai,20.9899896,105.8530145,66,Moderate,1,16.5,86,0.0,8.3,156,1020.0,1,29.2,29.9,710.0,28.6,53.0,25.6
2026-03-11 00:00:00,2026,3,11,0,Hà Nội,Phường Tương Mai,20.9899896,105.8530145,67,Moderate,1,16.0,89,0.0,6.2,158,1019.6,8,28.8,29.9,781.0,28.0,51.0,23.7
2026-03-11 01:00:00,2026,3,11,1,Hà Nội,Phường Tương Mai,20.9899896,105.8530145,69,Moderate,1,15.8,92,0.0,3.2,177,1019.6,21,33.8,35.0,842.0,28.6,48.0,23.0
2026-03-11 02:00:00,2026,3,11,2,Hà Nội,Phường Tương Mai,20.9899896,105.8530145,70,Moderate,1,16.0,91,0.0,0.8,243,1019.1,43,41.4,43.0,822.0,30.5,44.0,23.9
2026-03-11 03:00:00,2026,3,11,3,Hà Nội,Phường Tương Mai,20.9899896,105.8530145,73,Moderate,1,16.0,92,0.0,0.4,27,1018.9,56,49.2,51.0,793.0,33.6,39.0,26.0
2026-03-11 04:00:00,2026,3,11,4,Hà Nội,Phường Tương Mai,20.9899896,105.8530145,76,Moderate,1,16.3,92,0.0,2.9,43,1018.5,99,55.9,57.9,835.0,36.8,34.0,29.0
2026-03-11 05:00:00,2026,3,11,5,Hà Nội,Phường Tương Mai,20.9899896,105.8530145,80,Moderate,1,16.4,92,0.0,3.6,45,1018.5,83,65.9,68.0,1043.0,40.9,26.0,34.0
2026-03-11 06:00:00,2026,3,11,6,Hà Nội,Phường Tương Mai,20.9899896,105.8530145,85,Moderate,1,16.2,93,0.0,3.0,33,1018.7,63,77.5,79.6,1322.0,45.1,19.0,39.9
2026-03-11 07:00:00,2026,3,11,7,Hà Nội,Phường Tương Mai,20.9899896,105.8530145,90,Moderate,1,16.6,91,0.0,4.4,27,1019.2,100,81.5,83.6,1469.0,44.0,20.0,40.1
2026-03-11 08:00:00,2026,3,11,8,Hà Nội,Phường Tương Mai,20.9899896,105.8530145,97,Moderate,1,17.4,84,0.0,4.8,29,1019.9,100,53.9,54.9,1362.0,37.6,36.0,36.6
2026-03-11 09:00:00,2026,3,11,9,Hà Nội,Phường Tương Mai,20.9899896,105.8530145,102,Unhealthy for Sensitive Groups,2,18.0,79,0.0,4.6,39,1020.1,99,42.3,42.8,1123.0,28.6,58.0,31.8
2026-03-11 10:00:00,2026,3,11,10,Hà Nội,Phường Tương Mai,20.9899896,105.8530145,105,Unhealthy for Sensitive Groups,2,18.8,77,0.1,4.3,33,1019.9,100,36.3,36.8,918.0,21.4,79.0,27.8
2026-03-11 11:00:00,2026,3,11,11,Hà Nội,Phường Tương Mai,20.9899896,105.8530145,108,Unhealthy for Sensitive Groups,2,20.2,72,0.0,4.2,85,1019.0,100,35.9,36.2,803.0,17.6,95.0,25.5
2026-03-11 12:00:00,2026,3,11,12,Hà Nội,Phường Tương Mai,20.9899896,105.8530145,111,Unhealthy for Sensitive Groups,2,21.0,69,0.0,3.3,103,1017.6,96,36.1,36.4,722.0,15.4,109.0,24.0
2026-03-11 13:00:00,2026,3,11,13,Hà Nội,Phường Tương Mai,20.9899896,105.8530145,114,Unhealthy for Sensitive Groups,2,20.9,66,0.0,2.6,39,1017.0,100,36.2,36.6,670.0,14.1,120.0,22.7
2026-03-11 14:00:00,2026,3,11,14,Hà Nội,Phường Tương Mai,20.9899896,105.8530145,116,Unhealthy for Sensitive Groups,2,21.5,65,0.0,2.2,42,1015.6,100,37.0,37.5,583.0,11.2,131.0,20.5
2026-03-11 15:00:00,2026,3,11,15,Hà Nội,Phường Tương Mai,20.9899896,105.8530145,118,Unhealthy for Sensitive Groups,2,21.6,65,0.0,2.4,77,1014.9,100,40.0,40.5,525.0,9.0,139.0,18.5
2026-03-11 16:00:00,2026,3,11,16,Hà Nội,Phường Tương Mai,20.9899896,105.8530145,120,Unhealthy for Sensitive Groups,2,21.6,64,0.0,3.7,113,1014.5,100,42.4,43.0,681.0,13.9,136.0,20.0
2026-03-11 17:00:00,2026,3,11,17,Hà Nội,Phường Tương Mai,20.9899896,105.8530145,123,Unhealthy for Sensitive Groups,2,21.5,65,0.0,4.5,119,1014.4,100,51.7,52.4,1243.0,32.7,113.0,27.8
2026-03-11 18:00:00,2026,3,11,18,Hà Nội,Phường Tương Mai,20.9899896,105.8530145,126,Unhealthy for Sensitive Groups,2,20.5,73,0.0,4.9,123,1014.6,95,82.9,83.4,2019.0,58.6,79.0,39.0
2026-03-11 19:00:00,2026,3,11,19,Hà Nội,Phường Tương Mai,20.9899896,105.8530145,130,Unhealthy for Sensitive Groups,2,20.6,76,0.0,3.8,155,1015.4,100,113.2,113.6,2616.0,82.3,42.0,50.9
2026-03-11 20:00:00,2026,3,11,20,Hà Nội,Phường Tương Mai,20.9899896,105.8530145,136,Unhealthy for Sensitive Groups,2,20.0,79,0.0,7.2,205,1015.9,16,141.6,142.0,2936.0,86.1,34.0,58.8
2026-03-11 21:00:00,2026,3,11,21,Hà Nội,Phường Tương Mai,20.9899896,105.8530145,145,Unhealthy for Sensitive Groups,2,18.9,84,0.0,3.5,204,1016.6,35,157.4,157.9,3077.0,91.1,23.0,69.5
2026-03-11 22:00:00,2026,3,11,22,Hà Nội,Phường Tương Mai,20.9899896,105.8530145,152,Unhealthy,3,19.0,82,0.0,0.8,207,1017.3,65,166.2,166.7,2936.0,93.4,14.0,76.4
2026-03-11 23:00:00,2026,3,11,23,Hà Nội,Phường Tương Mai,20.9899896,105.8530145,154,Unhealthy,3,18.4,86,0.0,7.8,109,1017.3,56,170.4,170.9,2299.0,90.6,11.0,75.7
2026-03-12 00:00:00,2026,3,12,0,Hà Nội,Phường Tương Mai,20.9899896,105.8530145,158,Unhealthy,3,17.5,91,0.0,7.8,122,1017.1,94,169.5,169.5,1380.0,85.1,11.0,71.2
2026-03-12 01:00:00,2026,3,12,1,Hà Nội,Phường Tương Mai,20.9899896,105.8530145,161,Unhealthy,3,17.7,91,0.0,8.1,133,1017.3,100,171.8,171.8,720.0,80.4,11.0,67.9
2026-03-12 02:00:00,2026,3,12,2,Hà Nội,Phường Tương Mai,20.9899896,105.8530145,164,Unhealthy,3,18.0,90,0.0,6.2,120,1016.6,100,170.9,171.4,562.0,77.7,11.0,67.8
2026-03-12 03:00:00,2026,3,12,3,Hà Nội,Phường Tương Mai,20.9899896,105.8530145,167,Unhealthy,3,18.0,89,0.0,3.8,82,1016.5,100,175.6,176.0,662.0,75.8,12.0,69.0
2026-03-12 04:00:00,2026,3,12,4,Hà Nội,Phường Tương Mai,20.9899896,105.8530145,169,Unhealthy,3,18.0,89,0.0,2.9,97,1016.5,100,181.1,181.1,830.0,75.1,12.0,70.3
2026-03-12 05:00:00,2026,3,12,5,Hà Nội,Phường Tương Mai,20.9899896,105.8530145,172,Unhealthy,3,18.0,91,0.0,1.4,40,1016.9,100,174.2,174.2,1066.0,76.9,9.0,71.6
2026-03-12 06:00:00,2026,3,12,6,Hà Nội,Phường Tương Mai,20.9899896,105.8530145,174,Unhealthy,3,18.0,91,0.0,2.7,360,1017.6,100,174.2,174.6,1371.0,79.8,5.0,73.1
2026-03-12 07:00:00,2026,3,12,7,Hà Nội,Phường Tương Mai,20.9899896,105.8530145,177,Unhealthy,3,18.0,92,0.0,3.9,16,1018.5,100,159.7,160.2,1555.0,71.1,9.0,68.9
2026-03-12 08:00:00,2026,3,12,8,Hà Nội,Phường Tương Mai,20.9899896,105.8530145,178,Unhealthy,3,18.8,87,0.0,2.9,30,1019.2,100,146.2,146.2,1525.0,67.7,17.0,72.7
2026-03-12 09:00:00,2026,3,12,9,Hà Nội,Phường Tương Mai,20.9899896,105.8530145,180,Unhealthy,3,20.1,80,0.0,3.1,13,1019.8,100,124.8,124.8,1374.0,62.6,30.0,77.4
2026-03-12 10:00:00,2026,3,12,10,Hà Nội,Phường Tương Mai,20.9899896,105.8530145,182,Unhealthy,3,21.4,73,0.0,5.4,26,1019.8,99,100.8,101.3,1194.0,55.2,47.0,76.8
2026-03-12 11:00:00,2026,3,12,11,Hà Nội,Phường Tương Mai,20.9899896,105.8530145,184,Unhealthy,3,21.9,70,0.0,7.6,36,1019.0,100,68.7,69.2,983.0,43.4,73.0,65.7
2026-03-12 12:00:00,2026,3,12,12,Hà Nội,Phường Tương Mai,20.9899896,105.8530145,184,Unhealthy,3,23.3,61,0.0,7.5,48,1017.6,65,49.7,50.2,743.0,29.3,104.0,49.3
2026-03-12 13:00:00,2026,3,12,13,Hà Nội,Phường Tương Mai,20.9899896,105.8530145,185,Unhealthy,3,23.5,58,0.0,8.6,57,1016.8,55,44.4,44.8,576.0,19.3,126.0,36.5
2026-03-12 14:00:00,2026,3,12,14,Hà Nội,Phường Tương Mai,20.9899896,105.8530145,185,Unhealthy,3,24.2,53,0.0,7.1,66,1015.7,66,44.8,45.3,532.0,15.9,136.0,31.1
2026-03-12 15:00:00,2026,3,12,15,Hà Nội,Phường Tương Mai,20.9899896,105.8530145,185,Unhealthy,3,24.2,50,0.0,8.5,78,1014.9,100,45.9,46.3,561.0,16.6,137.0,29.3
2026-03-12 16:00:00,2026,3,12,16,Hà Nội,Phường Tương Mai,20.9899896,105.8530145,185,Unhealthy,3,23.8,53,0.0,6.0,107,1014.5,84,47.3,47.7,614.0,20.2,131.0,28.7
2026-03-12 17:00:00,2026,3,12,17,Hà Nội,Phường Tương Mai,20.9899896,105.8530145,185,Unhealthy,3,23.4,58,0.0,6.9,149,1014.1,25,56.6,57.0,688.0,28.7,113.0,29.1
2026-03-12 18:00:00,2026,3,12,18,Hà Nội,Phường Tương Mai,20.9899896,105.8530145,185,Unhealthy,3,21.5,68,0.0,6.9,160,1014.3,15,67.3,67.8,786.0,40.1,89.0,30.7
2026-03-12 19:00:00,2026,3,12,19,Hà Nội,Phường Tương Mai,20.9899896,105.8530145,185,Unhealthy,3,20.8,76,0.0,8.8,152,1016.0,42,109.0,109.4,863.0,70.0,47.0,47.2
2026-03-12 20:00:00,2026,3,12,20,Hà Nội,Phường Tương Mai,20.9899896,105.8530145,185,Unhealthy,3,20.0,78,0.1,11.6,147,1016.8,11,104.5,105.0,888.0,61.3,51.0,42.4
2026-03-12 21:00:00,2026,3,12,21,Hà Nội,Phường Tương Mai,20.9899896,105.8530145,184,Unhealthy,3,19.2,79,0.0,8.6,143,1017.1,3,84.1,84.5,892.0,49.4,57.0,35.9
2026-03-12 22:00:00,2026,3,12,22,Hà Nội,Phường Tương Mai,20.9899896,105.8530145,182,Unhealthy,3,18.7,80,0.0,7.5,140,1017.8,2,72.6,73.3,928.0,41.0,60.0,31.5
2026-03-12 23:00:00,2026,3,12,23,Hà Nội,Phường Tương Mai,20.9899896,105.8530145,180,Unhealthy,3,18.1,82,0.0,5.0,154,1018.3,30,72.2,73.1,1030.0,39.4,59.0,31.1
2026-03-13 00:00:00,2026,3,13,0,Hà Nội,Phường Tương Mai,20.9899896,105.8530145,178,Unhealthy,3,17.8,86,0.0,3.6,171,1018.5,43,77.8,79.2,1163.0,41.4,54.0,32.7
2026-03-13 01:00:00,2026,3,13,1,Hà Nội,Phường Tương Mai,20.9899896,105.8530145,176,Unhealthy,3,18.3,85,0.0,2.5,201,1018.3,41,87.3,88.7,1277.0,43.9,49.0,34.5
2026-03-13 02:00:00,2026,3,13,2,Hà Nội,Phường Tương Mai,20.9899896,105.8530145,174,Unhealthy,3,18.4,83,0.0,0.3,315,1018.0,100,98.3,99.9,1351.0,46.2,42.0,35.4
2026-03-13 03:00:00,2026,3,13,3,Hà Nội,Phường Tương Mai,20.9899896,105.8530145,173,Unhealthy,3,18.4,87,0.0,0.9,323,1017.7,52,108.3,109.7,1404.0,49.0,33.0,36.4
2026-03-13 04:00:00,2026,3,13,4,Hà Nội,Phường Tương Mai,20.9899896,105.8530145,171,Unhealthy,3,17.8,91,0.0,3.6,41,1017.6,43,112.9,114.3,1448.0,51.2,26.0,38.5
2026-03-13 05:00:00,2026,3,13,5,Hà Nội,Phường Tương Mai,20.9899896,105.8530145,170,Unhealthy,3,17.4,91,0.0,5.2,27,1018.2,39,118.0,119.7,1507.0,53.3,19.0,43.1
2026-03-13 06:00:00,2026,3,13,6,Hà Nội,Phường Tương Mai,20.9899896,105.8530145,168,Unhealthy,3,17.0,92,0.0,5.4,4,1018.9,100,123.4,124.8,1556.0,54.9,15.0,48.8
2026-03-13 07:00:00,2026,3,13,7,Hà Nội,Phường Tương Mai,20.9899896,105.8530145,167,Unhealthy,3,17.9,91,0.0,6.5,360,1019.5,81,113.6,115.3,1527.0,49.0,23.0,42.5
2026-03-13 08:00:00,2026,3,13,8,Hà Nội,Phường Tương Mai,20.9899896,105.8530145,166,Unhealthy,3,18.8,87,0.0,4.9,354,1020.3,31,103.1,104.5,1366.0,42.2,46.0,40.3
2026-03-13 09:00:00,2026,3,13,9,Hà Nội,Phường Tương Mai,20.9899896,105.8530145,165,Unhealthy,3,20.6,75,0.0,6.6,351,1020.9,13,76.4,78.0,1128.0,32.6,79.0,37.1
2026-03-13 10:00:00,2026,3,13,10,Hà Nội,Phường Tương Mai,20.9899896,105.8530145,164,Unhealthy,3,22.2,66,0.0,6.7,358,1020.9,13,45.9,47.6,909.0,24.1,108.0,33.3
2026-03-13 11:00:00,2026,3,13,11,Hà Nội,Phường Tương Mai,20.9899896,105.8530145,163,Unhealthy,3,23.5,56,0.0,5.0,38,1020.1,9,35.3,36.9,731.0,17.7,130.0,28.4
2026-03-13 12:00:00,2026,3,13,12,Hà Nội,Phường Tương Mai,20.9899896,105.8530145,162,Unhealthy,3,24.7,50,0.0,12.4,107,1018.6,34,30.7,31.9,571.0,12.3,147.0,23.0
2026-03-13 13:00:00,2026,3,13,13,Hà Nội,Phường Tương Mai,20.9899896,105.8530145,162,Unhealthy,3,24.6,46,0.0,13.9,123,1018.1,9,27.2,28.3,458.0,8.7,159.0,18.5
2026-03-13 14:00:00,2026,3,13,14,Hà Nội,Phường Tương Mai,20.9899896,105.8530145,162,Unhealthy,3,24.6,44,0.0,15.1,128,1016.8,30,25.6,26.7,405.0,7.0,163.0,15.4
2026-03-13 15:00:00,2026,3,13,15,Hà Nội,Phường Tương Mai,20.9899896,105.8530145,161,Unhealthy,3,24.0,46,0.0,13.3,128,1016.0,3,23.8,25.1,399.0,7.0,160.0,13.2
2026-03-13 16:00:00,2026,3,13,16,Hà Nội,Phường Tương Mai,20.9899896,105.8530145,161,Unhealthy,3,24.0,46,0.0,11.4,128,1015.9,92,23.1,24.5,426.0,9.1,153.0,12.9
2026-03-13 17:00:00,2026,3,13,17,Hà Nội,Phường Tương Mai,20.9899896,105.8530145,160,Unhealthy,3,22.5,60,0.0,12.8,141,1015.9,16,25.5,26.8,499.0,14.6,140.0,15.3
2026-03-13 18:00:00,2026,3,13,18,Hà Nội,Phường Tương Mai,20.9899896,105.8530145,160,Unhealthy,3,20.9,68,0.0,12.5,133,1016.3,5,30.3,31.4,606.0,22.1,124.0,19.5
2026-03-13 19:00:00,2026,3,13,19,Hà Nội,Phường Tương Mai,20.9899896,105.8530145,159,Unhealthy,3,20.0,76,0.0,9.9,135,1017.5,9,39.2,40.7,691.0,29.3,96.0,23.6
2026-03-13 20:00:00,2026,3,13,20,Hà Nội,Phường Tương Mai,20.9899896,105.8530145,157,Unhealthy,3,19.5,81,0.0,7.6,133,1018.2,44,41.0,42.4,733.0,30.4,90.0,25.1
2026-03-13 21:00:00,2026,3,13,21,Hà Nội,Phường Tương Mai,20.9899896,105.8530145,156,Unhealthy,3,19.4,82,0.0,7.0,122,1019.1,100,44.1,45.5,755.0,32.0,82.0,27.2
2026-03-13 22:00:00,2026,3,13,22,Hà Nội,Phường Tương Mai,20.9899896,105.8530145,155,Unhealthy,3,19.8,79,0.0,8.3,120,1019.1,100,49.6,51.8,765.0,33.5,75.0,28.9
2026-03-13 23:00:00,2026,3,13,23,Hà Nội,Phường Tương Mai,20.9899896,105.8530145,154,Unhealthy,3,19.5,79,0.0,7.7,120,1018.9,100,54.5,57.7,778.0,34.9,70.0,29.7
2026-03-14 00:00:00,2026,3,14,0,Hà Nội,Phường Tương Mai,20.9899896,105.8530145,154,Unhealthy,3,19.4,81,0.0,5.3,118,1019.0,100,56.2,61.2,780.0,36.2,66.0,30.1
2026-03-14 01:00:00,2026,3,14,1,Hà Nội,Phường Tương Mai,20.9899896,105.8530145,154,Unhealthy,3,19.4,84,0.0,4.6,103,1018.7,100,59.1,64.7,743.0,37.5,61.0,30.5
2026-03-14 02:00:00,2026,3,14,2,Hà Nội,Phường Tương Mai,20.9899896,105.8530145,153,Unhealthy,3,19.2,86,0.0,4.8,103,1018.0,100,63.3,69.6,617.0,38.7,55.0,31.1
2026-03-14 03:00:00,2026,3,14,3,Hà Nội,Phường Tương Mai,20.9899896,105.8530145,152,Unhealthy,3,18.9,89,0.0,3.0,107,1017.8,100,68.9,75.4,453.0,39.8,49.0,31.7
2026-03-14 04:00:00,2026,3,14,4,Hà Nội,Phường Tương Mai,20.9899896,105.8530145,151,Unhealthy,3,18.9,89,0.0,4.8,103,1017.8,100,74.3,80.8,372.0,41.0,44.0,32.3
2026-03-14 05:00:00,2026,3,14,5,Hà Nội,Phường Tương Mai,20.9899896,105.8530145,150,Unhealthy for Sensitive Groups,2,18.8,90,0.0,5.7,101,1017.9,99,75.0,81.0,470.0,43.1,40.0,33.2
2026-03-14 06:00:00,2026,3,14,6,Hà Nội,Phường Tương Mai,20.9899896,105.8530145,148,Unhealthy for Sensitive Groups,2,18.8,92,0.0,3.0,76,1018.9,100,66.6,71.9,652.0,45.3,38.0,34.0
2026-03-14 07:00:00,2026,3,14,7,Hà Nội,Phường Tương Mai,20.9899896,105.8530145,142,Unhealthy for Sensitive Groups,2,19.0,90,0.0,4.4,21,1019.5,100,53.7,59.8,752.0,41.8,56.0,32.5
2026-03-14 08:00:00,2026,3,14,8,Hà Nội,Phường Tương Mai,20.9899896,105.8530145,135,Unhealthy for Sensitive Groups,2,20.1,85,0.0,5.8,56,1020.2,100,34.3,39.0,676.0,36.2,68.0,28.4
2026-03-14 09:00:00,2026,3,14,9,Hà Nội,Phường Tương Mai,20.9899896,105.8530145,128,Unhealthy for Sensitive Groups,2,21.0,78,0.0,10.6,94,1020.7,95,30.0,34.0,518.0,28.5,84.0,22.6
2026-03-14 10:00:00,2026,3,14,10,Hà Nội,Phường Tương Mai,20.9899896,105.8530145,123,Unhealthy for Sensitive Groups,2,21.9,72,0.1,12.9,113,1020.7,94,23.6,27.6,394.0,21.7,98.0,17.7
2026-03-14 11:00:00,2026,3,14,11,Hà Nội,Phường Tương Mai,20.9899896,105.8530145,121,Unhealthy for Sensitive Groups,2,22.6,70,0.1,13.7,118,1020.1,66,21.6,25.6,350.0,16.9,106.0,14.4
2026-03-14 12:00:00,2026,3,14,12,Hà Nội,Phường Tương Mai,20.9899896,105.8530145,120,Unhealthy for Sensitive Groups,2,23.5,65,0.1,15.2,125,1018.7,99,20.5,24.8,340.0,13.2,111.0,12.0
2026-03-14 13:00:00,2026,3,14,13,Hà Nội,Phường Tương Mai,20.9899896,105.8530145,119,Unhealthy for Sensitive Groups,2,23.5,62,0.0,15.3,127,1018.5,100,25.2,30.4,347.0,10.8,114.0,10.5
2026-03-14 14:00:00,2026,3,14,14,Hà Nội,Phường Tương Mai,20.9899896,105.8530145,118,Unhealthy for Sensitive Groups,2,23.1,64,0.0,14.2,126,1017.7,100,20.7,25.3,366.0,9.6,116.0,9.9
2026-03-14 15:00:00,2026,3,14,15,Hà Nội,Phường Tương Mai,20.9899896,105.8530145,118,Unhealthy for Sensitive Groups,2,22.9,65,0.0,13.1,128,1016.9,100,20.3,24.8,401.0,9.8,117.0,10.1
2026-03-14 16:00:00,2026,3,14,16,Hà Nội,Phường Tương Mai,20.9899896,105.8530145,118,Unhealthy for Sensitive Groups,2,22.9,64,0.0,12.9,131,1016.2,99,20.8,25.1,446.0,11.8,114.0,11.3
2026-03-14 17:00:00,2026,3,14,17,Hà Nội,Phường Tương Mai,20.9899896,105.8530145,117,Unhealthy for Sensitive Groups,2,22.5,67,0.0,13.0,131,1015.9,17,21.5,25.8,511.0,16.9,107.0,13.8
2026-03-14 18:00:00,2026,3,14,18,Hà Nội,Phường Tương Mai,20.9899896,105.8530145,117,Unhealthy for Sensitive Groups,2,21.2,73,0.0,12.1,134,1016.6,8,25.0,28.7,585.0,23.9,96.0,17.3
2026-03-14 19:00:00,2026,3,14,19,Hà Nội,Phường Tương Mai,20.9899896,105.8530145,116,Unhealthy for Sensitive Groups,2,20.5,78,0.0,10.8,116,1017.8,41,37.4,41.6,634.0,38.2,67.0,24.4
2026-03-14 20:00:00,2026,3,14,20,Hà Nội,Phường Tương Mai,20.9899896,105.8530145,116,Unhealthy for Sensitive Groups,2,20.1,80,0.0,9.8,133,1018.4,96,40.9,44.8,641.0,39.2,63.0,26.4
2026-03-14 21:00:00,2026,3,14,21,Hà Nội,Phường Tương Mai,20.9899896,105.8530145,116,Unhealthy for Sensitive Groups,2,20.4,79,0.0,9.8,131,1018.9,90,44.9,49.2,623.0,40.7,57.0,29.2
2026-03-14 22:00:00,2026,3,14,22,Hà Nội,Phường Tương Mai,20.9899896,105.8530145,116,Unhealthy for Sensitive Groups,2,20.1,81,0.0,7.7,141,1019.3,100,53.2,57.9,590.0,42.4,52.0,31.5
2026-03-14 23:00:00,2026,3,14,23,Hà Nội,Phường Tương Mai,20.9899896,105.8530145,117,Unhealthy for Sensitive Groups,2,20.0,82,0.0,9.1,139,1018.9,21,59.3,64.3,537.0,44.3,48.0,33.0
2026-03-15 00:00:00,2026,3,15,0,Hà Nội,Phường Tương Mai,20.9899896,105.8530145,117,Unhealthy for Sensitive Groups,2,19.5,84,0.0,8.5,136,1018.3,92,63.1,68.5,469.0,46.5,45.0,34.1
2026-03-15 01:00:00,2026,3,15,1,Hà Nội,Phường Tương Mai,20.9899896,105.8530145,118,Unhealthy for Sensitive Groups,2,19.7,87,0.0,5.0,145,1018.2,100,69.4,75.2,419.0,48.3,41.0,34.8
2026-03-15 02:00:00,2026,3,15,2,Hà Nội,Phường Tương Mai,20.9899896,105.8530145,119,Unhealthy for Sensitive Groups,2,20.1,86,0.0,4.2,133,1017.6,100,76.8,83.4,395.0,49.8,36.0,35.0
2026-03-15 03:00:00,2026,3,15,3,Hà Nội,Phường Tương Mai,20.9899896,105.8530145,120,Unhealthy for Sensitive Groups,2,20.0,86,0.1,4.0,144,1017.5,100,83.6,90.8,387.0,51.0,32.0,34.9
2026-03-15 04:00:00,2026,3,15,4,Hà Nội,Phường Tương Mai,20.9899896,105.8530145,122,Unhealthy for Sensitive Groups,2,19.8,88,0.1,5.0,136,1017.5,98,86.6,93.4,401.0,51.3,29.0,34.9
2026-03-15 05:00:00,2026,3,15,5,Hà Nội,Phường Tương Mai,20.9899896,105.8530145,123,Unhealthy for Sensitive Groups,2,19.3,90,0.0,4.8,112,1017.9,66,77.1,83.6,456.0,51.0,28.0,35.6
2026-03-15 06:00:00,2026,3,15,6,Hà Nội,Phường Tương Mai,20.9899896,105.8530145,123,Unhealthy for Sensitive Groups,2,18.8,92,0.0,4.3,95,1018.3,39,69.2,75.4,533.0,49.7,29.0,36.4
2026-03-15 07:00:00,2026,3,15,7,Hà Nội,Phường Tương Mai,20.9899896,105.8530145,124,Unhealthy for Sensitive Groups,2,19.4,90,0.0,7.2,65,1018.5,45,99.0,106.9,572.0,48.5,31.0,44.3
2026-03-15 08:00:00,2026,3,15,8,Hà Nội,Phường Tương Mai,20.9899896,105.8530145,128,Unhealthy for Sensitive Groups,2,20.5,87,0.0,5.3,57,1019.4,65,56.3,63.6,538.0,41.0,47.0,41.0
2026-03-15 09:00:00,2026,3,15,9,Hà Nội,Phường Tương Mai,20.9899896,105.8530145,131,Unhealthy for Sensitive Groups,2,21.9,80,0.1,8.3,101,1020.2,85,37.0,43.5,467.0,30.5,70.0,36.2
2026-03-15 10:00:00,2026,3,15,10,Hà Nội,Phường Tương Mai,20.9899896,105.8530145,131,Unhealthy for Sensitive Groups,2,22.5,77,0.2,10.2,118,1020.2,87,32.4,38.5,407.0,21.8,90.0,31.8
2026-03-15 11:00:00,2026,3,15,11,Hà Nội,Phường Tương Mai,20.9899896,105.8530145,132,Unhealthy for Sensitive Groups,2,23.4,73,0.0,12.1,125,1019.0,98,33.8,38.9,374.0,16.6,104.0,28.1
2026-03-15 12:00:00,2026,3,15,12,Hà Nội,Phường Tương Mai,20.9899896,105.8530145,134,Unhealthy for Sensitive Groups,2,24.5,68,0.1,12.9,132,1017.5,99,27.5,30.7,351.0,13.2,114.0,24.6
2026-03-15 13:00:00,2026,3,15,13,Hà Nội,Phường Tương Mai,20.9899896,105.8530145,134,Unhealthy for Sensitive Groups,2,24.4,65,0.1,10.6,136,1017.3,100,26.9,29.5,337.0,11.3,120.0,22.0
2026-03-15 14:00:00,2026,3,15,14,Hà Nội,Phường Tương Mai,20.9899896,105.8530145,134,Unhealthy for Sensitive Groups,2,23.8,68,0.3,12.5,137,1016.3,100,27.2,29.5,326.0,10.8,120.0,20.3
2026-03-15 15:00:00,2026,3,15,15,Hà Nội,Phường Tương Mai,20.9899896,105.8530145,135,Unhealthy for Sensitive Groups,2,23.1,72,0.1,13.3,122,1015.2,27,28.8,31.1,323.0,11.7,116.0,19.5
2026-03-15 16:00:00,2026,3,15,16,Hà Nội,Phường Tương Mai,20.9899896,105.8530145,136,Unhealthy for Sensitive Groups,2,23.8,70,0.0,15.2,125,1014.7,38,27.0,29.8,344.0,14.2,108.0,19.6
2026-03-15 17:00:00,2026,3,15,17,Hà Nội,Phường Tương Mai,20.9899896,105.8530145,137,Unhealthy for Sensitive Groups,2,23.1,73,0.0,13.9,123,1014.4,31,25.4,28.1,413.0,19.1,96.0,21.3
2026-03-15 18:00:00,2026,3,15,18,Hà Nội,Phường Tương Mai,20.9899896,105.8530145,137,Unhealthy for Sensitive Groups,2,22.0,79,0.0,11.9,129,1015.0,66,27.7,30.0,505.0,25.6,81.0,24.0
2026-03-15 19:00:00,2026,3,15,19,Hà Nội,Phường Tương Mai,20.9899896,105.8530145,137,Unhealthy for Sensitive Groups,2,21.4,85,0.0,11.6,132,1015.6,58,45.1,47.6,560.0,40.7,49.0,30.2
2026-03-15 20:00:00,2026,3,15,20,Hà Nội,Phường Tương Mai,20.9899896,105.8530145,138,Unhealthy for Sensitive Groups,2,20.7,89,0.0,12.4,138,1016.0,8,48.5,51.1,542.0,42.3,45.0,32.1
2026-03-15 21:00:00,2026,3,15,21,Hà Nội,Phường Tương Mai,20.9899896,105.8530145,139,Unhealthy for Sensitive Groups,2,20.3,92,0.0,10.3,145,1017.0,20,52.4,55.5,486.0,44.4,40.0,34.6
2026-03-15 22:00:00,2026,3,15,22,Hà Nội,Phường Tương Mai,20.9899896,105.8530145,140,Unhealthy for Sensitive Groups,2,20.0,94,0.0,9.9,138,1017.1,45,57.0,61.2,436.0,45.8,35.0,35.6
2026-03-15 23:00:00,2026,3,15,23,Hà Nội,Phường Tương Mai,20.9899896,105.8530145,140,Unhealthy for Sensitive Groups,2,19.9,95,0.0,10.6,136,1016.9,12,61.0,65.4,407.0,45.8,33.0,34.2
2026-03-16 00:00:00,2026,3,16,0,Hà Nội,Phường Tương Mai,20.9899896,105.8530145,140,Unhealthy for Sensitive Groups,2,19.7,95,0.0,9.4,137,1016.6,100,62.9,67.5,383.0,45.1,32.0,31.4
2026-03-16 01:00:00,2026,3,16,1,Hà Nội,Phường Tương Mai,20.9899896,105.8530145,140,Unhealthy for Sensitive Groups,2,20.0,96,0.0,9.9,127,1015.6,28,68.7,72.4,361.0,44.1,30.0,28.0
2026-03-16 02:00:00,2026,3,16,2,Hà Nội,Phường Tương Mai,20.9899896,105.8530145,140,Unhealthy for Sensitive Groups,2,19.9,96,0.0,8.9,132,1015.0,25,76.6,80.6,331.0,42.8,26.0,23.1
2026-03-16 03:00:00,2026,3,16,3,Hà Nội,Phường Tương Mai,20.9899896,105.8530145,140,Unhealthy for Sensitive Groups,2,19.6,97,0.0,9.1,129,1014.3,22,88.0,92.4,302.0,41.3,22.0,17.6
2026-03-16 04:00:00,2026,3,16,4,Hà Nội,Phường Tương Mai,20.9899896,105.8530145,141,Unhealthy for Sensitive Groups,2,19.5,97,0.0,10.3,131,1013.9,21,110.4,113.2,299.0,39.8,19.0,14.8
2026-03-16 05:00:00,2026,3,16,5,Hà Nội,Phường Tương Mai,20.9899896,105.8530145,143,Unhealthy for Sensitive Groups,2,19.2,98,0.0,9.8,131,1013.9,77,116.9,119.2,350.0,39.1,17.0,16.7
2026-03-16 06:00:00,2026,3,16,6,Hà Nội,Phường Tương Mai,20.9899896,105.8530145,147,Unhealthy for Sensitive Groups,2,19.2,97,0.0,9.4,130,1014.6,91,119.0,121.5,426.0,38.4,17.0,21.4
2026-03-16 07:00:00,2026,3,16,7,Hà Nội,Phường Tương Mai,20.9899896,105.8530145,151,Unhealthy,3,19.5,97,0.0,10.2,124,1015.5,27,61.0,64.5,474.0,37.7,34.0,28.7
2026-03-16 08:00:00,2026,3,16,8,Hà Nội,Phường Tương Mai,20.9899896,105.8530145,148,Unhealthy for Sensitive Groups,2,21.4,88,0.1,11.4,141,1016.3,23,47.6,51.6,462.0,32.2,50.0,29.4
2026-03-16 09:00:00,2026,3,16,9,Hà Nội,Phường Tương Mai,20.9899896,105.8530145,148,Unhealthy for Sensitive Groups,2,22.8,80,0.3,12.9,167,1016.9,47,37.6,41.8,422.0,24.5,73.0,30.2
2026-03-16 10:00:00,2026,3,16,10,Hà Nội,Phường Tương Mai,20.9899896,105.8530145,148,Unhealthy for Sensitive Groups,2,24.0,73,0.0,14.6,171,1016.6,63,27.6,31.2,385.0,18.1,91.0,30.2
2026-03-16 11:00:00,2026,3,16,11,Hà Nội,Phường Tương Mai,20.9899896,105.8530145,147,Unhealthy for Sensitive Groups,2,25.0,66,0.0,15.6,173,1015.8,71,24.2,27.4,364.0,14.3,101.0,28.7
2026-03-16 12:00:00,2026,3,16,12,Hà Nội,Phường Tương Mai,20.9899896,105.8530145,146,Unhealthy for Sensitive Groups,2,25.4,65,0.0,16.0,173,1014.5,71,21.1,24.3,348.0,11.9,106.0,26.3
2026-03-16 13:00:00,2026,3,16,13,Hà Nội,Phường Tương Mai,20.9899896,105.8530145,145,Unhealthy for Sensitive Groups,2,25.5,62,0.1,16.2,176,1014.1,59,18.6,21.8,335.0,10.1,109.0,23.6
2026-03-16 14:00:00,2026,3,16,14,Hà Nội,Phường Tương Mai,20.9899896,105.8530145,145,Unhealthy for Sensitive Groups,2,25.5,62,0.1,17.2,165,1012.9,38,18.7,22.0,320.0,8.5,111.0,20.2
2026-03-16 15:00:00,2026,3,16,15,Hà Nội,Phường Tương Mai,20.9899896,105.8530145,144,Unhealthy for Sensitive Groups,2,25.2,65,0.0,16.2,161,1011.7,24,16.0,18.6,309.0,7.6,110.0,16.6
2026-03-16 16:00:00,2026,3,16,16,Hà Nội,Phường Tương Mai,20.9899896,105.8530145,142,Unhealthy for Sensitive Groups,2,25.2,64,0.0,17.3,165,1011.0,65,15.8,18.2,318.0,8.2,107.0,14.6
2026-03-16 17:00:00,2026,3,16,17,Hà Nội,Phường Tương Mai,20.9899896,105.8530145,141,Unhealthy for Sensitive Groups,2,24.2,70,0.0,15.3,155,1010.7,95,15.2,18.0,366.0,11.5,99.0,15.6
2026-03-16 18:00:00,2026,3,16,18,Hà Nội,Phường Tương Mai,20.9899896,105.8530145,140,Unhealthy for Sensitive Groups,2,23.1,74,0.0,16.3,152,1010.9,5,16.5,19.0,434.0,16.3,88.0,18.2
2026-03-16 19:00:00,2026,3,16,19,Hà Nội,Phường Tương Mai,20.9899896,105.8530145,139,Unhealthy for Sensitive Groups,2,22.8,77,0.0,16.6,151,1011.1,5,19.4,22.6,478.0,21.6,78.0,21.0
2026-03-16 20:00:00,2026,3,16,20,Hà Nội,Phường Tương Mai,20.9899896,105.8530145,136,Unhealthy for Sensitive Groups,2,22.0,80,0.0,14.9,152,1012.4,5,21.5,24.6,476.0,22.4,75.0,21.8
2026-03-16 21:00:00,2026,3,16,21,Hà Nội,Phường Tương Mai,20.9899896,105.8530145,134,Unhealthy for Sensitive Groups,2,21.5,83,0.0,14.6,151,1013.1,0,23.9,27.2,451.0,23.6,71.0,22.8
2026-03-16 22:00:00,2026,3,16,22,Hà Nội,Phường Tương Mai,20.9899896,105.8530145,131,Unhealthy for Sensitive Groups,2,21.1,85,0.0,14.5,155,1013.6,0,26.6,29.9,427.0,24.7,67.0,23.4
2026-03-16 23:00:00,2026,3,16,23,Hà Nội,Phường Tương Mai,20.9899896,105.8530145,127,Unhealthy for Sensitive Groups,2,20.8,87,0.0,13.9,155,1013.6,0,29.2,32.6,412.0,25.7,63.0,23.1
2026-03-17 00:00:00,2026,3,17,0,Hà Nội,Phường Tương Mai,20.9899896,105.8530145,124,Unhealthy for Sensitive Groups,2,20.5,89,0.0,11.9,153,1013.2,0,30.4,33.9,398.0,26.5,58.0,22.3
2026-03-17 01:00:00,2026,3,17,1,Hà Nội,Phường Tương Mai,20.9899896,105.8530145,121,Unhealthy for Sensitive Groups,2,20.4,91,0.0,12.1,150,1012.5,0,31.5,35.0,382.0,27.2,54.0,21.7
2026-03-17 02:00:00,2026,3,17,2,Hà Nội,Phường Tương Mai,20.9899896,105.8530145,117,Unhealthy for Sensitive Groups,2,20.1,94,0.0,11.7,151,1012.0,15,32.6,36.3,354.0,27.5,51.0,21.5
2026-03-17 03:00:00,2026,3,17,3,Hà Nội,Phường Tương Mai,20.9899896,105.8530145,112,Unhealthy for Sensitive Groups,2,20.0,95,0.0,12.2,154,1011.2,24,33.8,37.7,323.0,27.6,48.0,21.5
2026-03-17 04:00:00,2026,3,17,4,Hà Nội,Phường Tương Mai,20.9899896,105.8530145,107,Unhealthy for Sensitive Groups,2,20.0,96,0.0,11.7,155,1011.3,39,34.2,38.3,314.0,27.7,47.0,22.0
2026-03-17 05:00:00,2026,3,17,5,Hà Nội,Phường Tương Mai,20.9899896,105.8530145,99,Moderate,1,19.9,97,0.0,12.2,154,1011.7,97,34.3,38.5,350.0,28.6,47.0,23.6
2026-03-17 06:00:00,2026,3,17,6,Hà Nội,Phường Tương Mai,20.9899896,105.8530145,92,Moderate,1,19.9,97,0.0,12.2,153,1012.3,97,34.8,39.1,408.0,29.6,47.0,25.7
2026-03-17 07:00:00,2026,3,17,7,Hà Nội,Phường Tương Mai,20.9899896,105.8530145,84,Moderate,1,20.7,96,0.0,12.3,150,1012.9,100,32.8,38.0,439.0,28.4,57.0,26.5
2026-03-17 08:00:00,2026,3,17,8,Hà Nội,Phường Tương Mai,20.9899896,105.8530145,82,Moderate,1,21.8,91,0.1,18.4,166,1013.3,40,28.2,32.7,416.0,24.3,64.0,25.6
2026-03-17 09:00:00,2026,3,17,9,Hà Nội,Phường Tương Mai,20.9899896,105.8530145,80,Moderate,1,23.8,79,0.0,20.1,173,1013.9,41,23.4,28.2,366.0,18.6,74.0,24.3
2026-03-17 10:00:00,2026,3,17,10,Hà Nội,Phường Tương Mai,20.9899896,105.8530145,79,Moderate,1,25.0,70,0.0,21.2,173,1013.8,73,18.9,23.1,325.0,14.2,82.0,23.3
2026-03-17 11:00:00,2026,3,17,11,Hà Nội,Phường Tương Mai,20.9899896,105.8530145,78,Moderate,1,26.0,67,0.1,19.4,173,1013.1,100,18.4,22.8,305.0,12.3,87.0,22.9
2026-03-17 12:00:00,2026,3,17,12,Hà Nội,Phường Tương Mai,20.9899896,105.8530145,77,Moderate,1,26.0,68,0.0,19.6,173,1012.2,58,18.0,21.7,293.0,11.6,91.0,22.8
2026-03-17 13:00:00,2026,3,17,13,Hà Nội,Phường Tương Mai,20.9899896,105.8530145,77,Moderate,1,26.0,66,0.0,18.5,173,1011.5,89,18.1,21.4,289.0,11.0,94.0,22.2
2026-03-17 14:00:00,2026,3,17,14,Hà Nội,Phường Tương Mai,20.9899896,105.8530145,77,Moderate,1,26.6,64,0.0,18.0,173,1010.4,95,18.3,21.3,292.0,9.8,97.0,20.5
2026-03-17 15:00:00,2026,3,17,15,Hà Nội,Phường Tương Mai,20.9899896,105.8530145,77,Moderate,1,26.4,63,0.0,18.0,166,1009.5,61,18.5,21.3,302.0,8.8,99.0,18.4
2026-03-17 16:00:00,2026,3,17,16,Hà Nội,Phường Tương Mai,20.9899896,105.8530145,77,Moderate,1,25.6,65,0.0,19.8,149,1008.9,9,17.8,20.5,320.0,9.2,97.0,17.1
2026-03-17 17:00:00,2026,3,17,17,Hà Nội,Phường Tương Mai,20.9899896,105.8530145,77,Moderate,1,24.7,68,0.0,18.8,150,1008.9,13,15.9,18.5,354.0,12.3,88.0,17.3
2026-03-17 18:00:00,2026,3,17,18,Hà Nội,Phường Tương Mai,20.9899896,105.8530145,77,Moderate,1,23.5,72,0.0,16.9,155,1009.7,18,15.8,17.9,397.0,16.8,75.0,18.3
2026-03-17 19:00:00,2026,3,17,19,Hà Nội,Phường Tương Mai,20.9899896,105.8530145,77,Moderate,1,23.3,77,0.0,16.7,154,1010.3,47,20.8,24.4,426.0,21.5,63.0,20.3
2026-03-17 20:00:00,2026,3,17,20,Hà Nội,Phường Tương Mai,20.9899896,105.8530145,77,Moderate,1,22.8,82,0.0,16.0,150,1010.8,8,21.1,24.4,430.0,21.7,62.0,20.7
2026-03-17 21:00:00,2026,3,17,21,Hà Nội,Phường Tương Mai,20.9899896,105.8530145,77,Moderate,1,22.3,85,0.0,14.5,153,1011.8,0,21.9,25.1,420.0,21.9,60.0,21.1
2026-03-17 22:00:00,2026,3,17,22,Hà Nội,Phường Tương Mai,20.9899896,105.8530145,77,Moderate,1,22.0,88,0.0,13.4,154,1012.5,1,23.2,26.3,406.0,22.4,57.0,21.4
2026-03-17 23:00:00,2026,3,17,23,Hà Nội,Phường Tương Mai,20.9899896,105.8530145,77,Moderate,1,21.5,90,0.0,10.5,149,1012.7,2,24.2,27.3,390.0,23.2,53.0,21.2
2026-03-18 00:00:00,2026,3,18,0,Hà Nội,Phường Tương Mai,20.9899896,105.8530145,76,Moderate,1,21.1,92,0.0,9.3,153,1012.3,8,24.6,27.8,370.0,24.2,49.0,20.8
2026-03-18 01:00:00,2026,3,18,1,Hà Nội,Phường Tương Mai,20.9899896,105.8530145,76,Moderate,1,21.2,94,0.0,10.7,157,1011.4,10,26.3,29.5,353.0,25.1,45.0,20.6
2026-03-18 02:00:00,2026,3,18,2,Hà Nội,Phường Tương Mai,20.9899896,105.8530145,76,Moderate,1,21.1,94,0.0,10.9,147,1010.4,4,27.9,31.2,327.0,25.8,42.0,20.7
2026-03-18 03:00:00,2026,3,18,3,Hà Nội,Phường Tương Mai,20.9899896,105.8530145,75,Moderate,1,20.9,95,0.0,10.0,144,1010.4,4,29.0,32.5,303.0,26.4,40.0,20.9
2026-03-18 04:00:00,2026,3,18,4,Hà Nội,Phường Tương Mai,20.9899896,105.8530145,75,Moderate,1,20.8,96,0.0,9.4,144,1010.6,3,30.2,33.9,320.0,27.3,37.0,21.7
2026-03-18 05:00:00,2026,3,18,5,Hà Nội,Phường Tương Mai,20.9899896,105.8530145,74,Moderate,1,20.5,96,0.0,9.0,142,1011.1,5,34.0,38.2,430.0,29.2,32.0,23.3
2026-03-18 06:00:00,2026,3,18,6,Hà Nội,Phường Tương Mai,20.9899896,105.8530145,74,Moderate,1,20.4,96,0.0,9.1,139,1011.6,7,43.1,47.0,582.0,31.5,26.0,25.4
2026-03-18 07:00:00,2026,3,18,7,Hà Nội,Phường Tương Mai,20.9899896,105.8530145,75,Moderate,1,20.8,96,0.0,8.6,127,1012.8,6,90.6,94.8,661.0,32.5,17.0,23.5
2026-03-18 08:00:00,2026,3,18,8,Hà Nội,Phường Tương Mai,20.9899896,105.8530145,80,Moderate,1,22.7,88,0.0,9.8,140,1013.8,10,48.3,53.7,592.0,30.6,29.0,27.0
2026-03-18 09:00:00,2026,3,18,9,Hà Nội,Phường Tương Mai,20.9899896,105.8530145,82,Moderate,1,24.5,77,0.0,14.4,172,1014.3,52,39.8,44.6,450.0,27.9,47.0,31.8
2026-03-18 10:00:00,2026,3,18,10,Hà Nội,Phường Tương Mai,20.9899896,105.8530145,83,Moderate,1,25.9,71,0.1,13.4,176,1014.5,100,35.7,40.7,341.0,25.1,61.0,34.7
2026-03-18 11:00:00,2026,3,18,11,Hà Nội,Phường Tương Mai,20.9899896,105.8530145,85,Moderate,1,25.8,72,0.0,13.0,169,1013.6,100,37.1,42.1,313.0,22.3,69.0,34.5
2026-03-18 12:00:00,2026,3,18,12,Hà Nội,Phường Tương Mai,20.9899896,105.8530145,87,Moderate,1,26.6,70,0.0,12.3,162,1012.4,100,34.6,39.2,318.0,19.3,75.0,32.4
2026-03-18 13:00:00,2026,3,18,13,Hà Nội,Phường Tương Mai,20.9899896,105.8530145,88,Moderate,1,26.4,68,0.1,13.8,162,1011.6,100,32.8,37.0,324.0,16.8,79.0,29.7
2026-03-18 14:00:00,2026,3,18,14,Hà Nội,Phường Tương Mai,20.9899896,105.8530145,89,Moderate,1,27.0,66,0.0,14.9,163,1010.5,91,27.4,31.1,314.0,14.4,83.0,25.8
2026-03-18 15:00:00,2026,3,18,15,Hà Nội,Phường Tương Mai,20.9899896,105.8530145,90,Moderate,1,26.6,68,0.0,16.1,156,1009.7,84,22.7,26.0,304.0,12.3,86.0,21.2
2026-03-18 16:00:00,2026,3,18,16,Hà Nội,Phường Tương Mai,20.9899896,105.8530145,90,Moderate,1,26.4,69,0.0,16.5,158,1009.8,98,20.1,23.3,312.0,12.1,85.0,18.3
2026-03-18 17:00:00,2026,3,18,17,Hà Nội,Phường Tương Mai,20.9899896,105.8530145,91,Moderate,1,25.4,75,0.0,17.1,150,1009.9,33,20.1,22.9,358.0,15.1,78.0,18.5
2026-03-18 18:00:00,2026,3,18,18,Hà Nội,Phường Tương Mai,20.9899896,105.8530145,91,Moderate,1,24.1,81,0.0,15.4,145,1010.1,9,21.0,23.7,423.0,19.9,68.0,20.4
2026-03-18 19:00:00,2026,3,18,19,Hà Nội,Phường Tương Mai,20.9899896,105.8530145,92,Moderate,1,24.4,83,0.0,15.4,147,1010.6,63,26.7,30.5,465.0,24.4,60.0,22.2
2026-03-18 20:00:00,2026,3,18,20,Hà Nội,Phường Tương Mai,20.9899896,105.8530145,92,Moderate,1,23.6,87,0.0,13.2,152,1011.5,18,26.1,29.9,463.0,24.7,59.0,22.8
2026-03-18 21:00:00,2026,3,18,21,Hà Nội,Phường Tương Mai,20.9899896,105.8530145,92,Moderate,1,23.0,91,0.0,14.1,157,1012.2,65,26.9,30.7,439.0,25.3,57.0,23.6
2026-03-18 22:00:00,2026,3,18,22,Hà Nội,Phường Tương Mai,20.9899896,105.8530145,93,Moderate,1,22.5,93,0.0,10.5,151,1012.9,21,29.2,33.1,416.0,26.3,54.0,24.2
2026-03-18 23:00:00,2026,3,18,23,Hà Nội,Phường Tương Mai,20.9899896,105.8530145,93,Moderate,1,22.2,94,0.0,12.1,152,1012.7,34,32.0,35.7,404.0,28.1,49.0,24.6
2026-03-19 00:00:00,2026,3,19,0,Hà Nội,Phường Tương Mai,20.9899896,105.8530145,94,Moderate,1,21.9,95,0.0,10.9,147,1012.1,13,34.1,38.1,393.0,30.3,43.0,24.7
2026-03-19 01:00:00,2026,3,19,1,Hà Nội,Phường Tương Mai,20.9899896,105.8530145,95,Moderate,1,22.2,97,0.0,11.3,141,1011.1,16,38.6,42.8,380.0,32.3,37.0,24.1
2026-03-19 02:00:00,2026,3,19,2,Hà Nội,Phường Tương Mai,20.9899896,105.8530145,96,Moderate,1,22.0,97,0.0,9.6,137,1010.7,23,43.8,48.3,354.0,33.9,31.0,21.9
2026-03-19 03:00:00,2026,3,19,3,Hà Nội,Phường Tương Mai,20.9899896,105.8530145,98,Moderate,1,21.6,98,0.0,10.6,138,1010.3,100,62.6,66.8,325.0,35.3,24.0,19.0
2026-03-19 04:00:00,2026,3,19,4,Hà Nội,Phường Tương Mai,20.9899896,105.8530145,101,Unhealthy for Sensitive Groups,2,21.5,98,0.0,10.7,136,1010.1,94,68.9,73.3,320.0,36.4,20.0,17.8
2026-03-19 05:00:00,2026,3,19,5,Hà Nội,Phường Tương Mai,20.9899896,105.8530145,105,Unhealthy for Sensitive Groups,2,21.4,98,0.0,10.5,139,1010.7,100,72.4,75.9,365.0,37.6,18.0,20.2
2026-03-19 06:00:00,2026,3,19,6,Hà Nội,Phường Tương Mai,20.9899896,105.8530145,109,Unhealthy for Sensitive Groups,2,21.5,98,0.0,10.3,134,1011.3,100,73.1,75.9,433.0,38.4,19.0,24.4
2026-03-19 07:00:00,2026,3,19,7,Hà Nội,Phường Tương Mai,20.9899896,105.8530145,112,Unhealthy for Sensitive Groups,2,21.8,97,0.0,11.1,132,1012.3,96,83.4,86.4,469.0,35.4,22.0,21.3
2026-03-19 08:00:00,2026,3,19,8,Hà Nội,Phường Tương Mai,20.9899896,105.8530145,111,Unhealthy for Sensitive Groups,2,23.0,91,0.0,14.6,151,1013.0,64,61.2,64.5,441.0,31.2,34.0,23.8
2026-03-19 09:00:00,2026,3,19,9,Hà Nội,Phường Tương Mai,20.9899896,105.8530145,112,Unhealthy for Sensitive Groups,2,24.4,82,0.1,15.9,167,1013.4,98,40.7,45.3,382.0,25.2,51.0,27.2
2026-03-19 10:00:00,2026,3,19,10,Hà Nội,Phường Tương Mai,20.9899896,105.8530145,112,Unhealthy for Sensitive Groups,2,25.6,75,0.1,15.8,166,1013.1,100,32.6,36.7,335.0,20.3,65.0,29.3
2026-03-19 11:00:00,2026,3,19,11,Hà Nội,Phường Tương Mai,20.9899896,105.8530145,112,Unhealthy for Sensitive Groups,2,26.7,70,0.0,16.3,169,1012.5,100,28.3,31.9,318.0,17.5,73.0,29.0
2026-03-19 12:00:00,2026,3,19,12,Hà Nội,Phường Tương Mai,20.9899896,105.8530145,111,Unhealthy for Sensitive Groups,2,27.6,67,0.0,18.7,169,1011.1,88,27.4,30.7,312.0,15.8,78.0,27.4
2026-03-19 13:00:00,2026,3,19,13,Hà Nội,Phường Tương Mai,20.9899896,105.8530145,110,Unhealthy for Sensitive Groups,2,27.3,67,0.0,17.8,168,1009.9,70,26.6,29.7,311.0,14.2,82.0,25.4
2026-03-19 14:00:00,2026,3,19,14,Hà Nội,Phường Tương Mai,20.9899896,105.8530145,110,Unhealthy for Sensitive Groups,2,28.0,65,0.0,17.7,168,1008.7,76,25.2,28.0,309.0,12.0,87.0,22.8
2026-03-19 15:00:00,2026,3,19,15,Hà Nội,Phường Tương Mai,20.9899896,105.8530145,110,Unhealthy for Sensitive Groups,2,28.0,64,0.0,18.5,156,1007.7,62,24.6,27.1,311.0,10.0,92.0,19.7
2026-03-19 16:00:00,2026,3,19,16,Hà Nội,Phường Tương Mai,20.9899896,105.8530145,110,Unhealthy for Sensitive Groups,2,27.2,65,0.0,19.1,150,1007.1,36,21.2,23.7,323.0,9.8,92.0,17.7
2026-03-19 17:00:00,2026,3,19,17,Hà Nội,Phường Tương Mai,20.9899896,105.8530145,110,Unhealthy for Sensitive Groups,2,26.0,70,0.0,18.2,144,1007.1,15,17.9,20.2,357.0,12.7,83.0,17.6
2026-03-19 18:00:00,2026,3,19,18,Hà Nội,Phường Tương Mai,20.9899896,105.8530145,110,Unhealthy for Sensitive Groups,2,24.5,76,0.0,18.3,145,1007.0,59,16.8,18.6,402.0,17.4,70.0,18.5
2026-03-19 19:00:00,2026,3,19,19,Hà Nội,Phường Tương Mai,20.9899896,105.8530145,109,Unhealthy for Sensitive Groups,2,23.7,81,0.0,16.5,145,1007.8,5,21.0,23.7,429.0,22.1,60.0,21.4
2026-03-19 20:00:00,2026,3,19,20,Hà Nội,Phường Tương Mai,20.9899896,105.8530145,109,Unhealthy for Sensitive Groups,2,23.0,85,0.0,16.7,146,1008.8,2,20.9,23.7,424.0,22.0,59.0,21.3
2026-03-19 21:00:00,2026,3,19,21,Hà Nội,Phường Tương Mai,20.9899896,105.8530145,108,Unhealthy for Sensitive Groups,2,22.5,90,0.0,15.7,150,1009.5,9,21.4,24.4,402.0,21.7,58.0,21.1
2026-03-19 22:00:00,2026,3,19,22,Hà Nội,Phường Tương Mai,20.9899896,105.8530145,107,Unhealthy for Sensitive Groups,2,22.2,93,0.0,15.1,153,1009.9,14,22.8,25.9,378.0,21.6,56.0,20.8
2026-03-19 23:00:00,2026,3,19,23,Hà Nội,Phường Tương Mai,20.9899896,105.8530145,107,Unhealthy for Sensitive Groups,2,22.0,94,0.0,15.6,156,1009.9,16,24.0,27.2,355.0,21.6,54.0,20.2
2026-03-20 00:00:00,2026,3,20,0,Hà Nội,Phường Tương Mai,20.9899896,105.8530145,106,Unhealthy for Sensitive Groups,2,21.8,96,0.0,14.8,156,1009.8,100,24.0,27.3,330.0,21.6,52.0,19.6
2026-03-20 01:00:00,2026,3,20,1,Hà Nội,Phường Tương Mai,20.9899896,105.8530145,105,Unhealthy for Sensitive Groups,2,22.2,96,0.0,14.8,149,1009.1,100,23.9,27.2,307.0,21.6,50.0,19.1
2026-03-20 02:00:00,2026,3,20,2,Hà Nội,Phường Tương Mai,20.9899896,105.8530145,103,Unhealthy for Sensitive Groups,2,22.2,96,0.0,14.8,149,1008.6,100,22.9,26.2,279.0,21.3,50.0,19.0
2026-03-20 03:00:00,2026,3,20,3,Hà Nội,Phường Tương Mai,20.9899896,105.8530145,101,Unhealthy for Sensitive Groups,2,22.1,96,0.0,15.8,153,1008.2,100,21.8,25.1,253.0,20.9,50.0,19.0
2026-03-20 04:00:00,2026,3,20,4,Hà Nội,Phường Tương Mai,20.9899896,105.8530145,97,Moderate,1,22.1,95,0.0,14.7,156,1008.6,100,21.3,24.6,258.0,21.0,50.0,19.4
2026-03-20 05:00:00,2026,3,20,5,Hà Nội,Phường Tương Mai,20.9899896,105.8530145,93,Moderate,1,22.2,95,0.0,12.3,149,1009.0,100,22.1,25.4,325.0,22.4,48.0,20.2
2026-03-20 06:00:00,2026,3,20,6,Hà Nội,Phường Tương Mai,20.9899896,105.8530145,89,Moderate,1,22.3,94,0.0,10.2,141,1010.0,100,24.3,27.9,422.0,24.4,44.0,21.3
2026-03-20 07:00:00,2026,3,20,7,Hà Nội,Phường Tương Mai,20.9899896,105.8530145,84,Moderate,1,22.2,96,0.1,9.1,122,1011.2,100,31.7,37.4,481.0,27.4,41.0,23.7
2026-03-20 08:00:00,2026,3,20,8,Hà Nội,Phường Tương Mai,20.9899896,105.8530145,80,Moderate,1,22.9,94,0.0,11.7,137,1012.1,100,29.6,35.6,462.0,25.2,47.0,24.0
2026-03-20 09:00:00,2026,3,20,9,Hà Nội,Phường Tương Mai,20.9899896,105.8530145,77,Moderate,1,24.2,83,0.1,13.7,157,1012.7,100,28.3,33.5,405.0,22.0,55.0,24.4
2026-03-20 10:00:00,2026,3,20,10,Hà Nội,Phường Tương Mai,20.9899896,105.8530145,76,Moderate,1,25.8,75,0.1,13.4,162,1012.6,100,28.2,33.3,357.0,19.3,63.0,24.5
2026-03-20 11:00:00,2026,3,20,11,Hà Nội,Phường Tương Mai,20.9899896,105.8530145,76,Moderate,1,26.5,74,0.1,14.3,161,1012.1,100,29.5,34.6,337.0,17.4,69.0,24.4
2026-03-20 12:00:00,2026,3,20,12,Hà Nội,Phường Tương Mai,20.9899896,105.8530145,76,Moderate,1,27.1,71,0.0,16.6,165,1010.9,93,30.5,35.5,327.0,15.8,75.0,24.0
2026-03-20 13:00:00,2026,3,20,13,Hà Nội,Phường Tương Mai,20.9899896,105.8530145,76,Moderate,1,27.0,71,0.0,15.0,159,1010.5,98,29.7,34.1,319.0,14.6,79.0,23.1
2026-03-20 14:00:00,2026,3,20,14,Hà Nội,Phường Tương Mai,20.9899896,105.8530145,76,Moderate,1,27.2,71,0.1,17.8,156,1009.5,84,28.6,32.9,306.0,13.4,81.0,21.0
2026-03-20 15:00:00,2026,3,20,15,Hà Nội,Phường Tương Mai,20.9899896,105.8530145,77,Moderate,1,26.8,73,0.0,17.0,149,1008.8,77,26.5,30.5,295.0,12.6,80.0,18.5
2026-03-20 16:00:00,2026,3,20,16,Hà Nội,Phường Tương Mai,20.9899896,105.8530145,77,Moderate,1,26.4,74,0.0,18.1,149,1008.7,100,25.6,29.9,300.0,13.2,78.0,17.1
2026-03-20 17:00:00,2026,3,20,17,Hà Nội,Phường Tương Mai,20.9899896,105.8530145,77,Moderate,1,25.4,79,0.0,15.3,138,1008.8,100,24.0,28.0,340.0,16.5,72.0,18.0
2026-03-20 18:00:00,2026,3,20,18,Hà Nội,Phường Tương Mai,20.9899896,105.8530145,78,Moderate,1,24.8,81,0.0,14.8,138,1009.3,100,24.3,28.0,396.0,21.2,64.0,20.0
2026-03-20 19:00:00,2026,3,20,19,Hà Nội,Phường Tương Mai,20.9899896,105.8530145,78,Moderate,1,24.5,84,0.0,14.2,128,1010.1,100,24.6,29.2,428.0,22.1,66.0,20.0
2026-03-20 20:00:00,2026,3,20,20,Hà Nội,Phường Tương Mai,20.9899896,105.8530145,79,Moderate,1,24.0,88,0.0,14.7,130,1011.2,100,24.7,28.9,412.0,22.3,66.0,20.5
2026-03-20 21:00:00,2026,3,20,21,Hà Nội,Phường Tương Mai,20.9899896,105.8530145,79,Moderate,1,23.5,91,0.0,14.2,126,1012.4,100,26.0,29.9,372.0,22.5,65.0,21.1
2026-03-20 22:00:00,2026,3,20,22,Hà Nội,Phường Tương Mai,20.9899896,105.8530145,79,Moderate,1,23.1,91,0.0,13.4,125,1013.2,100,27.6,31.4,338.0,23.3,63.0,21.6
2026-03-20 23:00:00,2026,3,20,23,Hà Nội,Phường Tương Mai,20.9899896,105.8530145,80,Moderate,1,23.0,90,0.0,12.4,120,1013.5,100,29.5,33.1,322.0,24.9,60.0,21.7
2026-03-21 00:00:00,2026,3,21,0,Hà Nội,Phường Tương Mai,20.9899896,105.8530145,80,Moderate,1,22.9,89,0.0,12.6,116,1013.2,100,31.7,34.7,313.0,26.9,56.0,21.6
2026-03-21 01:00:00,2026,3,21,1,Hà Nội,Phường Tương Mai,20.9899896,105.8530145,81,Moderate,1,23.1,88,0.0,13.5,113,1012.5,100,34.5,37.1,307.0,28.7,52.0,21.6
2026-03-21 02:00:00,2026,3,21,2,Hà Nội,Phường Tương Mai,20.9899896,105.8530145,82,Moderate,1,23.1,87,0.0,12.9,115,1011.6,100,36.7,39.1,298.0,29.9,49.0,21.8
2026-03-21 03:00:00,2026,3,21,3,Hà Nội,Phường Tương Mai,20.9899896,105.8530145,83,Moderate,1,23.0,87,0.0,12.5,117,1011.2,100,39.6,41.9,293.0,30.9,47.0,22.0
2026-03-21 04:00:00,2026,3,21,4,Hà Nội,Phường Tương Mai,20.9899896,105.8530145,85,Moderate,1,23.0,86,0.0,13.0,123,1011.3,100,45.1,46.3,307.0,32.1,45.0,22.7
2026-03-21 05:00:00,2026,3,21,5,Hà Nội,Phường Tương Mai,20.9899896,105.8530145,87,Moderate,1,22.9,87,0.0,12.5,125,1011.8,100,47.4,48.7,366.0,34.2,44.0,24.1
2026-03-21 06:00:00,2026,3,21,6,Hà Nội,Phường Tương Mai,20.9899896,105.8530145,89,Moderate,1,22.8,87,0.0,12.6,124,1012.3,100,48.8,49.8,444.0,36.6,44.0,25.9
2026-03-21 07:00:00,2026,3,21,7,Hà Nội,Phường Tương Mai,20.9899896,105.8530145,91,Moderate,1,22.6,87,0.1,12.4,120,1013.4,100,48.2,50.4,487.0,35.8,48.0,26.8
2026-03-21 08:00:00,2026,3,21,8,Hà Nội,Phường Tương Mai,20.9899896,105.8530145,93,Moderate,1,23.1,85,0.1,10.1,117,1014.2,100,45.3,47.3,459.0,34.2,53.0,27.4
2026-03-21 09:00:00,2026,3,21,9,Hà Nội,Phường Tương Mai,20.9899896,105.8530145,94,Moderate,1,23.8,83,0.0,11.5,119,1014.8,100,42.8,44.8,396.0,31.7,60.0,28.0
2026-03-21 10:00:00,2026,3,21,10,Hà Nội,Phường Tương Mai,20.9899896,105.8530145,95,Moderate,1,24.5,79,0.0,17.2,135,1014.9,100,42.0,44.9,347.0,28.3,68.0,27.4
2026-03-21 11:00:00,2026,3,21,11,Hà Nội,Phường Tương Mai,20.9899896,105.8530145,97,Moderate,1,25.3,75,0.0,18.1,145,1014.6,100,35.3,38.4,330.0,23.1,78.0,24.5
2026-03-21 12:00:00,2026,3,21,12,Hà Nội,Phường Tương Mai,20.9899896,105.8530145,97,Moderate,1,25.3,75,0.0,16.9,144,1013.6,100,31.3,34.1,327.0,16.9,89.0,20.3
2026-03-21 13:00:00,2026,3,21,13,Hà Nội,Phường Tương Mai,20.9899896,105.8530145,97,Moderate,1,25.5,74,0.0,17.2,146,1012.9,100,30.4,33.4,330.0,12.5,97.0,17.2
2026-03-21 14:00:00,2026,3,21,14,Hà Nội,Phường Tương Mai,20.9899896,105.8530145,97,Moderate,1,25.2,75,0.0,16.7,142,1012.0,100,27.9,30.6,336.0,11.0,99.0,15.9
2026-03-21 15:00:00,2026,3,21,15,Hà Nội,Phường Tương Mai,20.9899896,105.8530145,97,Moderate,1,25.3,75,0.0,16.5,142,1010.9,100,27.1,29.7,348.0,11.2,98.0,15.6
2026-03-21 16:00:00,2026,3,21,16,Hà Nội,Phường Tương Mai,20.9899896,105.8530145,97,Moderate,1,24.9,76,0.0,16.5,134,1010.5,100,26.3,28.7,365.0,12.7,95.0,16.1
2026-03-21 17:00:00,2026,3,21,17,Hà Nội,Phường Tương Mai,20.9899896,105.8530145,97,Moderate,1,24.5,78,0.0,15.7,124,1010.3,100,27.1,29.2,392.0,16.0,91.0,17.6
2026-03-21 18:00:00,2026,3,21,18,Hà Nội,Phường Tương Mai,20.9899896,105.8530145,98,Moderate,1,24.0,81,0.0,14.2,123,1010.5,100,27.4,29.3,424.0,20.5,85.0,19.8
2026-03-21 19:00:00,2026,3,21,19,Hà Nội,Phường Tương Mai,20.9899896,105.8530145,98,Moderate,1,23.8,82,0.0,14.9,127,1010.6,77,34.9,37.3,443.0,25.2,77.0,22.2
2026-03-21 20:00:00,2026,3,21,20,Hà Nội,Phường Tương Mai,20.9899896,105.8530145,99,Moderate,1,22.8,88,0.0,13.1,127,1011.7,63,37.0,39.3,436.0,25.7,75.0,23.2
2026-03-21 21:00:00,2026,3,21,21,Hà Nội,Phường Tương Mai,20.9899896,105.8530145,100,Moderate,1,22.1,92,0.0,11.1,130,1012.5,95,39.6,42.3,415.0,26.3,73.0,24.4
2026-03-21 22:00:00,2026,3,21,22,Hà Nội,Phường Tương Mai,20.9899896,105.8530145,101,Unhealthy for Sensitive Groups,2,21.6,95,0.0,9.4,133,1012.9,89,42.0,45.2,400.0,27.0,69.0,25.2
2026-03-21 23:00:00,2026,3,21,23,Hà Nội,Phường Tương Mai,20.9899896,105.8530145,103,Unhealthy for Sensitive Groups,2,21.4,97,0.0,8.7,135,1012.6,81,44.2,47.4,402.0,27.6,64.0,25.0
2026-03-22 00:00:00,2026,3,22,0,Hà Nội,Phường Tương Mai,20.9899896,105.8530145,104,Unhealthy for Sensitive Groups,2,21.2,98,0.0,8.4,132,1012.1,16,44.1,47.4,409.0,28.2,59.0,24.3
2026-03-22 01:00:00,2026,3,22,1,Hà Nội,Phường Tương Mai,20.9899896,105.8530145,106,Unhealthy for Sensitive Groups,2,21.5,98,0.0,9.5,109,1011.5,100,43.3,46.8,406.0,28.9,53.0,23.5
2026-03-22 02:00:00,2026,3,22,2,Hà Nội,Phường Tương Mai,20.9899896,105.8530145,106,Unhealthy for Sensitive Groups,2,21.7,97,0.0,8.3,104,1010.7,99,43.3,46.9,375.0,29.9,46.0,22.7
2026-03-22 03:00:00,2026,3,22,3,Hà Nội,Phường Tương Mai,20.9899896,105.8530145,107,Unhealthy for Sensitive Groups,2,21.6,97,0.0,8.2,112,1010.2,100,46.1,49.7,334.0,31.0,39.0,21.8
2026-03-22 04:00:00,2026,3,22,4,Hà Nội,Phường Tương Mai,20.9899896,105.8530145,108,Unhealthy for Sensitive Groups,2,21.6,97,0.0,8.7,112,1009.9,100,52.4,55.3,316.0,31.8,34.0,21.4
2026-03-22 05:00:00,2026,3,22,5,Hà Nội,Phường Tương Mai,20.9899896,105.8530145,109,Unhealthy for Sensitive Groups,2,21.6,97,0.0,8.2,112,1010.2,100,57.7,60.3,351.0,32.8,30.0,22.0
2026-03-22 06:00:00,2026,3,22,6,Hà Nội,Phường Tương Mai,20.9899896,105.8530145,110,Unhealthy for Sensitive Groups,2,21.9,96,0.0,11.1,122,1010.9,100,59.1,61.5,410.0,33.4,27.0,23.0
2026-03-22 07:00:00,2026,3,22,7,Hà Nội,Phường Tương Mai,20.9899896,105.8530145,111,Unhealthy for Sensitive Groups,2,22.5,94,0.0,13.7,134,1011.8,100,53.9,57.3,439.0,32.5,34.0,21.2
2026-03-22 08:00:00,2026,3,22,8,Hà Nội,Phường Tương Mai,20.9899896,105.8530145,111,Unhealthy for Sensitive Groups,2,23.4,91,0.1,17.9,150,1012.6,100,38.0,41.4,407.0,26.7,42.0,21.3
2026-03-22 09:00:00,2026,3,22,9,Hà Nội,Phường Tương Mai,20.9899896,105.8530145,111,Unhealthy for Sensitive Groups,2,25.1,79,0.0,18.8,159,1013.2,43,25.0,28.5,345.0,18.7,53.0,21.5
2026-03-22 10:00:00,2026,3,22,10,Hà Nội,Phường Tương Mai,20.9899896,105.8530145,109,Unhealthy for Sensitive Groups,2,26.8,71,0.0,19.5,162,1012.8,42,20.1,23.6,299.0,12.5,63.0,21.2
2026-03-22 11:00:00,2026,3,22,11,Hà Nội,Phường Tương Mai,20.9899896,105.8530145,106,Unhealthy for Sensitive Groups,2,27.7,66,0.0,18.8,167,1012.3,64,18.7,21.9,288.0,9.7,71.0,20.2
2026-03-22 12:00:00,2026,3,22,12,Hà Nội,Phường Tương Mai,20.9899896,105.8530145,105,Unhealthy for Sensitive Groups,2,28.5,63,0.0,18.2,166,1011.4,98,16.9,19.9,292.0,8.7,79.0,18.8
2026-03-22 13:00:00,2026,3,22,13,Hà Nội,Phường Tương Mai,20.9899896,105.8530145,103,Unhealthy for Sensitive Groups,2,28.0,62,0.0,18.1,167,1010.9,98,16.1,18.9,296.0,8.2,84.0,17.3
2026-03-22 14:00:00,2026,3,22,14,Hà Nội,Phường Tương Mai,20.9899896,105.8530145,102,Unhealthy for Sensitive Groups,2,28.3,61,0.0,17.5,166,1010.1,100,15.9,18.6,290.0,7.4,87.0,15.5
2026-03-22 15:00:00,2026,3,22,15,Hà Nội,Phường Tương Mai,20.9899896,105.8530145,100,Moderate,1,27.6,63,0.0,17.1,158,1009.5,100,15.1,17.6,284.0,7.2,87.0,13.7
2026-03-22 16:00:00,2026,3,22,16,Hà Nội,Phường Tương Mai,20.9899896,105.8530145,99,Moderate,1,27.0,67,0.0,19.1,152,1008.9,63,14.0,16.5,295.0,8.4,84.0,13.1
2026-03-22 17:00:00,2026,3,22,17,Hà Nội,Phường Tương Mai,20.9899896,105.8530145,98,Moderate,1,26.1,70,0.0,18.8,146,1008.8,44,15.4,17.9,343.0,12.3,75.0,14.8
2026-03-22 18:00:00,2026,3,22,18,Hà Nội,Phường Tương Mai,20.9899896,105.8530145,97,Moderate,1,24.9,74,0.0,18.1,149,1009.1,37,16.4,18.8,409.0,17.7,62.0,17.7
2026-03-22 19:00:00,2026,3,22,19,Hà Nội,Phường Tương Mai,20.9899896,105.8530145,96,Moderate,1,24.0,81,0.0,13.1,159,1011.3,98,21.5,24.1,449.0,24.7,49.0,20.6
2026-03-22 20:00:00,2026,3,22,20,Hà Nội,Phường Tương Mai,20.9899896,105.8530145,95,Moderate,1,23.8,84,0.1,11.0,159,1011.7,95,23.0,25.6,439.0,25.0,48.0,21.3
2026-03-22 21:00:00,2026,3,22,21,Hà Nội,Phường Tương Mai,20.9899896,105.8530145,94,Moderate,1,23.2,89,0.1,12.5,131,1011.7,38,25.3,27.8,404.0,25.5,46.0,22.1
2026-03-22 22:00:00,2026,3,22,22,Hà Nội,Phường Tương Mai,20.9899896,105.8530145,93,Moderate,1,22.9,93,0.1,12.7,153,1012.0,13,28.2,31.0,370.0,26.1,44.0,22.6
2026-03-22 23:00:00,2026,3,22,23,Hà Nội,Phường Tương Mai,20.9899896,105.8530145,91,Moderate,1,22.6,94,0.0,12.3,145,1011.8,9,30.2,32.9,346.0,26.7,41.0,22.3
2026-03-23 00:00:00,2026,3,23,0,Hà Nội,Phường Tương Mai,20.9899896,105.8530145,90,Moderate,1,22.4,96,0.0,12.3,142,1011.5,38,30.3,33.2,324.0,27.5,37.0,21.5
2026-03-23 01:00:00,2026,3,23,1,Hà Nội,Phường Tương Mai,20.9899896,105.8530145,89,Moderate,1,21.8,98,0.0,14.3,115,1011.4,100,30.9,33.8,305.0,28.1,34.0,21.0
2026-03-23 02:00:00,2026,3,23,2,Hà Nội,Phường Tương Mai,20.9899896,105.8530145,88,Moderate,1,22.5,97,0.2,16.9,150,1010.3,100,31.4,34.5,283.0,28.6,31.0,21.0
2026-03-23 03:00:00,2026,3,23,3,Hà Nội,Phường Tương Mai,20.9899896,105.8530145,87,Moderate,1,22.8,96,0.0,11.9,153,1009.7,100,32.2,35.4,264.0,29.1,29.0,21.2
2026-03-23 04:00:00,2026,3,23,4,Hà Nội,Phường Tương Mai,20.9899896,105.8530145,85,Moderate,1,22.5,97,0.0,11.1,140,1009.6,98,31.9,35.2,266.0,29.4,27.0,21.6
2026-03-23 05:00:00,2026,3,23,5,Hà Nội,Phường Tương Mai,20.9899896,105.8530145,84,Moderate,1,22.5,97,0.0,13.6,140,1009.5,100,31.0,34.5,311.0,29.7,26.0,22.3
2026-03-23 06:00:00,2026,3,23,6,Hà Nội,Phường Tương Mai,20.9899896,105.8530145,81,Moderate,1,22.4,97,0.0,14.1,141,1010.1,100,30.4,33.9,378.0,29.8,26.0,23.2
2026-03-23 07:00:00,2026,3,23,7,Hà Nội,Phường Tương Mai,20.9899896,105.8530145,79,Moderate,1,22.8,95,0.1,13.0,145,1011.3,100,26.4,29.1,419.0,28.0,32.0,21.7
2026-03-23 08:00:00,2026,3,23,8,Hà Nội,Phường Tương Mai,20.9899896,105.8530145,76,Moderate,1,23.5,92,0.3,15.3,153,1011.8,100,22.3,25.2,407.0,24.7,38.0,21.7
2026-03-23 09:00:00,2026,3,23,9,Hà Nội,Phường Tương Mai,20.9899896,105.8530145,75,Moderate,1,24.5,85,0.2,19.3,162,1011.8,100,19.1,22.2,369.0,20.2,46.0,21.6
2026-03-23 10:00:00,2026,3,23,10,Hà Nội,Phường Tương Mai,20.9899896,105.8530145,74,Moderate,1,26.1,76,0.0,19.2,165,1011.8,100,17.7,20.9,338.0,16.6,54.0,21.4
2026-03-23 11:00:00,2026,3,23,11,Hà Nội,Phường Tương Mai,20.9899896,105.8530145,74,Moderate,1,26.9,72,0.1,18.2,169,1011.1,100,19.0,22.5,325.0,14.8,61.0,21.1
2026-03-23 12:00:00,2026,3,23,12,Hà Nội,Phường Tương Mai,20.9899896,105.8530145,74,Moderate,1,27.4,70,0.0,17.7,171,1010.0,100,18.6,21.2,319.0,14.0,68.0,20.7
2026-03-23 13:00:00,2026,3,23,13,Hà Nội,Phường Tương Mai,20.9899896,105.8530145,74,Moderate,1,27.7,68,0.0,17.3,167,1009.5,98,23.5,26.1,314.0,13.2,74.0,19.8
2026-03-23 14:00:00,2026,3,23,14,Hà Nội,Phường Tương Mai,20.9899896,105.8530145,75,Moderate,1,28.1,66,0.0,17.1,162,1008.4,14,27.4,30.6,306.0,11.8,78.0,17.8
2026-03-23 15:00:00,2026,3,23,15,Hà Nội,Phường Tương Mai,20.9899896,105.8530145,76,Moderate,1,28.5,64,0.0,17.8,159,1007.5,44,24.2,27.0,299.0,10.6,81.0,15.4
2026-03-23 16:00:00,2026,3,23,16,Hà Nội,Phường Tương Mai,20.9899896,105.8530145,77,Moderate,1,27.3,69,0.0,18.5,149,1007.1,17,21.2,23.7,308.0,10.7,80.0,14.1
2026-03-23 17:00:00,2026,3,23,17,Hà Nội,Phường Tương Mai,20.9899896,105.8530145,77,Moderate,1,26.6,72,0.0,18.9,149,1006.8,6,21.9,24.3,348.0,13.3,73.0,14.9
2026-03-23 18:00:00,2026,3,23,18,Hà Nội,Phường Tương Mai,20.9899896,105.8530145,78,Moderate,1,25.3,78,0.0,16.8,147,1007.4,3,20.8,23.1,403.0,17.3,63.0,16.7
2026-03-23 19:00:00,2026,3,23,19,Hà Nội,Phường Tương Mai,20.9899896,105.8530145,78,Moderate,1,24.7,82,0.0,15.2,145,1008.6,100,23.1,26.4,439.0,21.6,54.0,19.0
2026-03-23 20:00:00,2026,3,23,20,Hà Nội,Phường Tương Mai,20.9899896,105.8530145,79,Moderate,1,24.2,85,0.0,14.7,138,1009.4,100,23.1,26.5,438.0,22.4,52.0,20.0
2026-03-23 21:00:00,2026,3,23,21,Hà Nội,Phường Tương Mai,20.9899896,105.8530145,79,Moderate,1,23.8,88,0.0,14.6,140,1009.8,100,24.6,28.1,417.0,23.6,49.0,21.3
2026-03-23 22:00:00,2026,3,23,22,Hà Nội,Phường Tương Mai,20.9899896,105.8530145,78,Moderate,1,23.4,90,0.0,12.2,136,1010.0,100,26.7,30.3,396.0,24.9,46.0,22.2
2026-03-23 23:00:00,2026,3,23,23,Hà Nội,Phường Tương Mai,20.9899896,105.8530145,78,Moderate,1,23.1,92,0.0,11.8,136,1009.8,100,28.1,31.8,380.0,26.3,42.0,22.2
2026-03-24 00:00:00,2026,3,24,0,Hà Nội,Phường Tương Mai,20.9899896,105.8530145,78,Moderate,1,23.0,93,0.0,12.4,139,1009.7,100,29.3,33.1,363.0,27.8,37.0,21.7
2026-03-24 01:00:00,2026,3,24,1,Hà Nội,Phường Tương Mai,20.9899896,105.8530145,78,Moderate,1,22.9,96,0.0,10.0,124,1009.3,100,31.8,35.5,345.0,29.3,32.0,21.4
2026-03-24 02:00:00,2026,3,24,2,Hà Nội,Phường Tương Mai,20.9899896,105.8530145,78,Moderate,1,23.0,95,0.1,9.8,126,1008.7,100,35.0,39.0,316.0,30.8,28.0,21.4
2026-03-24 03:00:00,2026,3,24,3,Hà Nội,Phường Tương Mai,20.9899896,105.8530145,78,Moderate,1,23.0,96,0.0,9.3,124,1008.2,100,37.0,41.3,285.0,32.2,25.0,21.6
2026-03-24 04:00:00,2026,3,24,4,Hà Nội,Phường Tương Mai,20.9899896,105.8530145,79,Moderate,1,23.0,96,0.0,9.5,129,1008.3,100,39.9,44.4,284.0,33.1,22.0,22.0
2026-03-24 05:00:00,2026,3,24,5,Hà Nội,Phường Tương Mai,20.9899896,105.8530145,80,Moderate,1,23.0,96,0.0,8.6,127,1008.7,100,46.4,50.2,347.0,33.7,20.0,22.9
2026-03-24 06:00:00,2026,3,24,6,Hà Nội,Phường Tương Mai,20.9899896,105.8530145,81,Moderate,1,23.0,96,0.0,8.4,125,1009.4,100,49.4,52.6,440.0,33.9,18.0,24.0
2026-03-24 07:00:00,2026,3,24,7,Hà Nội,Phường Tương Mai,20.9899896,105.8530145,83,Moderate,1,23.5,95,0.0,11.6,126,1010.0,100,53.3,57.6,490.0,39.1,14.0,28.5
2026-03-24 08:00:00,2026,3,24,8,Hà Nội,Phường Tương Mai,20.9899896,105.8530145,85,Moderate,1,24.2,91,0.1,16.2,143,1010.4,100,44.0,49.4,450.0,34.4,24.0,28.1
2026-03-24 09:00:00,2026,3,24,9,Hà Nội,Phường Tương Mai,20.9899896,105.8530145,87,Moderate,1,25.4,83,0.0,15.9,149,1010.8,67,36.7,42.6,366.0,27.9,37.0,27.5
2026-03-24 10:00:00,2026,3,24,10,Hà Nội,Phường Tương Mai,20.9899896,105.8530145,89,Moderate,1,27.0,74,0.0,17.3,157,1010.8,50,31.5,37.5,304.0,22.4,50.0,26.6
2026-03-24 11:00:00,2026,3,24,11,Hà Nội,Phường Tương Mai,20.9899896,105.8530145,90,Moderate,1,27.7,71,0.1,16.7,160,1010.3,83,29.5,34.1,294.0,19.1,61.0,25.4
2026-03-24 12:00:00,2026,3,24,12,Hà Nội,Phường Tương Mai,20.9899896,105.8530145,91,Moderate,1,27.7,71,0.0,14.0,158,1009.2,98,35.3,39.9,307.0,17.0,72.0,24.0
2026-03-24 13:00:00,2026,3,24,13,Hà Nội,Phường Tương Mai,20.9899896,105.8530145,92,Moderate,1,28.5,65,0.0,14.1,161,1008.2,55,34.3,38.5,320.0,15.6,79.0,22.7
2026-03-24 14:00:00,2026,3,24,14,Hà Nội,Phường Tương Mai,20.9899896,105.8530145,93,Moderate,1,29.0,65,0.0,15.2,157,1007.3,91,31.4,35.3,319.0,14.8,81.0,21.3
2026-03-24 15:00:00,2026,3,24,15,Hà Nội,Phường Tương Mai,20.9899896,105.8530145,93,Moderate,1,28.8,64,0.0,16.0,155,1006.5,24,29.6,33.2,318.0,14.7,80.0,19.9
2026-03-24 16:00:00,2026,3,24,16,Hà Nội,Phường Tương Mai,20.9899896,105.8530145,94,Moderate,1,28.5,65,0.0,16.4,157,1006.3,34,28.1,31.1,334.0,15.8,76.0,19.3
2026-03-24 17:00:00,2026,3,24,17,Hà Nội,Phường Tương Mai,20.9899896,105.8530145,95,Moderate,1,27.6,70,0.0,15.6,153,1006.2,12,25.1,27.9,388.0,18.9,69.0,20.1
2026-03-24 18:00:00,2026,3,24,18,Hà Nội,Phường Tương Mai,20.9899896,105.8530145,95,Moderate,1,26.2,76,0.0,14.1,146,1006.4,4,24.7,27.1,460.0,23.3,59.0,21.7
2026-03-24 19:00:00,2026,3,24,19,Hà Nội,Phường Tương Mai,20.9899896,105.8530145,95,Moderate,1,25.4,81,0.0,14.1,149,1007.3,17,26.3,28.3,507.0,27.5,56.0,23.5
2026-03-24 20:00:00,2026,3,24,20,Hà Nội,Phường Tương Mai,20.9899896,105.8530145,95,Moderate,1,24.6,84,0.0,12.6,146,1008.3,14,23.4,25.8,508.0,26.7,55.0,23.4
2026-03-24 21:00:00,2026,3,24,21,Hà Nội,Phường Tương Mai,20.9899896,105.8530145,96,Moderate,1,24.0,89,0.0,12.8,140,1009.1,12,24.3,27.1,484.0,25.5,52.0,23.2
2026-03-24 22:00:00,2026,3,24,22,Hà Nội,Phường Tương Mai,20.9899896,105.8530145,95,Moderate,1,23.5,94,0.0,12.3,140,1009.8,100,24.3,27.1,454.0,24.7,50.0,22.8
2026-03-24 23:00:00,2026,3,24,23,Hà Nội,Phường Tương Mai,20.9899896,105.8530145,95,Moderate,1,23.5,95,0.0,11.2,139,1009.7,100,24.7,27.7,421.0,24.5,48.0,21.9
2026-03-25 00:00:00,2026,3,25,0,Hà Nội,Phường Tương Mai,20.9899896,105.8530145,95,Moderate,1,23.5,94,0.0,10.2,132,1009.7,100,24.9,27.8,381.0,24.6,45.0,20.8
2026-03-25 01:00:00,2026,3,25,1,Hà Nội,Phường Tương Mai,20.9899896,105.8530145,95,Moderate,1,24.0,96,0.1,11.2,120,1009.3,100,25.8,28.8,346.0,25.2,42.0,20.1
2026-03-25 02:00:00,2026,3,25,2,Hà Nội,Phường Tương Mai,20.9899896,105.8530145,94,Moderate,1,24.1,94,0.1,12.6,128,1008.8,100,27.3,30.3,312.0,26.3,39.0,19.9
2026-03-25 03:00:00,2026,3,25,3,Hà Nội,Phường Tương Mai,20.9899896,105.8530145,93,Moderate,1,24.0,94,0.1,13.6,130,1008.3,100,29.2,32.1,282.0,27.9,35.0,20.1
2026-03-25 04:00:00,2026,3,25,4,Hà Nội,Phường Tương Mai,20.9899896,105.8530145,93,Moderate,1,23.9,94,0.1,13.4,133,1008.4,100,31.3,34.3,273.0,29.4,33.0,20.8
2026-03-25 05:00:00,2026,3,25,5,Hà Nội,Phường Tương Mai,20.9899896,105.8530145,92,Moderate,1,23.8,94,0.0,12.2,134,1008.8,100,33.2,36.2,305.0,31.5,31.0,22.8
2026-03-25 06:00:00,2026,3,25,6,Hà Nội,Phường Tương Mai,20.9899896,105.8530145,91,Moderate,1,23.5,94,0.1,13.2,133,1009.5,100,34.9,38.0,357.0,33.7,31.0,25.3
2026-03-25 07:00:00,2026,3,25,7,Hà Nội,Phường Tương Mai,20.9899896,105.8530145,89,Moderate,1,23.7,95,0.1,13.1,131,1010.7,100,36.3,40.3,385.0,35.9,29.0,26.5
2026-03-25 08:00:00,2026,3,25,8,Hà Nội,Phường Tương Mai,20.9899896,105.8530145,88,Moderate,1,24.1,89,0.0,13.4,137,1011.2,99,31.7,36.1,362.0,30.1,39.0,25.0
2026-03-25 09:00:00,2026,3,25,9,Hà Nội,Phường Tương Mai,20.9899896,105.8530145,87,Moderate,1,25.4,80,0.0,17.0,146,1011.2,23,23.7,27.8,314.0,22.1,53.0,23.0
2026-03-25 10:00:00,2026,3,25,10,Hà Nội,Phường Tương Mai,20.9899896,105.8530145,86,Moderate,1,27.2,69,0.0,18.9,155,1011.2,37,20.3,24.7,280.0,16.0,65.0,21.4
2026-03-25 11:00:00,2026,3,25,11,Hà Nội,Phường Tương Mai,20.9899896,105.8530145,85,Moderate,1,28.2,63,0.0,18.7,161,1011.0,55,19.4,22.9,275.0,13.8,71.0,20.9
2026-03-25 12:00:00,2026,3,25,12,Hà Nội,Phường Tương Mai,20.9899896,105.8530145,84,Moderate,1,28.9,60,0.0,17.6,166,1010.0,100,21.2,24.3,284.0,13.4,74.0,20.8
2026-03-25 13:00:00,2026,3,25,13,Hà Nội,Phường Tương Mai,20.9899896,105.8530145,83,Moderate,1,28.0,64,0.0,16.9,161,1009.7,100,21.2,24.2,295.0,13.2,77.0,20.5
2026-03-25 14:00:00,2026,3,25,14,Hà Nội,Phường Tương Mai,20.9899896,105.8530145,81,Moderate,1,28.0,64,0.0,17.0,161,1008.8,72,21.0,24.0,303.0,11.9,81.0,19.2
2026-03-25 15:00:00,2026,3,25,15,Hà Nội,Phường Tương Mai,20.9899896,105.8530145,80,Moderate,1,28.1,63,0.0,18.6,157,1007.8,54,19.9,23.1,313.0,10.6,85.0,17.6
2026-03-25 16:00:00,2026,3,25,16,Hà Nội,Phường Tương Mai,20.9899896,105.8530145,80,Moderate,1,28.0,64,0.0,17.9,161,1007.5,100,18.0,21.1,334.0,11.2,84.0,17.1
2026-03-25 17:00:00,2026,3,25,17,Hà Nội,Phường Tương Mai,20.9899896,105.8530145,79,Moderate,1,26.9,68,0.0,15.3,152,1007.4,38,18.1,20.9,381.0,15.2,76.0,18.6
2026-03-25 18:00:00,2026,3,25,18,Hà Nội,Phường Tương Mai,20.9899896,105.8530145,78,Moderate,1,25.8,72,0.0,15.1,144,1007.8,33,19.3,22.4,438.0,20.9,63.0,21.2
2026-03-25 19:00:00,2026,3,25,19,Hà Nội,Phường Tương Mai,20.9899896,105.8530145,78,Moderate,1,25.5,75,0.0,14.8,144,1007.9,11,30.0,34.1,472.0,27.3,51.0,24.4
2026-03-25 20:00:00,2026,3,25,20,Hà Nội,Phường Tương Mai,20.9899896,105.8530145,78,Moderate,1,24.8,80,0.0,15.0,150,1008.5,1,30.7,34.8,462.0,28.3,48.0,25.6
2026-03-25 21:00:00,2026,3,25,21,Hà Nội,Phường Tương Mai,20.9899896,105.8530145,79,Moderate,1,24.2,85,0.0,12.7,149,1009.2,10,32.6,36.8,428.0,29.8,43.0,27.3
2026-03-25 22:00:00,2026,3,25,22,Hà Nội,Phường Tương Mai,20.9899896,105.8530145,79,Moderate,1,23.9,90,0.0,12.4,147,1009.3,12,34.9,39.5,393.0,30.8,39.0,28.1
2026-03-25 23:00:00,2026,3,25,23,Hà Nội,Phường Tương Mai,20.9899896,105.8530145,80,Moderate,1,23.5,93,0.0,12.2,153,1009.2,14,36.7,41.4,364.0,31.2,36.0,27.5
2026-03-26 00:00:00,2026,3,26,0,Hà Nội,Phường Tương Mai,20.9899896,105.8530145,81,Moderate,1,23.2,96,0.0,12.4,149,1008.5,97,36.2,41.2,335.0,31.2,34.0,26.0
2026-03-26 01:00:00,2026,3,26,1,Hà Nội,Phường Tương Mai,20.9899896,105.8530145,82,Moderate,1,24.1,96,0.0,12.1,153,1008.5,100,36.4,41.6,309.0,30.6,33.0,24.2
2026-03-26 02:00:00,2026,3,26,2,Hà Nội,Phường Tương Mai,20.9899896,105.8530145,83,Moderate,1,24.4,94,0.0,13.3,159,1008.1,100,41.8,46.0,280.0,28.7,34.0,21.6
2026-03-26 03:00:00,2026,3,26,3,Hà Nội,Phường Tương Mai,20.9899896,105.8530145,85,Moderate,1,24.3,94,0.0,12.3,159,1007.4,100,44.9,49.0,254.0,26.2,35.0,18.7
2026-03-26 04:00:00,2026,3,26,4,Hà Nội,Phường Tương Mai,20.9899896,105.8530145,86,Moderate,1,24.3,94,0.0,12.9,160,1007.4,99,45.2,49.1,254.0,24.5,37.0,17.2
2026-03-26 05:00:00,2026,3,26,5,Hà Nội,Phường Tương Mai,20.9899896,105.8530145,87,Moderate,1,24.1,95,0.0,11.8,161,1007.5,100,45.1,49.0,305.0,24.8,38.0,18.1
2026-03-26 06:00:00,2026,3,26,6,Hà Nội,Phường Tương Mai,20.9899896,105.8530145,88,Moderate,1,24.1,94,0.0,12.0,161,1008.2,100,45.8,49.5,382.0,25.9,38.0,20.4
2026-03-26 07:00:00,2026,3,26,7,Hà Nội,Phường Tương Mai,20.9899896,105.8530145,89,Moderate,1,24.2,93,0.0,10.3,158,1009.6,100,54.0,61.0,435.0,28.5,38.0,24.5
2026-03-26 08:00:00,2026,3,26,8,Hà Nội,Phường Tương Mai,20.9899896,105.8530145,91,Moderate,1,25.0,86,0.1,11.5,166,1010.1,100,48.1,54.8,440.0,28.4,41.0,27.2
2026-03-26 09:00:00,2026,3,26,9,Hà Nội,Phường Tương Mai,20.9899896,105.8530145,92,Moderate,1,26.2,79,0.0,12.4,167,1010.2,98,46.6,52.6,422.0,28.1,46.0,31.0
2026-03-26 10:00:00,2026,3,26,10,Hà Nội,Phường Tương Mai,20.9899896,105.8530145,94,Moderate,1,27.5,73,0.1,11.8,164,1010.1,100,47.3,53.2,404.0,27.1,54.0,34.0
2026-03-26 11:00:00,2026,3,26,11,Hà Nội,Phường Tương Mai,20.9899896,105.8530145,97,Moderate,1,28.2,72,0.2,12.6,161,1009.4,100,48.3,53.3,394.0,24.9,67.0,35.4
2026-03-26 12:00:00,2026,3,26,12,Hà Nội,Phường Tương Mai,20.9899896,105.8530145,99,Moderate,1,29.0,69,0.2,13.1,164,1008.2,100,51.6,56.0,384.0,22.1,84.0,36.1
2026-03-26 13:00:00,2026,3,26,13,Hà Nội,Phường Tương Mai,20.9899896,105.8530145,102,Unhealthy for Sensitive Groups,2,29.4,67,0.1,13.4,165,1007.2,87,51.0,54.9,377.0,19.8,96.0,35.9
2026-03-26 14:00:00,2026,3,26,14,Hà Nội,Phường Tương Mai,20.9899896,105.8530145,105,Unhealthy for Sensitive Groups,2,29.9,66,0.0,13.2,151,1006.1,91,53.9,57.5,367.0,18.2,103.0,34.7
2026-03-26 15:00:00,2026,3,26,15,Hà Nội,Phường Tương Mai,20.9899896,105.8530145,109,Unhealthy for Sensitive Groups,2,30.0,64,0.0,12.0,145,1005.1,70,52.6,56.1,359.0,17.2,105.0,32.8
2026-03-26 16:00:00,2026,3,26,16,Hà Nội,Phường Tương Mai,20.9899896,105.8530145,112,Unhealthy for Sensitive Groups,2,29.6,66,0.0,14.5,145,1004.6,44,49.6,53.2,370.0,17.8,102.0,31.0
2026-03-26 17:00:00,2026,3,26,17,Hà Nội,Phường Tương Mai,20.9899896,105.8530145,115,Unhealthy for Sensitive Groups,2,28.4,70,0.0,16.1,145,1004.4,12,42.7,46.4,419.0,21.5,89.0,29.5
2026-03-26 18:00:00,2026,3,26,18,Hà Nội,Phường Tương Mai,20.9899896,105.8530145,118,Unhealthy for Sensitive Groups,2,26.9,77,0.0,17.1,142,1004.7,0,38.9,42.5,487.0,26.8,69.0,28.2
2026-03-26 19:00:00,2026,3,26,19,Hà Nội,Phường Tương Mai,20.9899896,105.8530145,120,Unhealthy for Sensitive Groups,2,25.7,85,0.0,13.5,147,1005.8,5,33.8,36.9,530.0,29.6,61.0,25.9
2026-03-26 20:00:00,2026,3,26,20,Hà Nội,Phường Tương Mai,20.9899896,105.8530145,120,Unhealthy for Sensitive Groups,2,25.0,86,0.0,12.6,147,1006.5,2,32.7,36.6,526.0,29.9,57.0,25.8
2026-03-26 21:00:00,2026,3,26,21,Hà Nội,Phường Tương Mai,20.9899896,105.8530145,121,Unhealthy for Sensitive Groups,2,24.2,89,0.0,12.2,146,1007.4,5,31.8,36.7,496.0,30.2,51.0,25.8
2026-03-26 22:00:00,2026,3,26,22,Hà Nội,Phường Tương Mai,20.9899896,105.8530145,121,Unhealthy for Sensitive Groups,2,23.6,92,0.0,13.0,151,1007.6,33,33.1,38.4,466.0,30.6,46.0,25.5
2026-03-26 23:00:00,2026,3,26,23,Hà Nội,Phường Tương Mai,20.9899896,105.8530145,120,Unhealthy for Sensitive Groups,2,23.2,95,0.0,13.7,152,1007.5,42,34.7,40.0,442.0,31.1,42.0,25.0
2026-03-27 00:00:00,2026,3,27,0,Hà Nội,Phường Tương Mai,20.9899896,105.8530145,120,Unhealthy for Sensitive Groups,2,23.0,96,0.0,12.4,149,1007.2,100,34.6,40.0,417.0,31.5,39.0,24.4
2026-03-27 01:00:00,2026,3,27,1,Hà Nội,Phường Tương Mai,20.9899896,105.8530145,120,Unhealthy for Sensitive Groups,2,24.1,95,0.0,13.2,149,1007.0,100,35.4,41.0,392.0,31.5,37.0,23.7
2026-03-27 02:00:00,2026,3,27,2,Hà Nội,Phường Tương Mai,20.9899896,105.8530145,120,Unhealthy for Sensitive Groups,2,24.2,94,0.0,13.0,145,1006.5,100,38.1,43.4,360.0,30.7,35.0,22.7
2026-03-27 03:00:00,2026,3,27,3,Hà Nội,Phường Tương Mai,20.9899896,105.8530145,120,Unhealthy for Sensitive Groups,2,24.2,94,0.0,12.8,142,1006.2,100,46.1,50.6,329.0,29.4,34.0,21.5
2026-03-27 04:00:00,2026,3,27,4,Hà Nội,Phường Tương Mai,20.9899896,105.8530145,120,Unhealthy for Sensitive Groups,2,24.1,93,0.0,12.7,142,1006.1,100,51.1,55.1,322.0,28.4,34.0,21.0
2026-03-27 05:00:00,2026,3,27,5,Hà Nội,Phường Tương Mai,20.9899896,105.8530145,120,Unhealthy for Sensitive Groups,2,24.0,93,0.0,11.9,145,1006.3,100,52.5,56.5,364.0,28.1,35.0,21.5
2026-03-27 06:00:00,2026,3,27,6,Hà Nội,Phường Tương Mai,20.9899896,105.8530145,121,Unhealthy for Sensitive Groups,2,24.0,93,0.1,11.3,144,1006.8,100,52.5,56.3,430.0,28.0,38.0,22.6
2026-03-27 07:00:00,2026,3,27,7,Hà Nội,Phường Tương Mai,20.9899896,105.8530145,122,Unhealthy for Sensitive Groups,2,24.0,92,0.1,10.3,134,1008.0,100,49.2,56.8,476.0,27.5,43.0,26.8
2026-03-27 08:00:00,2026,3,27,8,Hà Nội,Phường Tương Mai,20.9899896,105.8530145,121,Unhealthy for Sensitive Groups,2,24.5,89,0.2,12.5,143,1008.7,100,42.8,49.9,477.0,26.4,46.0,27.1
2026-03-27 09:00:00,2026,3,27,9,Hà Nội,Phường Tương Mai,20.9899896,105.8530145,121,Unhealthy for Sensitive Groups,2,25.4,84,0.1,13.6,150,1009.3,100,40.5,46.6,456.0,24.8,50.0,27.5
2026-03-27 10:00:00,2026,3,27,10,Hà Nội,Phường Tương Mai,20.9899896,105.8530145,120,Unhealthy for Sensitive Groups,2,26.5,80,0.1,12.5,147,1009.3,100,41.6,47.5,440.0,22.9,58.0,27.9
2026-03-27 11:00:00,2026,3,27,11,Hà Nội,Phường Tương Mai,20.9899896,105.8530145,119,Unhealthy for Sensitive Groups,2,27.0,78,0.1,11.2,148,1008.9,100,39.3,44.8,439.0,20.6,72.0,28.5
2026-03-27 12:00:00,2026,3,27,12,Hà Nội,Phường Tương Mai,20.9899896,105.8530145,119,Unhealthy for Sensitive Groups,2,27.6,76,0.1,9.9,143,1007.8,100,44.2,50.2,443.0,18.1,88.0,29.1
2026-03-27 13:00:00,2026,3,27,13,Hà Nội,Phường Tương Mai,20.9899896,105.8530145,118,Unhealthy for Sensitive Groups,2,27.8,74,0.0,10.5,131,1006.7,97,46.2,51.9,443.0,16.3,100.0,29.0
2026-03-27 14:00:00,2026,3,27,14,Hà Nội,Phường Tương Mai,20.9899896,105.8530145,117,Unhealthy for Sensitive Groups,2,28.8,71,0.1,11.6,132,1005.7,94,46.4,51.7,431.0,15.3,103.0,27.5
2026-03-27 15:00:00,2026,3,27,15,Hà Nội,Phường Tương Mai,20.9899896,105.8530145,117,Unhealthy for Sensitive Groups,2,28.9,70,0.0,13.1,131,1004.7,63,42.8,47.6,415.0,15.0,102.0,25.2
2026-03-27 16:00:00,2026,3,27,16,Hà Nội,Phường Tương Mai,20.9899896,105.8530145,115,Unhealthy for Sensitive Groups,2,29.0,70,0.0,15.5,138,1004.0,44,38.0,42.1,413.0,15.8,96.0,23.3
2026-03-27 17:00:00,2026,3,27,17,Hà Nội,Phường Tương Mai,20.9899896,105.8530145,114,Unhealthy for Sensitive Groups,2,28.0,75,0.0,16.9,140,1003.9,23,31.5,35.2,441.0,18.5,84.0,22.0
2026-03-27 18:00:00,2026,3,27,18,Hà Nội,Phường Tương Mai,20.9899896,105.8530145,113,Unhealthy for Sensitive Groups,2,26.6,81,0.0,16.2,135,1004.0,10,26.9,29.9,482.0,22.4,67.0,21.0
2026-03-27 19:00:00,2026,3,27,19,Hà Nội,Phường Tương Mai,20.9899896,105.8530145,112,Unhealthy for Sensitive Groups,2,26.0,84,0.0,14.2,144,1005.3,100,26.6,29.7,504.0,28.2,56.0,23.6
2026-03-27 20:00:00,2026,3,27,20,Hà Nội,Phường Tương Mai,20.9899896,105.8530145,111,Unhealthy for Sensitive Groups,2,25.6,86,0.0,13.6,138,1006.2,100,25.4,28.8,486.0,27.9,55.0,23.4
2026-03-27 21:00:00,2026,3,27,21,Hà Nội,Phường Tương Mai,20.9899896,105.8530145,110,Unhealthy for Sensitive Groups,2,25.0,89,0.0,12.4,132,1007.2,70,26.5,30.0,448.0,27.5,55.0,23.1
2026-03-27 22:00:00,2026,3,27,22,Hà Nội,Phường Tương Mai,20.9899896,105.8530145,110,Unhealthy for Sensitive Groups,2,24.4,91,0.0,10.2,131,1007.9,40,28.9,32.5,417.0,27.5,53.0,22.8
2026-03-27 23:00:00,2026,3,27,23,Hà Nội,Phường Tương Mai,20.9899896,105.8530145,109,Unhealthy for Sensitive Groups,2,23.8,94,0.0,11.7,136,1007.5,7,30.3,33.9,406.0,28.2,50.0,22.7
2026-03-28 00:00:00,2026,3,28,0,Hà Nội,Phường Tương Mai,20.9899896,105.8530145,109,Unhealthy for Sensitive Groups,2,23.4,95,0.0,11.2,134,1007.2,7,30.9,34.5,401.0,29.3,47.0,22.6
2026-03-28 01:00:00,2026,3,28,1,Hà Nội,Phường Tương Mai,20.9899896,105.8530145,109,Unhealthy for Sensitive Groups,2,24.4,94,0.0,13.1,131,1006.7,98,32.6,36.3,391.0,30.4,43.0,22.5
2026-03-28 02:00:00,2026,3,28,2,Hà Nội,Phường Tương Mai,20.9899896,105.8530145,108,Unhealthy for Sensitive Groups,2,24.4,93,0.0,11.0,132,1006.2,100,34.0,37.7,358.0,31.5,39.0,22.3
2026-03-28 03:00:00,2026,3,28,3,Hà Nội,Phường Tương Mai,20.9899896,105.8530145,108,Unhealthy for Sensitive Groups,2,24.2,93,0.0,11.3,133,1006.0,100,34.9,38.8,320.0,32.5,35.0,22.2
2026-03-28 04:00:00,2026,3,28,4,Hà Nội,Phường Tương Mai,20.9899896,105.8530145,107,Unhealthy for Sensitive Groups,2,24.0,94,0.0,10.5,131,1006.1,100,36.6,40.4,310.0,33.2,32.0,22.5
2026-03-28 05:00:00,2026,3,28,5,Hà Nội,Phường Tương Mai,20.9899896,105.8530145,105,Unhealthy for Sensitive Groups,2,24.0,94,0.0,10.4,129,1006.6,100,38.1,41.9,363.0,33.7,30.0,23.9
2026-03-28 06:00:00,2026,3,28,6,Hà Nội,Phường Tương Mai,20.9899896,105.8530145,104,Unhealthy for Sensitive Groups,2,24.0,93,0.0,11.5,132,1007.4,100,39.0,43.0,445.0,33.7,28.0,25.8
2026-03-28 07:00:00,2026,3,28,7,Hà Nội,Phường Tương Mai,20.9899896,105.8530145,102,Unhealthy for Sensitive Groups,2,24.0,94,0.1,10.8,123,1008.7,100,42.8,49.7,492.0,33.0,33.0,27.3
2026-03-28 08:00:00,2026,3,28,8,Hà Nội,Phường Tương Mai,20.9899896,105.8530145,102,Unhealthy for Sensitive Groups,2,24.9,87,0.1,11.3,138,1009.4,100,35.2,41.4,464.0,29.5,41.0,26.3
2026-03-28 09:00:00,2026,3,28,9,Hà Nội,Phường Tương Mai,20.9899896,105.8530145,101,Unhealthy for Sensitive Groups,2,26.2,78,0.1,11.8,141,1009.6,100,31.3,37.3,402.0,24.7,51.0,25.0
2026-03-28 10:00:00,2026,3,28,10,Hà Nội,Phường Tương Mai,20.9899896,105.8530145,100,Moderate,1,27.2,74,0.1,12.2,149,1009.3,100,30.0,35.4,356.0,20.6,62.0,23.8
2026-03-28 11:00:00,2026,3,28,11,Hà Nội,Phường Tương Mai,20.9899896,105.8530145,99,Moderate,1,27.7,74,0.2,11.8,152,1008.9,100,32.6,37.4,352.0,18.0,72.0,22.9
2026-03-28 12:00:00,2026,3,28,12,Hà Nội,Phường Tương Mai,20.9899896,105.8530145,98,Moderate,1,28.5,71,0.0,11.4,151,1007.9,100,35.5,39.6,366.0,16.2,82.0,22.2
2026-03-28 13:00:00,2026,3,28,13,Hà Nội,Phường Tương Mai,20.9899896,105.8530145,97,Moderate,1,28.3,71,0.0,10.9,149,1007.1,100,38.6,42.4,375.0,15.0,88.0,21.5
2026-03-28 14:00:00,2026,3,28,14,Hà Nội,Phường Tương Mai,20.9899896,105.8530145,97,Moderate,1,28.9,69,0.0,12.4,152,1005.9,63,38.5,41.9,366.0,14.0,90.0,20.8
2026-03-28 15:00:00,2026,3,28,15,Hà Nội,Phường Tương Mai,20.9899896,105.8530145,96,Moderate,1,29.6,65,0.0,13.8,144,1004.8,64,38.0,41.3,352.0,13.7,90.0,20.2
2026-03-28 16:00:00,2026,3,28,16,Hà Nội,Phường Tương Mai,20.9899896,105.8530145,96,Moderate,1,29.1,68,0.0,14.4,140,1004.4,65,34.5,37.7,354.0,14.8,85.0,20.0
2026-03-28 17:00:00,2026,3,28,17,Hà Nội,Phường Tương Mai,20.9899896,105.8530145,95,Moderate,1,28.1,72,0.0,15.1,135,1004.6,31,34.7,37.4,392.0,18.8,74.0,20.6
2026-03-28 18:00:00,2026,3,28,18,Hà Nội,Phường Tương Mai,20.9899896,105.8530145,96,Moderate,1,26.9,77,0.0,14.6,128,1005.0,9,33.5,36.1,445.0,24.3,58.0,21.6
2026-03-28 19:00:00,2026,3,28,19,Hà Nội,Phường Tương Mai,20.9899896,105.8530145,96,Moderate,1,26.1,83,0.0,12.1,139,1005.6,26,32.4,35.6,469.0,27.5,53.0,23.1
2026-03-28 20:00:00,2026,3,28,20,Hà Nội,Phường Tương Mai,20.9899896,105.8530145,97,Moderate,1,25.6,86,0.0,12.7,134,1006.6,20,30.0,33.8,433.0,26.4,53.0,22.1
2026-03-28 21:00:00,2026,3,28,21,Hà Nội,Phường Tương Mai,20.9899896,105.8530145,97,Moderate,1,25.2,89,0.0,13.5,132,1007.1,68,33.2,36.6,368.0,24.8,52.0,20.7
2026-03-28 22:00:00,2026,3,28,22,Hà Nội,Phường Tương Mai,20.9899896,105.8530145,98,Moderate,1,25.0,92,0.0,12.9,134,1007.3,89,34.8,38.0,319.0,23.6,51.0,19.5
2026-03-28 23:00:00,2026,3,28,23,Hà Nội,Phường Tương Mai,20.9899896,105.8530145,98,Moderate,1,24.8,94,0.0,11.6,136,1007.1,100,35.5,38.6,310.0,23.2,50.0,18.6
2026-03-29 00:00:00,2026,3,29,0,Hà Nội,Phường Tương Mai,20.9899896,105.8530145,99,Moderate,1,24.8,94,0.1,11.2,134,1006.7,100,34.5,37.5,317.0,23.3,48.0,17.9
2026-03-29 01:00:00,2026,3,29,1,Hà Nội,Phường Tương Mai,20.9899896,105.8530145,99,Moderate,1,25.0,94,0.1,11.3,136,1006.0,100,33.9,36.9,319.0,23.4,46.0,17.4
2026-03-29 02:00:00,2026,3,29,2,Hà Nội,Phường Tương Mai,20.9899896,105.8530145,99,Moderate,1,25.0,94,0.1,12.1,136,1005.7,100,33.1,36.4,298.0,23.5,44.0,17.1
2026-03-29 03:00:00,2026,3,29,3,Hà Nội,Phường Tương Mai,20.9899896,105.8530145,99,Moderate,1,25.0,94,0.0,13.4,132,1005.2,100,31.9,35.3,271.0,23.6,42.0,17.1
2026-03-29 04:00:00,2026,3,29,4,Hà Nội,Phường Tương Mai,20.9899896,105.8530145,99,Moderate,1,24.9,93,0.0,13.0,136,1005.4,100,30.4,34.1,267.0,23.8,40.0,17.5
2026-03-29 05:00:00,2026,3,29,5,Hà Nội,Phường Tương Mai,20.9899896,105.8530145,98,Moderate,1,24.8,94,0.1,12.5,135,1005.6,100,29.7,33.5,308.0,24.4,37.0,18.9
2026-03-29 06:00:00,2026,3,29,6,Hà Nội,Phường Tương Mai,20.9899896,105.8530145,97,Moderate,1,24.6,95,0.1,12.9,139,1006.3,100,30.0,33.8,372.0,24.9,35.0,20.8
2026-03-29 07:00:00,2026,3,29,7,Hà Nội,Phường Tương Mai,20.9899896,105.8530145,97,Moderate,1,23.5,99,0.1,8.6,121,1008.1,100,30.6,34.6,416.0,25.5,36.0,21.3
2026-03-29 08:00:00,2026,3,29,8,Hà Nội,Phường Tương Mai,20.9899896,105.8530145,96,Moderate,1,24.2,97,1.4,14.8,106,1008.2,100,28.6,32.8,422.0,24.9,39.0,22.2
2026-03-29 09:00:00,2026,3,29,9,Hà Nội,Phường Tương Mai,20.9899896,105.8530145,95,Moderate,1,24.4,91,5.2,8.2,161,1009.5,96,30.0,34.2,409.0,23.9,44.0,23.5
2026-03-29 10:00:00,2026,3,29,10,Hà Nội,Phường Tương Mai,20.9899896,105.8530145,95,Moderate,1,24.8,90,0.1,21.0,162,1009.5,48,29.6,33.4,391.0,22.1,53.0,24.3
2026-03-29 11:00:00,2026,3,29,11,Hà Nội,Phường Tương Mai,20.9899896,105.8530145,95,Moderate,1,26.7,82,0.0,18.6,168,1008.5,61,35.2,38.0,369.0,18.7,70.0,24.4
2026-03-29 12:00:00,2026,3,29,12,Hà Nội,Phường Tương Mai,20.9899896,105.8530145,95,Moderate,1,28.5,76,0.0,18.0,164,1007.2,28,35.9,38.5,343.0,14.4,90.0,24.1
2026-03-29 13:00:00,2026,3,29,13,Hà Nội,Phường Tương Mai,20.9899896,105.8530145,95,Moderate,1,29.0,72,0.0,17.0,160,1006.0,14,31.1,33.6,328.0,11.4,103.0,23.5
2026-03-29 14:00:00,2026,3,29,14,Hà Nội,Phường Tương Mai,20.9899896,105.8530145,94,Moderate,1,30.0,66,0.0,19.0,170,1004.6,23,27.0,29.4,330.0,10.4,104.0,22.4
2026-03-29 15:00:00,2026,3,29,15,Hà Nội,Phường Tương Mai,20.9899896,105.8530145,93,Moderate,1,30.6,63,0.0,18.7,160,1003.7,20,25.4,27.8,343.0,10.6,99.0,21.0
2026-03-29 16:00:00,2026,3,29,16,Hà Nội,Phường Tương Mai,20.9899896,105.8530145,92,Moderate,1,29.9,66,0.0,20.4,154,1003.0,12,24.0,26.3,370.0,12.1,90.0,20.1
2026-03-29 17:00:00,2026,3,29,17,Hà Nội,Phường Tương Mai,20.9899896,105.8530145,91,Moderate,1,28.6,72,0.0,19.0,147,1002.9,5,22.6,24.7,425.0,15.8,77.0,20.2
2026-03-29 18:00:00,2026,3,29,18,Hà Nội,Phường Tương Mai,20.9899896,105.8530145,90,Moderate,1,27.0,80,0.0,17.0,148,1003.3,2,21.8,23.6,495.0,20.8,61.0,21.0
2026-03-29 19:00:00,2026,3,29,19,Hà Nội,Phường Tương Mai,20.9899896,105.8530145,89,Moderate,1,27.5,81,0.0,21.3,157,1003.5,34,22.1,23.7,536.0,23.9,52.0,21.9
2026-03-29 20:00:00,2026,3,29,20,Hà Nội,Phường Tương Mai,20.9899896,105.8530145,88,Moderate,1,26.7,87,0.0,19.4,158,1004.4,23,24.7,26.4,527.0,24.0,53.0,21.9
2026-03-29 21:00:00,2026,3,29,21,Hà Nội,Phường Tương Mai,20.9899896,105.8530145,88,Moderate,1,26.0,89,0.0,24.7,172,1005.3,55,28.3,30.2,490.0,24.2,56.0,21.9
2026-03-29 22:00:00,2026,3,29,22,Hà Nội,Phường Tương Mai,20.9899896,105.8530145,87,Moderate,1,25.6,93,0.0,17.8,169,1004.9,38,32.0,33.9,451.0,24.1,58.0,21.6
2026-03-29 23:00:00,2026,3,29,23,Hà Nội,Phường Tương Mai,20.9899896,105.8530145,87,Moderate,1,25.6,94,0.0,18.9,166,1004.5,3,35.7,37.7,414.0,23.5,61.0,20.7
2026-03-30 00:00:00,2026,3,30,0,Hà Nội,Phường Tương Mai,20.9899896,105.8530145,87,Moderate,1,25.4,92,0.0,19.9,171,1004.4,24,40.0,42.1,376.0,22.6,65.0,19.6
2026-03-30 01:00:00,2026,3,30,1,Hà Nội,Phường Tương Mai,20.9899896,105.8530145,88,Moderate,1,26.2,94,0.0,8.5,187,1005.0,97,45.2,47.4,348.0,21.9,67.0,18.6
2026-03-30 02:00:00,2026,3,30,2,Hà Nội,Phường Tương Mai,20.9899896,105.8530145,89,Moderate,1,26.0,95,0.0,13.1,171,1004.2,100,49.1,51.3,331.0,21.7,67.0,17.8
2026-03-30 03:00:00,2026,3,30,3,Hà Nội,Phường Tương Mai,20.9899896,105.8530145,90,Moderate,1,26.2,94,0.0,8.2,140,1003.8,100,52.0,54.0,324.0,21.7,65.0,17.3
2026-03-30 04:00:00,2026,3,30,4,Hà Nội,Phường Tương Mai,20.9899896,105.8530145,92,Moderate,1,25.6,98,0.1,8.1,77,1004.2,100,55.4,56.9,344.0,22.0,64.0,17.2
2026-03-30 05:00:00,2026,3,30,5,Hà Nội,Phường Tương Mai,20.9899896,105.8530145,94,Moderate,1,25.0,99,0.1,10.7,98,1004.8,100,57.3,58.8,415.0,23.0,61.0,17.9
2026-03-30 06:00:00,2026,3,30,6,Hà Nội,Phường Tương Mai,20.9899896,105.8530145,97,Moderate,1,25.5,98,0.1,9.4,132,1005.2,100,58.3,59.6,512.0,24.2,59.0,19.1
2026-03-30 07:00:00,2026,3,30,7,Hà Nội,Phường Tương Mai,20.9899896,105.8530145,99,Moderate,1,23.1,97,0.0,11.9,157,1005.9,100,60.5,62.6,572.0,24.5,71.0,21.8
2026-03-30 08:00:00,2026,3,30,8,Hà Nội,Phường Tương Mai,20.9899896,105.8530145,102,Unhealthy for Sensitive Groups,2,24.8,91,0.0,11.2,162,1006.9,100,56.3,57.9,557.0,22.9,85.0,24.9
2026-03-30 09:00:00,2026,3,30,9,Hà Nội,Phường Tương Mai,20.9899896,105.8530145,105,Unhealthy for Sensitive Groups,2,26.6,84,0.0,14.1,161,1007.3,100,55.8,57.0,506.0,20.5,105.0,29.2
2026-03-30 10:00:00,2026,3,30,10,Hà Nội,Phường Tương Mai,20.9899896,105.8530145,108,Unhealthy for Sensitive Groups,2,28.1,77,0.1,15.5,168,1007.2,100,58.4,59.6,466.0,17.8,127.0,32.0
2026-03-30 11:00:00,2026,3,30,11,Hà Nội,Phường Tương Mai,20.9899896,105.8530145,111,Unhealthy for Sensitive Groups,2,30.3,67,0.0,13.0,158,1006.3,2,58.9,60.1,457.0,14.2,153.0,32.1
2026-03-30 12:00:00,2026,3,30,12,Hà Nội,Phường Tương Mai,20.9899896,105.8530145,113,Unhealthy for Sensitive Groups,2,32.2,62,0.0,13.5,157,1004.9,17,58.9,60.1,460.0,10.2,181.0,30.7
2026-03-30 13:00:00,2026,3,30,13,Hà Nội,Phường Tương Mai,20.9899896,105.8530145,116,Unhealthy for Sensitive Groups,2,31.7,61,0.0,11.0,161,1004.2,17,58.9,60.3,470.0,7.8,200.0,29.4
2026-03-30 14:00:00,2026,3,30,14,Hà Nội,Phường Tương Mai,20.9899896,105.8530145,118,Unhealthy for Sensitive Groups,2,32.5,60,0.0,12.8,158,1003.1,9,57.7,59.0,490.0,7.6,206.0,28.5
2026-03-30 15:00:00,2026,3,30,15,Hà Nội,Phường Tương Mai,20.9899896,105.8530145,122,Unhealthy for Sensitive Groups,2,32.6,59,0.0,14.7,155,1002.0,11,55.9,57.4,516.0,9.0,203.0,27.6
2026-03-30 16:00:00,2026,3,30,16,Hà Nội,Phường Tương Mai,20.9899896,105.8530145,135,Unhealthy for Sensitive Groups,2,32.2,61,0.0,17.0,147,1001.4,9,54.8,56.3,540.0,11.6,193.0,26.9
2026-03-30 17:00:00,2026,3,30,17,Hà Nội,Phường Tương Mai,20.9899896,105.8530145,156,Unhealthy,3,30.7,66,0.0,17.4,135,1001.1,10,55.6,56.5,559.0,16.6,174.0,26.5
2026-03-30 18:00:00,2026,3,30,18,Hà Nội,Phường Tương Mai,20.9899896,105.8530145,167,Unhealthy,3,29.0,71,0.0,14.8,143,1001.6,2,54.1,54.8,575.0,22.9,149.0,26.3
2026-03-30 19:00:00,2026,3,30,19,Hà Nội,Phường Tương Mai,20.9899896,105.8530145,170,Unhealthy,3,28.7,74,0.0,9.8,140,1002.5,19,48.2,48.8,580.0,29.0,110.0,26.6
2026-03-30 20:00:00,2026,3,30,20,Hà Nội,Phường Tương Mai,20.9899896,105.8530145,163,Unhealthy,3,27.8,77,0.0,10.2,136,1003.2,2,40.0,41.3,572.0,28.2,102.0,25.2
2026-03-30 21:00:00,2026,3,30,21,Hà Nội,Phường Tương Mai,20.9899896,105.8530145,151,Unhealthy,3,27.1,81,0.0,11.0,138,1004.3,1,32.4,33.8,553.0,27.0,91.0,23.3
2026-03-30 22:00:00,2026,3,30,22,Hà Nội,Phường Tương Mai,20.9899896,105.8530145,140,Unhealthy for Sensitive Groups,2,26.7,81,0.0,13.9,141,1004.7,2,26.6,28.4,520.0,25.7,83.0,21.4
2026-03-30 23:00:00,2026,3,30,23,Hà Nội,Phường Tương Mai,20.9899896,105.8530145,139,Unhealthy for Sensitive Groups,2,26.6,79,0.0,16.9,157,1004.6,0,23.1,25.0,460.0,24.1,81.0,19.6
2026-03-31 00:00:00,2026,3,31,0,Hà Nội,Phường Tương Mai,20.9899896,105.8530145,138,Unhealthy for Sensitive Groups,2,26.3,80,0.0,17.0,160,1004.3,0,20.8,22.7,386.0,22.5,82.0,17.8
2026-03-31 01:00:00,2026,3,31,1,Hà Nội,Phường Tương Mai,20.9899896,105.8530145,136,Unhealthy for Sensitive Groups,2,26.5,84,0.0,13.3,148,1003.8,1,21.0,23.1,331.0,21.5,83.0,16.7
2026-03-31 02:00:00,2026,3,31,2,Hà Nội,Phường Tương Mai,20.9899896,105.8530145,133,Unhealthy for Sensitive Groups,2,26.1,84,0.0,15.4,157,1003.3,0,22.5,24.6,292.0,21.3,83.0,16.3
2026-03-31 03:00:00,2026,3,31,3,Hà Nội,Phường Tương Mai,20.9899896,105.8530145,130,Unhealthy for Sensitive Groups,2,25.9,84,0.0,14.4,160,1003.0,0,24.3,26.5,272.0,21.8,82.0,16.6
2026-03-31 04:00:00,2026,3,31,4,Hà Nội,Phường Tương Mai,20.9899896,105.8530145,127,Unhealthy for Sensitive Groups,2,25.3,86,0.0,13.1,153,1003.0,0,26.8,29.0,313.0,23.3,80.0,17.7
2026-03-31 05:00:00,2026,3,31,5,Hà Nội,Phường Tương Mai,20.9899896,105.8530145,124,Unhealthy for Sensitive Groups,2,24.9,88,0.0,12.7,153,1003.4,0,30.3,32.5,468.0,27.0,71.0,19.7
2026-03-31 06:00:00,2026,3,31,6,Hà Nội,Phường Tương Mai,20.9899896,105.8530145,122,Unhealthy for Sensitive Groups,2,24.5,89,0.0,10.8,156,1004.0,1,36.6,38.5,683.0,31.7,60.0,22.4
2026-03-31 07:00:00,2026,3,31,7,Hà Nội,Phường Tương Mai,20.9899896,105.8530145,119,Unhealthy for Sensitive Groups,2,25.4,88,0.0,9.6,175,1005.0,1,57.0,60.8,838.0,36.8,44.0,26.5
2026-03-31 08:00:00,2026,3,31,8,Hà Nội,Phường Tương Mai,20.9899896,105.8530145,119,Unhealthy for Sensitive Groups,2,27.2,80,0.0,7.1,195,1005.9,2,51.3,55.6,880.0,35.2,63.0,31.2
2026-03-31 09:00:00,2026,3,31,9,Hà Nội,Phường Tương Mai,20.9899896,105.8530145,119,Unhealthy for Sensitive Groups,2,29.0,74,0.0,4.8,200,1006.4,2,55.5,60.1,861.0,32.7,90.0,37.6
2026-03-31 10:00:00,2026,3,31,10,Hà Nội,Phường Tương Mai,20.9899896,105.8530145,118,Unhealthy for Sensitive Groups,2,31.0,67,0.0,4.0,201,1006.2,1,68.7,72.2,815.0,29.2,126.0,42.2
2026-03-31 11:00:00,2026,3,31,11,Hà Nội,Phường Tương Mai,20.9899896,105.8530145,120,Unhealthy for Sensitive Groups,2,33.1,60,0.0,5.0,178,1005.4,0,84.3,86.8,736.0,23.5,177.0,43.4
2026-03-31 12:00:00,2026,3,31,12,Hà Nội,Phường Tương Mai,20.9899896,105.8530145,122,Unhealthy for Sensitive Groups,2,34.8,54,0.0,7.2,179,1004.3,1,94.5,97.3,631.0,16.7,237.0,42.8
2026-03-31 13:00:00,2026,3,31,13,Hà Nội,Phường Tương Mai,20.9899896,105.8530145,126,Unhealthy for Sensitive Groups,2,35.5,51,0.0,6.7,182,1003.1,15,95.7,98.7,552.0,12.0,279.0,41.7
2026-03-31 14:00:00,2026,3,31,14,Hà Nội,Phường Tương Mai,20.9899896,105.8530145,133,Unhealthy for Sensitive Groups,2,36.3,45,0.0,7.0,181,1002.1,23,95.0,98.5,520.0,10.7,296.0,40.0
2026-03-31 15:00:00,2026,3,31,15,Hà Nội,Phường Tương Mai,20.9899896,105.8530145,146,Unhealthy for Sensitive Groups,2,36.2,44,0.1,6.9,141,1001.5,13,90.1,94.1,514.0,11.5,296.0,37.7
2026-03-31 16:00:00,2026,3,31,16,Hà Nội,Phường Tương Mai,20.9899896,105.8530145,187,Unhealthy,3,36.0,45,0.0,8.1,118,1001.3,16,88.7,92.2,524.0,14.0,281.0,36.8
2026-03-31 17:00:00,2026,3,31,17,Hà Nội,Phường Tương Mai,20.9899896,105.8530145,209,Very Unhealthy,4,34.5,47,0.0,8.2,99,1001.9,15,90.3,92.9,559.0,19.4,245.0,38.7
2026-03-31 18:00:00,2026,3,31,18,Hà Nội,Phường Tương Mai,20.9899896,105.8530145,220,Very Unhealthy,4,32.8,54,0.0,12.0,76,1002.4,29,85.4,87.8,609.0,26.5,193.0,41.9
2026-03-31 19:00:00,2026,3,31,19,Hà Nội,Phường Tương Mai,20.9899896,105.8530145,224,Very Unhealthy,4,30.6,61,0.0,9.2,138,1003.0,9,120.1,123.9,634.0,36.1,157.0,41.2
2026-03-31 20:00:00,2026,3,31,20,Hà Nội,Phường Tương Mai,20.9899896,105.8530145,223,Very Unhealthy,4,27.0,77,0.0,27.4,57,1004.8,34,96.9,99.2,611.0,32.0,145.0,37.3
2026-03-31 21:00:00,2026,3,31,21,Hà Nội,Phường Tương Mai,20.9899896,105.8530145,216,Very Unhealthy,4,25.3,78,0.0,19.9,80,1006.0,0,81.5,83.8,563.0,26.3,128.0,31.8
2026-03-31 22:00:00,2026,3,31,22,Hà Nội,Phường Tương Mai,20.9899896,105.8530145,206,Very Unhealthy,4,25.7,78,0.3,19.5,41,1007.8,38,68.0,70.3,517.0,22.1,112.0,27.2
2026-03-31 23:00:00,2026,3,31,23,Hà Nội,Phường Tương Mai,20.9899896,105.8530145,186,Unhealthy,3,25.6,81,0.0,17.2,49,1008.7,59,60.5,63.1,480.0,20.9,100.0,24.5
2026-04-01 00:00:00,2026,4,1,0,Hà Nội,Phường Tương Mai,20.9899896,105.8530145,155,Unhealthy,3,25.0,78,0.0,16.6,56,1008.5,36,60.5,63.1,446.0,21.2,90.0,22.8
2026-04-01 01:00:00,2026,4,1,1,Hà Nội,Phường Tương Mai,20.9899896,105.8530145,156,Unhealthy,3,24.0,92,0.0,7.9,120,1008.8,100,60.3,63.3,421.0,21.5,82.0,21.6
2026-04-01 02:00:00,2026,4,1,2,Hà Nội,Phường Tương Mai,20.9899896,105.8530145,157,Unhealthy,3,24.4,86,0.2,10.1,33,1007.9,72,59.3,62.2,402.0,21.2,76.0,20.9
2026-04-01 03:00:00,2026,4,1,3,Hà Nội,Phường Tương Mai,20.9899896,105.8530145,158,Unhealthy,3,24.1,82,0.1,11.7,9,1008.4,55,57.0,59.8,392.0,20.9,72.0,20.8
2026-04-01 04:00:00,2026,4,1,4,Hà Nội,Phường Tương Mai,20.9899896,105.8530145,158,Unhealthy,3,23.5,79,0.0,13.4,26,1009.0,59,55.2,57.6,410.0,21.6,67.0,21.2
2026-04-01 05:00:00,2026,4,1,5,Hà Nội,Phường Tương Mai,20.9899896,105.8530145,159,Unhealthy,3,23.2,75,0.0,12.3,31,1010.0,100,52.9,54.8,481.0,24.4,59.0,22.4
2026-04-01 06:00:00,2026,4,1,6,Hà Nội,Phường Tương Mai,20.9899896,105.8530145,160,Unhealthy,3,23.6,70,0.0,12.5,41,1010.7,100,51.0,52.5,580.0,28.1,51.0,24.2
2026-04-01 07:00:00,2026,4,1,7,Hà Nội,Phường Tương Mai,20.9899896,105.8530145,160,Unhealthy,3,23.7,74,0.0,11.3,31,1011.0,100,55.2,56.8,644.0,30.7,51.0,27.3
2026-04-01 08:00:00,2026,4,1,8,Hà Nội,Phường Tương Mai,20.9899896,105.8530145,160,Unhealthy,3,24.0,70,0.0,11.3,39,1012.3,100,45.4,46.9,644.0,29.8,54.0,28.1
2026-04-01 09:00:00,2026,4,1,9,Hà Nội,Phường Tương Mai,20.9899896,105.8530145,160,Unhealthy,3,24.6,66,0.0,10.3,52,1012.8,100,39.6,40.7,609.0,28.5,58.0,29.1
2026-04-01 10:00:00,2026,4,1,10,Hà Nội,Phường Tương Mai,20.9899896,105.8530145,159,Unhealthy,3,25.3,63,0.0,9.6,62,1012.8,35,38.1,39.1,571.0,26.7,66.0,29.8
2026-04-01 11:00:00,2026,4,1,11,Hà Nội,Phường Tương Mai,20.9899896,105.8530145,159,Unhealthy,3,26.9,60,0.0,8.5,73,1012.1,27,37.3,38.3,533.0,23.9,80.0,29.6
2026-04-01 12:00:00,2026,4,1,12,Hà Nội,Phường Tương Mai,20.9899896,105.8530145,158,Unhealthy,3,28.2,56,0.0,8.7,98,1010.9,59,39.7,40.9,492.0,20.5,98.0,29.0
2026-04-01 13:00:00,2026,4,1,13,Hà Nội,Phường Tương Mai,20.9899896,105.8530145,156,Unhealthy,3,27.7,60,0.0,6.9,137,1010.2,100,46.0,47.4,466.0,18.1,116.0,28.8
2026-04-01 14:00:00,2026,4,1,14,Hà Nội,Phường Tương Mai,20.9899896,105.8530145,155,Unhealthy,3,27.8,61,0.0,9.1,148,1009.0,99,53.7,55.3,463.0,16.4,136.0,29.3
2026-04-01 15:00:00,2026,4,1,15,Hà Nội,Phường Tương Mai,20.9899896,105.8530145,154,Unhealthy,3,27.1,66,0.0,11.9,149,1008.0,95,61.0,62.9,476.0,15.7,155.0,30.2
2026-04-01 16:00:00,2026,4,1,16,Hà Nội,Phường Tương Mai,20.9899896,105.8530145,154,Unhealthy,3,27.0,67,0.0,11.7,144,1007.3,59,64.0,65.9,503.0,18.1,161.0,31.7
2026-04-01 17:00:00,2026,4,1,17,Hà Nội,Phường Tương Mai,20.9899896,105.8530145,153,Unhealthy,3,26.8,67,0.0,11.1,141,1006.8,60,66.4,68.2,557.0,26.8,142.0,34.6
2026-04-01 18:00:00,2026,4,1,18,Hà Nội,Phường Tương Mai,20.9899896,105.8530145,153,Unhealthy,3,25.9,72,0.0,9.8,144,1007.1,81,82.7,84.1,626.0,38.7,109.0,38.0
2026-04-01 19:00:00,2026,4,1,19,Hà Nội,Phường Tương Mai,20.9899896,105.8530145,153,Unhealthy,3,24.6,75,0.0,12.1,134,1008.6,13,104.3,107.3,669.0,52.2,63.0,39.1
2026-04-01 20:00:00,2026,4,1,20,Hà Nội,Phường Tương Mai,20.9899896,105.8530145,152,Unhealthy,3,23.8,78,0.0,11.8,134,1009.4,4,95.9,98.7,663.0,48.0,64.0,36.4
2026-04-01 21:00:00,2026,4,1,21,Hà Nội,Phường Tương Mai,20.9899896,105.8530145,152,Unhealthy,3,23.1,81,0.0,12.5,141,1010.0,2,90.6,93.6,631.0,42.2,66.0,32.7
2026-04-01 22:00:00,2026,4,1,22,Hà Nội,Phường Tương Mai,20.9899896,105.8530145,152,Unhealthy,3,22.6,84,0.0,10.8,144,1010.8,10,89.6,92.9,606.0,38.3,65.0,29.7
2026-04-01 23:00:00,2026,4,1,23,Hà Nội,Phường Tương Mai,20.9899896,105.8530145,153,Unhealthy,3,22.2,88,0.0,10.9,146,1010.6,2,92.0,95.0,600.0,38.1,60.0,28.1
2026-04-02 00:00:00,2026,4,2,0,Hà Nội,Phường Tương Mai,20.9899896,105.8530145,154,Unhealthy,3,22.0,92,0.0,9.1,146,1010.2,76,93.6,96.9,601.0,39.7,53.0,27.2
2026-04-02 01:00:00,2026,4,2,1,Hà Nội,Phường Tương Mai,20.9899896,105.8530145,154,Unhealthy,3,22.0,94,0.0,7.6,146,1009.8,74,97.6,100.6,598.0,41.1,47.0,26.9
2026-04-02 02:00:00,2026,4,2,2,Hà Nội,Phường Tương Mai,20.9899896,105.8530145,155,Unhealthy,3,22.1,94,0.0,7.6,142,1009.7,73,101.5,104.8,583.0,41.6,43.0,27.0
2026-04-02 03:00:00,2026,4,2,3,Hà Nội,Phường Tương Mai,20.9899896,105.8530145,156,Unhealthy,3,22.0,96,0.0,6.6,135,1009.3,96,103.6,106.6,565.0,41.8,41.0,27.6
2026-04-02 04:00:00,2026,4,2,4,Hà Nội,Phường Tương Mai,20.9899896,105.8530145,157,Unhealthy,3,22.1,95,0.0,7.8,134,1009.1,99,104.8,108.0,558.0,42.2,39.0,29.1
2026-04-02 05:00:00,2026,4,2,5,Hà Nội,Phường Tương Mai,20.9899896,105.8530145,158,Unhealthy,3,22.4,94,0.0,8.2,139,1009.2,100,106.6,109.9,572.0,43.5,37.0,32.2
2026-04-02 06:00:00,2026,4,2,6,Hà Nội,Phường Tương Mai,20.9899896,105.8530145,159,Unhealthy,3,22.5,94,0.0,7.9,139,1009.5,100,110.8,114.3,597.0,44.8,36.0,36.1
2026-04-02 07:00:00,2026,4,2,7,Hà Nội,Phường Tương Mai,20.9899896,105.8530145,161,Unhealthy,3,22.5,92,0.0,8.4,135,1010.0,100,119.7,123.4,615.0,51.3,31.0,41.5
2026-04-02 08:00:00,2026,4,2,8,Hà Nội,Phường Tương Mai,20.9899896,105.8530145,162,Unhealthy,3,23.4,89,0.0,8.3,138,1010.7,100,101.5,106.2,621.0,46.0,45.0,42.3
2026-04-02 09:00:00,2026,4,2,9,Hà Nội,Phường Tương Mai,20.9899896,105.8530145,163,Unhealthy,3,24.2,86,0.0,8.6,149,1010.6,100,91.0,96.2,621.0,38.6,66.0,43.3
2026-04-02 10:00:00,2026,4,2,10,Hà Nội,Phường Tương Mai,20.9899896,105.8530145,164,Unhealthy,3,25.1,82,0.1,9.2,168,1010.6,100,85.7,90.6,611.0,32.1,85.0,43.3
2026-04-02 11:00:00,2026,4,2,11,Hà Nội,Phường Tương Mai,20.9899896,105.8530145,166,Unhealthy,3,26.8,75,0.0,12.2,189,1009.5,100,86.1,90.8,587.0,27.5,100.0,41.6
2026-04-02 12:00:00,2026,4,2,12,Hà Nội,Phường Tương Mai,20.9899896,105.8530145,167,Unhealthy,3,28.1,71,0.0,10.4,178,1008.2,64,85.0,88.9,555.0,23.8,114.0,38.8
2026-04-02 13:00:00,2026,4,2,13,Hà Nội,Phường Tương Mai,20.9899896,105.8530145,168,Unhealthy,3,28.7,68,0.0,10.6,166,1007.1,41,82.4,85.7,527.0,20.6,126.0,35.8
2026-04-02 14:00:00,2026,4,2,14,Hà Nội,Phường Tương Mai,20.9899896,105.8530145,168,Unhealthy,3,30.3,61,0.0,13.2,173,1005.6,88,78.9,82.2,509.0,17.3,138.0,32.4
2026-04-02 15:00:00,2026,4,2,15,Hà Nội,Phường Tương Mai,20.9899896,105.8530145,169,Unhealthy,3,30.3,63,0.0,15.7,171,1004.5,57,72.6,75.7,496.0,14.4,148.0,28.7
2026-04-02 16:00:00,2026,4,2,16,Hà Nội,Phường Tương Mai,20.9899896,105.8530145,169,Unhealthy,3,30.0,65,0.0,16.9,144,1003.6,17,64.0,66.6,489.0,13.5,149.0,25.7
2026-04-02 17:00:00,2026,4,2,17,Hà Nội,Phường Tương Mai,20.9899896,105.8530145,169,Unhealthy,3,29.5,66,0.0,17.3,145,1003.4,13,55.4,57.5,492.0,16.1,132.0,23.7
2026-04-02 18:00:00,2026,4,2,18,Hà Nội,Phường Tương Mai,20.9899896,105.8530145,169,Unhealthy,3,27.1,77,0.0,17.7,145,1004.0,2,45.6,47.4,501.0,20.6,105.0,22.4
2026-04-02 19:00:00,2026,4,2,19,Hà Nội,Phường Tương Mai,20.9899896,105.8530145,168,Unhealthy,3,26.1,81,0.0,16.0,147,1005.3,5,62.9,66.8,503.0,26.0,92.0,23.0
2026-04-02 20:00:00,2026,4,2,20,Hà Nội,Phường Tương Mai,20.9899896,105.8530145,167,Unhealthy,3,25.2,85,0.0,15.2,147,1005.8,9,54.6,57.7,495.0,25.6,87.0,22.6
2026-04-02 21:00:00,2026,4,2,21,Hà Nội,Phường Tương Mai,20.9899896,105.8530145,166,Unhealthy,3,24.7,89,0.0,12.0,148,1006.7,26,49.9,52.9,481.0,25.0,81.0,22.0
2026-04-02 22:00:00,2026,4,2,22,Hà Nội,Phường Tương Mai,20.9899896,105.8530145,165,Unhealthy,3,24.4,92,0.0,9.9,145,1007.2,100,48.9,51.8,461.0,24.2,77.0,21.3
2026-04-02 23:00:00,2026,4,2,23,Hà Nội,Phường Tương Mai,20.9899896,105.8530145,165,Unhealthy,3,24.3,93,0.0,12.6,147,1006.6,2,50.6,53.8,429.0,23.2,78.0,20.5
2026-04-03 00:00:00,2026,4,3,0,Hà Nội,Phường Tương Mai,20.9899896,105.8530145,164,Unhealthy,3,23.9,96,0.0,12.6,152,1005.9,1,53.3,56.8,391.0,22.1,81.0,19.6
2026-04-03 01:00:00,2026,4,3,1,Hà Nội,Phường Tương Mai,20.9899896,105.8530145,163,Unhealthy,3,24.2,97,0.0,13.4,151,1005.4,15,56.9,60.3,361.0,20.7,85.0,18.5
2026-04-03 02:00:00,2026,4,3,2,Hà Nội,Phường Tương Mai,20.9899896,105.8530145,162,Unhealthy,3,24.2,96,0.0,14.1,161,1004.8,66,61.0,63.8,339.0,18.7,91.0,17.0
2026-04-03 03:00:00,2026,4,3,3,Hà Nội,Phường Tương Mai,20.9899896,105.8530145,161,Unhealthy,3,24.3,96,0.0,13.8,169,1004.2,100,63.1,65.9,326.0,16.6,98.0,15.5
2026-04-03 04:00:00,2026,4,3,4,Hà Nội,Phường Tương Mai,20.9899896,105.8530145,160,Unhealthy,3,24.3,95,0.0,13.7,175,1004.0,100,62.6,65.4,336.0,15.5,102.0,14.6
2026-04-03 05:00:00,2026,4,3,5,Hà Nội,Phường Tương Mai,20.9899896,105.8530145,159,Unhealthy,3,24.3,94,0.0,13.5,177,1004.3,100,62.2,64.5,382.0,16.6,98.0,14.9
2026-04-03 06:00:00,2026,4,3,6,Hà Nội,Phường Tương Mai,20.9899896,105.8530145,158,Unhealthy,3,24.4,94,0.0,11.2,177,1004.5,100,64.0,66.1,451.0,18.7,92.0,15.9
2026-04-03 07:00:00,2026,4,3,7,Hà Nội,Phường Tương Mai,20.9899896,105.8530145,157,Unhealthy,3,24.9,95,0.0,7.5,170,1004.9,100,78.2,80.6,519.0,25.8,78.0,23.9
2026-04-03 08:00:00,2026,4,3,8,Hà Nội,Phường Tương Mai,20.9899896,105.8530145,156,Unhealthy,3,25.8,92,0.0,6.8,197,1005.5,100,77.3,80.1,587.0,24.4,87.0,23.6
2026-04-03 09:00:00,2026,4,3,9,Hà Nội,Phường Tương Mai,20.9899896,105.8530145,156,Unhealthy,3,27.0,85,0.0,2.8,225,1005.8,100,82.0,85.0,654.0,22.3,102.0,23.1
2026-04-03 10:00:00,2026,4,3,10,Hà Nội,Phường Tương Mai,20.9899896,105.8530145,156,Unhealthy,3,28.7,76,0.1,2.6,214,1005.8,98,82.0,85.4,692.0,19.6,125.0,23.3
2026-04-03 11:00:00,2026,4,3,11,Hà Nội,Phường Tương Mai,20.9899896,105.8530145,155,Unhealthy,3,30.5,68,0.0,2.0,175,1004.9,16,86.8,91.0,681.0,15.7,164.0,24.5
2026-04-03 12:00:00,2026,4,3,12,Hà Nội,Phường Tương Mai,20.9899896,105.8530145,155,Unhealthy,3,32.0,64,0.0,4.0,108,1003.6,3,95.0,99.9,641.0,11.4,211.0,26.2
2026-04-03 13:00:00,2026,4,3,13,Hà Nội,Phường Tương Mai,20.9899896,105.8530145,156,Unhealthy,3,32.4,63,0.0,2.7,62,1002.2,4,99.7,105.0,608.0,8.6,246.0,27.9
2026-04-03 14:00:00,2026,4,3,14,Hà Nội,Phường Tương Mai,20.9899896,105.8530145,156,Unhealthy,3,33.3,60,0.0,5.6,92,1001.0,8,101.0,106.2,590.0,8.1,264.0,29.4
2026-04-03 15:00:00,2026,4,3,15,Hà Nội,Phường Tương Mai,20.9899896,105.8530145,157,Unhealthy,3,33.0,62,0.0,9.9,102,1000.0,12,100.1,104.8,580.0,9.1,271.0,30.9
2026-04-03 16:00:00,2026,4,3,16,Hà Nội,Phường Tương Mai,20.9899896,105.8530145,172,Unhealthy,3,32.7,63,0.0,9.1,108,999.6,6,96.2,100.1,591.0,12.2,261.0,31.7
2026-04-03 17:00:00,2026,4,3,17,Hà Nội,Phường Tương Mai,20.9899896,105.8530145,200,Unhealthy,3,32.5,65,0.0,7.9,101,999.6,2,94.8,97.3,646.0,18.7,225.0,31.5
2026-04-03 18:00:00,2026,4,3,18,Hà Nội,Phường Tương Mai,20.9899896,105.8530145,208,Very Unhealthy,4,31.2,73,0.0,11.1,117,1000.4,5,90.8,92.7,722.0,27.1,173.0,30.7
2026-04-03 19:00:00,2026,4,3,19,Hà Nội,Phường Tương Mai,20.9899896,105.8530145,211,Very Unhealthy,4,29.2,78,0.0,13.1,111,1001.2,6,132.2,136.0,763.0,35.8,150.0,34.1
2026-04-03 20:00:00,2026,4,3,20,Hà Nội,Phường Tương Mai,20.9899896,105.8530145,210,Very Unhealthy,4,27.9,82,0.0,12.6,103,1002.1,3,108.0,110.4,743.0,34.8,132.0,31.5
2026-04-03 21:00:00,2026,4,3,21,Hà Nội,Phường Tương Mai,20.9899896,105.8530145,205,Very Unhealthy,4,26.7,85,0.0,12.8,99,1002.9,21,87.1,89.6,689.0,33.4,107.0,27.9
2026-04-03 22:00:00,2026,4,3,22,Hà Nội,Phường Tương Mai,20.9899896,105.8530145,190,Unhealthy,3,26.0,86,0.0,12.8,101,1003.3,5,73.8,77.3,626.0,32.6,86.0,24.8
2026-04-03 23:00:00,2026,4,3,23,Hà Nội,Phường Tương Mai,20.9899896,105.8530145,164,Unhealthy,3,25.5,88,0.0,12.2,98,1003.5,0,62.9,67.1,551.0,32.8,75.0,22.9
2026-04-04 00:00:00,2026,4,4,0,Hà Nội,Phường Tương Mai,20.9899896,105.8530145,164,Unhealthy,3,25.0,90,0.0,10.6,93,1003.2,0,52.6,57.2,466.0,33.5,68.0,21.6
2026-04-04 01:00:00,2026,4,4,1,Hà Nội,Phường Tương Mai,20.9899896,105.8530145,164,Unhealthy,3,25.3,92,0.0,6.7,70,1002.8,2,51.8,56.2,406.0,34.0,63.0,20.8
2026-04-04 02:00:00,2026,4,4,2,Hà Nội,Phường Tương Mai,20.9899896,105.8530145,164,Unhealthy,3,25.0,93,0.0,7.0,55,1002.4,9,56.2,60.8,379.0,34.2,58.0,20.4
2026-04-04 03:00:00,2026,4,4,3,Hà Nội,Phường Tương Mai,20.9899896,105.8530145,164,Unhealthy,3,25.1,91,0.0,15.9,37,1002.8,100,58.3,62.4,376.0,34.2,54.0,20.5
2026-04-04 04:00:00,2026,4,4,4,Hà Nội,Phường Tương Mai,20.9899896,105.8530145,164,Unhealthy,3,24.5,81,0.0,17.2,32,1003.3,100,47.5,50.8,404.0,33.8,53.0,20.8
2026-04-04 05:00:00,2026,4,4,5,Hà Nội,Phường Tương Mai,20.9899896,105.8530145,163,Unhealthy,3,24.0,82,0.0,14.3,34,1004.0,100,42.4,45.4,495.0,32.9,55.0,21.5
2026-04-04 06:00:00,2026,4,4,6,Hà Nội,Phường Tương Mai,20.9899896,105.8530145,163,Unhealthy,3,23.9,82,0.0,13.2,34,1004.9,100,45.3,48.3,618.0,31.6,60.0,22.5
2026-04-04 07:00:00,2026,4,4,7,Hà Nội,Phường Tương Mai,20.9899896,105.8530145,162,Unhealthy,3,24.8,81,0.0,14.0,31,1005.9,100,73.3,76.6,686.0,29.6,67.0,28.6
2026-04-04 08:00:00,2026,4,4,8,Hà Nội,Phường Tương Mai,20.9899896,105.8530145,162,Unhealthy,3,25.3,79,0.0,13.6,36,1006.9,100,60.8,63.1,647.0,25.1,79.0,26.8
2026-04-04 09:00:00,2026,4,4,9,Hà Nội,Phường Tương Mai,20.9899896,105.8530145,162,Unhealthy,3,26.3,74,0.0,14.7,47,1007.4,98,48.2,50.1,553.0,18.9,97.0,24.3
2026-04-04 10:00:00,2026,4,4,10,Hà Nội,Phường Tương Mai,20.9899896,105.8530145,161,Unhealthy,3,27.4,68,0.0,12.6,52,1007.3,75,46.4,48.4,481.0,14.0,117.0,22.6
2026-04-04 11:00:00,2026,4,4,11,Hà Nội,Phường Tương Mai,20.9899896,105.8530145,161,Unhealthy,3,29.3,61,0.0,10.3,65,1006.5,45,48.9,51.5,461.0,11.7,140.0,22.4
2026-04-04 12:00:00,2026,4,4,12,Hà Nội,Phường Tương Mai,20.9899896,105.8530145,160,Unhealthy,3,30.2,58,0.0,5.6,75,1005.4,100,56.2,60.3,462.0,10.8,164.0,22.9
2026-04-04 13:00:00,2026,4,4,13,Hà Nội,Phường Tương Mai,20.9899896,105.8530145,159,Unhealthy,3,30.2,57,0.0,0.6,108,1003.8,99,65.7,70.5,466.0,10.5,183.0,23.0
2026-04-04 14:00:00,2026,4,4,14,Hà Nội,Phường Tương Mai,20.9899896,105.8530145,158,Unhealthy,3,31.0,56,0.0,5.6,182,1002.7,89,74.7,80.6,463.0,9.8,195.0,21.7
2026-04-04 15:00:00,2026,4,4,15,Hà Nội,Phường Tương Mai,20.9899896,105.8530145,158,Unhealthy,3,30.5,60,0.0,11.2,161,1002.0,94,82.9,89.4,464.0,9.7,201.0,20.1
2026-04-04 16:00:00,2026,4,4,16,Hà Nội,Phường Tương Mai,20.9899896,105.8530145,157,Unhealthy,3,30.1,60,0.0,12.7,153,1001.5,30,87.5,94.3,482.0,12.2,195.0,19.9
2026-04-04 17:00:00,2026,4,4,17,Hà Nội,Phường Tương Mai,20.9899896,105.8530145,157,Unhealthy,3,30.0,60,0.0,12.7,155,1001.4,25,95.7,101.0,531.0,19.8,167.0,22.8
2026-04-04 18:00:00,2026,4,4,18,Hà Nội,Phường Tương Mai,20.9899896,105.8530145,157,Unhealthy,3,28.2,73,0.0,14.0,134,1001.5,4,95.5,99.2,597.0,30.0,126.0,27.1
2026-04-04 19:00:00,2026,4,4,19,Hà Nội,Phường Tương Mai,20.9899896,105.8530145,157,Unhealthy,3,26.2,80,0.0,12.8,151,1002.6,4,86.6,89.6,648.0,34.9,97.0,28.0
2026-04-04 20:00:00,2026,4,4,20,Hà Nội,Phường Tương Mai,20.9899896,105.8530145,156,Unhealthy,3,25.8,81,0.0,12.7,140,1003.0,5,71.7,74.0,673.0,34.3,90.0,27.5
2026-04-04 21:00:00,2026,4,4,21,Hà Nội,Phường Tương Mai,20.9899896,105.8530145,155,Unhealthy,3,25.2,83,0.0,11.6,145,1003.7,17,65.4,67.5,683.0,33.6,79.0,26.7
2026-04-04 22:00:00,2026,4,4,22,Hà Nội,Phường Tương Mai,20.9899896,105.8530145,155,Unhealthy,3,24.6,86,0.0,10.7,145,1003.9,43,65.7,68.2,683.0,33.2,71.0,26.0
2026-04-04 23:00:00,2026,4,4,23,Hà Nội,Phường Tương Mai,20.9899896,105.8530145,155,Unhealthy,3,24.1,88,0.0,10.3,145,1003.7,75,68.5,71.0,670.0,33.5,66.0,25.4
2026-04-05 00:00:00,2026,4,5,0,Hà Nội,Phường Tương Mai,20.9899896,105.8530145,155,Unhealthy,3,23.8,89,0.0,10.0,139,1003.2,90,71.2,74.0,647.0,34.2,63.0,24.8
2026-04-05 01:00:00,2026,4,5,1,Hà Nội,Phường Tương Mai,20.9899896,105.8530145,155,Unhealthy,3,23.5,90,0.0,10.3,147,1002.7,98,73.8,76.8,620.0,34.7,61.0,24.4
2026-04-05 02:00:00,2026,4,5,2,Hà Nội,Phường Tương Mai,20.9899896,105.8530145,156,Unhealthy,3,23.5,91,0.0,9.3,134,1002.4,98,75.4,78.7,583.0,34.7,59.0,24.1
2026-04-05 03:00:00,2026,4,5,3,Hà Nội,Phường Tương Mai,20.9899896,105.8530145,156,Unhealthy,3,23.3,93,0.0,10.1,136,1001.8,100,77.3,80.8,544.0,34.5,57.0,23.9
2026-04-05 04:00:00,2026,4,5,4,Hà Nội,Phường Tương Mai,20.9899896,105.8530145,156,Unhealthy,3,23.1,95,0.0,9.9,135,1001.8,99,80.1,83.6,526.0,34.8,56.0,24.6
2026-04-05 05:00:00,2026,4,5,5,Hà Nội,Phường Tương Mai,20.9899896,105.8530145,157,Unhealthy,3,23.4,94,0.0,9.7,133,1002.3,100,84.1,87.8,552.0,36.7,54.0,26.8
2026-04-05 06:00:00,2026,4,5,6,Hà Nội,Phường Tương Mai,20.9899896,105.8530145,158,Unhealthy,3,23.6,94,0.0,9.9,134,1002.8,100,92.0,95.9,601.0,39.0,52.0,29.8
2026-04-05 07:00:00,2026,4,5,7,Hà Nội,Phường Tương Mai,20.9899896,105.8530145,159,Unhealthy,3,23.9,91,0.0,9.8,128,1003.7,100,86.8,91.0,634.0,39.1,55.0,33.1
2026-04-05 08:00:00,2026,4,5,8,Hà Nội,Phường Tương Mai,20.9899896,105.8530145,159,Unhealthy,3,24.9,87,0.0,11.2,147,1004.2,100,92.7,97.8,632.0,35.6,65.0,33.0
2026-04-05 09:00:00,2026,4,5,9,Hà Nội,Phường Tương Mai,20.9899896,105.8530145,160,Unhealthy,3,26.1,82,0.1,11.8,172,1004.3,100,100.6,106.4,614.0,30.6,80.0,33.0
2026-04-05 10:00:00,2026,4,5,10,Hà Nội,Phường Tương Mai,20.9899896,105.8530145,161,Unhealthy,3,28.0,74,0.0,11.9,182,1003.9,100,107.3,113.6,597.0,25.6,103.0,33.7
2026-04-05 11:00:00,2026,4,5,11,Hà Nội,Phường Tương Mai,20.9899896,105.8530145,163,Unhealthy,3,29.8,66,0.0,10.6,180,1003.0,23,113.6,120.1,585.0,20.6,142.0,35.8
2026-04-05 12:00:00,2026,4,5,12,Hà Nội,Phường Tương Mai,20.9899896,105.8530145,164,Unhealthy,3,31.9,62,0.0,10.4,166,1001.7,15,117.6,123.9,574.0,15.6,188.0,38.5
2026-04-05 13:00:00,2026,4,5,13,Hà Nội,Phường Tương Mai,20.9899896,105.8530145,165,Unhealthy,3,31.8,60,0.0,10.9,164,1000.9,11,117.6,123.4,570.0,12.4,221.0,40.2
2026-04-05 14:00:00,2026,4,5,14,Hà Nội,Phường Tương Mai,20.9899896,105.8530145,166,Unhealthy,3,32.6,59,0.0,12.4,158,999.7,27,113.2,118.3,573.0,11.7,232.0,40.2
2026-04-05 15:00:00,2026,4,5,15,Hà Nội,Phường Tương Mai,20.9899896,105.8530145,167,Unhealthy,3,33.3,59,0.0,14.0,154,998.7,25,105.9,110.4,582.0,12.9,230.0,39.1
2026-04-05 16:00:00,2026,4,5,16,Hà Nội,Phường Tương Mai,20.9899896,105.8530145,168,Unhealthy,3,32.8,62,0.0,15.5,149,997.8,29,97.6,101.0,604.0,15.3,219.0,37.5
2026-04-05 17:00:00,2026,4,5,17,Hà Nội,Phường Tương Mai,20.9899896,105.8530145,168,Unhealthy,3,31.9,67,0.0,15.0,138,997.8,16,94.1,96.4,654.0,20.0,196.0,35.3
2026-04-05 18:00:00,2026,4,5,18,Hà Nội,Phường Tương Mai,20.9899896,105.8530145,182,Unhealthy,3,30.4,73,0.0,15.8,138,997.9,8,85.9,87.8,716.0,26.0,165.0,32.6
2026-04-05 19:00:00,2026,4,5,19,Hà Nội,Phường Tương Mai,20.9899896,105.8530145,191,Unhealthy,3,28.8,84,0.0,16.3,142,998.5,16,118.0,120.1,745.0,39.8,119.0,40.4
2026-04-05 20:00:00,2026,4,5,20,Hà Nội,Phường Tương Mai,20.9899896,105.8530145,188,Unhealthy,3,27.9,84,0.0,16.0,151,999.2,3,111.1,113.4,710.0,37.4,117.0,36.7
2026-04-05 21:00:00,2026,4,5,21,Hà Nội,Phường Tương Mai,20.9899896,105.8530145,176,Unhealthy,3,27.7,81,0.0,18.1,159,999.9,3,104.3,106.6,643.0,34.0,113.0,31.5
2026-04-05 22:00:00,2026,4,5,22,Hà Nội,Phường Tương Mai,20.9899896,105.8530145,170,Unhealthy,3,27.9,78,0.0,16.9,159,1000.5,13,99.7,102.0,595.0,31.3,108.0,27.2
2026-04-05 23:00:00,2026,4,5,23,Hà Nội,Phường Tương Mai,20.9899896,105.8530145,171,Unhealthy,3,27.6,79,0.0,12.4,152,1000.6,2,96.6,99.2,590.0,29.8,102.0,24.8
2026-04-06 00:00:00,2026,4,6,0,Hà Nội,Phường Tương Mai,20.9899896,105.8530145,172,Unhealthy,3,27.2,80,0.0,11.4,154,1000.2,0,95.2,98.5,603.0,29.1,94.0,23.3
2026-04-06 01:00:00,2026,4,6,1,Hà Nội,Phường Tương Mai,20.9899896,105.8530145,172,Unhealthy,3,26.4,89,0.0,10.5,129,1000.4,68,96.6,101.0,612.0,28.8,87.0,22.5
2026-04-06 02:00:00,2026,4,6,2,Hà Nội,Phường Tương Mai,20.9899896,105.8530145,173,Unhealthy,3,26.2,89,0.0,7.4,141,1000.1,73,100.1,105.5,599.0,28.7,80.0,22.1
2026-04-06 03:00:00,2026,4,6,3,Hà Nội,Phường Tương Mai,20.9899896,105.8530145,173,Unhealthy,3,25.9,90,0.0,5.0,136,1000.2,82,103.6,109.9,583.0,29.2,74.0,22.2
2026-04-06 04:00:00,2026,4,6,4,Hà Nội,Phường Tương Mai,20.9899896,105.8530145,174,Unhealthy,3,25.5,91,0.0,4.7,148,1000.5,45,107.6,114.6,596.0,31.0,67.0,23.3
2026-04-06 05:00:00,2026,4,6,5,Hà Nội,Phường Tương Mai,20.9899896,105.8530145,174,Unhealthy,3,25.0,93,0.0,3.6,183,1001.1,44,112.2,119.7,649.0,36.0,55.0,25.9
2026-04-06 06:00:00,2026,4,6,6,Hà Nội,Phường Tương Mai,20.9899896,105.8530145,175,Unhealthy,3,24.4,96,0.0,2.6,214,1001.6,98,120.1,127.6,731.0,42.4,43.0,29.4
2026-04-06 07:00:00,2026,4,6,7,Hà Nội,Phường Tương Mai,20.9899896,105.8530145,176,Unhealthy,3,25.8,92,0.0,1.7,193,1001.9,98,184.4,190.0,842.0,45.3,31.0,22.6
2026-04-06 08:00:00,2026,4,6,8,Hà Nội,Phường Tương Mai,20.9899896,105.8530145,178,Unhealthy,3,27.5,87,0.0,4.0,240,1002.8,86,179.3,185.3,1038.0,43.2,69.0,28.0
2026-04-06 09:00:00,2026,4,6,9,Hà Nội,Phường Tương Mai,20.9899896,105.8530145,180,Unhealthy,3,29.6,80,0.0,4.6,252,1003.1,95,174.2,182.5,1262.0,40.0,123.0,35.3
2026-04-06 10:00:00,2026,4,6,10,Hà Nội,Phường Tương Mai,20.9899896,105.8530145,181,Unhealthy,3,31.8,72,0.0,4.1,270,1003.0,52,177.4,188.1,1348.0,35.3,179.0,40.5
2026-04-06 11:00:00,2026,4,6,11,Hà Nội,Phường Tương Mai,20.9899896,105.8530145,183,Unhealthy,3,33.9,65,0.0,3.6,225,1002.4,2,174.2,185.8,1165.0,27.4,244.0,41.6
2026-04-06 12:00:00,2026,4,6,12,Hà Nội,Phường Tương Mai,20.9899896,105.8530145,184,Unhealthy,3,36.0,57,0.0,6.8,198,1001.4,2,166.2,178.8,844.0,18.0,310.0,40.4
2026-04-06 13:00:00,2026,4,6,13,Hà Nội,Phường Tương Mai,20.9899896,105.8530145,185,Unhealthy,3,36.7,56,0.0,6.0,170,1000.4,8,148.5,161.6,609.0,11.9,344.0,38.5
2026-04-06 14:00:00,2026,4,6,14,Hà Nội,Phường Tương Mai,20.9899896,105.8530145,186,Unhealthy,3,39.0,35,0.0,9.3,193,999.3,24,136.0,148.5,558.0,11.5,322.0,35.7
2026-04-06 15:00:00,2026,4,6,15,Hà Nội,Phường Tương Mai,20.9899896,105.8530145,196,Unhealthy,3,38.9,34,0.0,12.8,195,998.3,22,121.1,132.2,593.0,14.4,267.0,32.1
2026-04-06 16:00:00,2026,4,6,16,Hà Nội,Phường Tương Mai,20.9899896,105.8530145,214,Very Unhealthy,4,37.0,47,0.0,13.0,181,997.9,2,112.7,120.6,645.0,18.7,214.0,29.8
2026-04-06 17:00:00,2026,4,6,17,Hà Nội,Phường Tương Mai,20.9899896,105.8530145,224,Very Unhealthy,4,35.0,54,0.0,15.5,182,998.0,0,104.8,110.8,714.0,24.8,171.0,30.0
2026-04-06 18:00:00,2026,4,6,18,Hà Nội,Phường Tương Mai,20.9899896,105.8530145,227,Very Unhealthy,4,33.5,54,0.0,18.1,175,998.3,3,92.9,98.0,801.0,32.3,130.0,31.4
2026-04-06 19:00:00,2026,4,6,19,Hà Nội,Phường Tương Mai,20.9899896,105.8530145,224,Very Unhealthy,4,32.2,65,0.0,12.6,163,998.7,2,103.6,111.8,838.0,35.5,113.0,35.9
2026-04-06 20:00:00,2026,4,6,20,Hà Nội,Phường Tương Mai,20.9899896,105.8530145,215,Very Unhealthy,4,31.2,64,0.0,9.3,167,999.3,0,95.2,102.4,779.0,32.5,106.0,33.0
2026-04-06 21:00:00,2026,4,6,21,Hà Nội,Phường Tương Mai,20.9899896,105.8530145,201,Very Unhealthy,4,30.8,62,0.0,11.2,175,1000.3,18,91.3,98.5,670.0,28.4,95.0,29.0
2026-04-06 22:00:00,2026,4,6,22,Hà Nội,Phường Tương Mai,20.9899896,105.8530145,186,Unhealthy,3,30.9,59,0.0,14.5,186,1000.5,1,91.7,99.0,585.0,25.4,86.0,25.5
2026-04-06 23:00:00,2026,4,6,23,Hà Nội,Phường Tương Mai,20.9899896,105.8530145,186,Unhealthy,3,30.4,58,0.0,15.0,190,1000.5,5,94.3,101.7,554.0,24.5,80.0,23.0
2026-04-07 00:00:00,2026,4,7,0,Hà Nội,Phường Tương Mai,20.9899896,105.8530145,186,Unhealthy,3,30.1,57,0.0,14.3,194,1000.1,9,96.2,104.5,547.0,24.8,75.0,21.1
2026-04-07 01:00:00,2026,4,7,1,Hà Nội,Phường Tương Mai,20.9899896,105.8530145,186,Unhealthy,3,29.6,65,0.0,14.3,198,999.8,22,99.0,108.0,543.0,25.5,71.0,19.8
2026-04-07 02:00:00,2026,4,7,2,Hà Nội,Phường Tương Mai,20.9899896,105.8530145,186,Unhealthy,3,29.1,65,0.0,14.3,194,999.5,16,101.5,111.1,511.0,26.3,66.0,19.1
2026-04-07 03:00:00,2026,4,7,3,Hà Nội,Phường Tương Mai,20.9899896,105.8530145,186,Unhealthy,3,29.0,65,0.0,11.7,198,999.3,0,103.1,112.7,483.0,27.6,61.0,19.0
2026-04-07 04:00:00,2026,4,7,4,Hà Nội,Phường Tương Mai,20.9899896,105.8530145,186,Unhealthy,3,28.6,65,0.0,9.7,205,1000.0,2,103.6,112.7,532.0,29.4,57.0,19.6
2026-04-07 05:00:00,2026,4,7,5,Hà Nội,Phường Tương Mai,20.9899896,105.8530145,186,Unhealthy,3,28.0,67,0.0,7.2,199,1000.8,1,104.3,113.2,728.0,32.9,48.0,21.1
2026-04-07 06:00:00,2026,4,7,6,Hà Nội,Phường Tương Mai,20.9899896,105.8530145,186,Unhealthy,3,27.2,71,0.0,5.6,182,1001.4,0,106.2,114.8,1001.0,36.9,39.0,23.3
2026-04-07 07:00:00,2026,4,7,7,Hà Nội,Phường Tương Mai,20.9899896,105.8530145,186,Unhealthy,3,27.8,75,0.0,3.0,166,1002.6,0,136.9,149.0,1213.0,37.8,51.0,26.5
2026-04-07 08:00:00,2026,4,7,8,Hà Nội,Phường Tương Mai,20.9899896,105.8530145,185,Unhealthy,3,29.2,71,0.0,1.4,50,1003.5,0,139.7,150.4,1320.0,34.9,89.0,28.8
2026-04-07 09:00:00,2026,4,7,9,Hà Nội,Phường Tương Mai,20.9899896,105.8530145,184,Unhealthy,3,31.0,67,0.0,1.8,37,1003.8,0,142.0,151.8,1366.0,30.8,141.0,31.9
2026-04-07 10:00:00,2026,4,7,10,Hà Nội,Phường Tương Mai,20.9899896,105.8530145,183,Unhealthy,3,32.9,62,0.0,1.6,360,1004.0,0,142.0,155.1,1347.0,26.1,189.0,33.5
2026-04-07 11:00:00,2026,4,7,11,Hà Nội,Phường Tương Mai,20.9899896,105.8530145,182,Unhealthy,3,34.7,58,0.0,1.5,277,1003.6,0,138.8,154.6,1232.0,19.9,229.0,32.0
2026-04-07 12:00:00,2026,4,7,12,Hà Nội,Phường Tương Mai,20.9899896,105.8530145,182,Unhealthy,3,36.2,52,0.0,2.2,194,1002.8,1,133.2,150.4,1051.0,13.1,264.0,29.1
2026-04-07 13:00:00,2026,4,7,13,Hà Nội,Phường Tương Mai,20.9899896,105.8530145,181,Unhealthy,3,36.5,52,0.0,2.3,157,1001.9,32,124.8,142.0,898.0,9.7,280.0,26.9
2026-04-07 14:00:00,2026,4,7,14,Hà Nội,Phường Tương Mai,20.9899896,105.8530145,180,Unhealthy,3,37.2,49,0.0,7.8,158,1001.0,34,117.3,134.1,787.0,11.7,264.0,26.2
2026-04-07 15:00:00,2026,4,7,15,Hà Nội,Phường Tương Mai,20.9899896,105.8530145,180,Unhealthy,3,37.3,44,0.0,6.8,182,1000.2,19,116.4,130.9,702.0,17.0,229.0,26.3
2026-04-07 16:00:00,2026,4,7,16,Hà Nội,Phường Tương Mai,20.9899896,105.8530145,203,Very Unhealthy,4,37.2,43,0.0,5.0,134,999.7,13,121.1,132.2,690.0,23.0,195.0,27.6
2026-04-07 17:00:00,2026,4,7,17,Hà Nội,Phường Tương Mai,20.9899896,105.8530145,210,Very Unhealthy,4,35.3,55,0.0,7.4,116,999.9,16,123.9,132.2,816.0,30.1,168.0,31.3
2026-04-07 18:00:00,2026,4,7,18,Hà Nội,Phường Tương Mai,20.9899896,105.8530145,212,Very Unhealthy,4,33.3,65,0.0,7.7,162,1000.4,55,118.3,124.8,1013.0,38.0,143.0,36.2
2026-04-07 19:00:00,2026,4,7,19,Hà Nội,Phường Tương Mai,20.9899896,105.8530145,208,Very Unhealthy,4,30.6,74,0.0,4.2,110,1002.4,55,113.6,117.1,1133.0,46.9,133.0,39.2
2026-04-07 20:00:00,2026,4,7,20,Hà Nội,Phường Tương Mai,20.9899896,105.8530145,202,Very Unhealthy,4,30.2,73,0.0,7.1,137,1001.5,38,105.9,108.7,1095.0,46.0,119.0,38.1
2026-04-07 21:00:00,2026,4,7,21,Hà Nội,Phường Tương Mai,20.9899896,105.8530145,182,Unhealthy,3,29.6,71,0.0,10.8,165,1002.2,38,100.1,102.7,979.0,44.8,100.0,36.4
2026-04-07 22:00:00,2026,4,7,22,Hà Nội,Phường Tương Mai,20.9899896,105.8530145,182,Unhealthy,3,28.9,76,0.0,6.6,169,1002.9,5,96.4,99.7,871.0,43.9,82.0,34.4
2026-04-07 23:00:00,2026,4,7,23,Hà Nội,Phường Tương Mai,20.9899896,105.8530145,182,Unhealthy,3,28.8,81,0.0,13.3,148,1002.8,25,94.5,98.5,800.0,43.6,69.0,31.7
2026-04-08 00:00:00,2026,4,8,0,Hà Nội,Phường Tương Mai,20.9899896,105.8530145,182,Unhealthy,3,28.3,80,0.0,11.7,157,1002.9,26,94.3,99.0,737.0,43.6,58.0,28.7
2026-04-08 01:00:00,2026,4,8,1,Hà Nội,Phường Tương Mai,20.9899896,105.8530145,182,Unhealthy,3,28.8,79,0.0,15.5,158,1002.0,98,97.6,102.4,685.0,43.8,49.0,26.3
2026-04-08 02:00:00,2026,4,8,2,Hà Nội,Phường Tương Mai,20.9899896,105.8530145,182,Unhealthy,3,28.8,74,0.0,13.5,142,1001.4,26,101.7,107.1,637.0,44.6,41.0,24.8
2026-04-08 03:00:00,2026,4,8,3,Hà Nội,Phường Tương Mai,20.9899896,105.8530145,182,Unhealthy,3,27.6,77,0.0,10.8,159,1001.4,52,105.2,110.8,600.0,45.7,34.0,23.9
2026-04-08 04:00:00,2026,4,8,4,Hà Nội,Phường Tương Mai,20.9899896,105.8530145,182,Unhealthy,3,27.0,81,0.0,11.7,175,1001.8,25,106.9,112.5,593.0,45.8,31.0,23.7
2026-04-08 05:00:00,2026,4,8,5,Hà Nội,Phường Tương Mai,20.9899896,105.8530145,182,Unhealthy,3,26.4,84,0.0,5.7,131,1002.7,16,107.1,112.7,641.0,44.6,29.0,24.3
2026-04-08 06:00:00,2026,4,8,6,Hà Nội,Phường Tương Mai,20.9899896,105.8530145,182,Unhealthy,3,26.2,85,0.0,6.2,136,1003.4,38,102.7,108.3,719.0,42.4,31.0,25.5
2026-04-08 07:00:00,2026,4,8,7,Hà Nội,Phường Tương Mai,20.9899896,105.8530145,182,Unhealthy,3,27.0,83,0.0,8.5,128,1004.6,18,89.6,93.8,774.0,34.9,51.0,25.0
2026-04-08 08:00:00,2026,4,8,8,Hà Nội,Phường Tương Mai,20.9899896,105.8530145,181,Unhealthy,3,28.5,77,0.0,9.6,139,1005.4,40,88.2,91.7,781.0,31.7,85.0,26.5
2026-04-08 09:00:00,2026,4,8,9,Hà Nội,Phường Tương Mai,20.9899896,105.8530145,180,Unhealthy,3,30.0,72,0.0,7.6,146,1005.7,23,84.1,88.5,763.0,27.0,133.0,28.6
2026-04-08 10:00:00,2026,4,8,10,Hà Nội,Phường Tương Mai,20.9899896,105.8530145,178,Unhealthy,3,31.7,69,0.0,6.3,141,1005.8,0,83.8,88.7,743.0,22.4,177.0,30.1
2026-04-08 11:00:00,2026,4,8,11,Hà Nội,Phường Tương Mai,20.9899896,105.8530145,177,Unhealthy,3,33.2,66,0.0,7.4,137,1005.5,35,82.7,87.5,725.0,17.5,216.0,30.5
2026-04-08 12:00:00,2026,4,8,12,Hà Nội,Phường Tương Mai,20.9899896,105.8530145,176,Unhealthy,3,34.7,63,0.0,10.2,143,1004.3,40,78.9,83.6,704.0,12.5,252.0,30.3
2026-04-08 13:00:00,2026,4,8,13,Hà Nội,Phường Tương Mai,20.9899896,105.8530145,175,Unhealthy,3,34.8,61,0.0,11.8,152,1003.3,44,75.4,79.9,681.0,9.7,271.0,29.9
2026-04-08 14:00:00,2026,4,8,14,Hà Nội,Phường Tương Mai,20.9899896,105.8530145,174,Unhealthy,3,35.0,60,0.0,12.6,155,1002.2,41,71.2,74.7,654.0,10.2,263.0,29.5
2026-04-08 15:00:00,2026,4,8,15,Hà Nội,Phường Tương Mai,20.9899896,105.8530145,173,Unhealthy,3,34.5,62,0.0,13.9,146,1001.5,25,66.1,68.7,627.0,12.8,237.0,28.9
2026-04-08 16:00:00,2026,4,8,16,Hà Nội,Phường Tương Mai,20.9899896,105.8530145,198,Unhealthy,3,33.8,63,0.0,15.8,142,1001.1,17,62.2,63.8,608.0,16.1,209.0,28.2
2026-04-08 17:00:00,2026,4,8,17,Hà Nội,Phường Tương Mai,20.9899896,105.8530145,207,Very Unhealthy,4,32.5,66,0.0,16.9,134,1000.9,7,58.2,59.6,609.0,20.5,180.0,27.5
2026-04-08 18:00:00,2026,4,8,18,Hà Nội,Phường Tương Mai,20.9899896,105.8530145,211,Very Unhealthy,4,30.5,66,0.0,16.5,142,1001.3,2,54.1,55.4,620.0,25.6,149.0,26.6
2026-04-08 19:00:00,2026,4,8,19,Hà Nội,Phường Tương Mai,20.9899896,105.8530145,209,Very Unhealthy,4,29.6,75,0.0,16.8,136,1001.6,2,58.8,60.5,617.0,31.2,124.0,26.2
2026-04-08 20:00:00,2026,4,8,20,Hà Nội,Phường Tương Mai,20.9899896,105.8530145,203,Very Unhealthy,4,28.5,79,0.0,13.6,141,1002.4,5,49.6,51.7,590.0,29.2,118.0,24.2
2026-04-08 21:00:00,2026,4,8,21,Hà Nội,Phường Tương Mai,20.9899896,105.8530145,185,Unhealthy,3,27.8,82,0.0,11.6,136,1003.3,2,44.6,46.7,550.0,26.4,110.0,21.5
2026-04-08 22:00:00,2026,4,8,22,Hà Nội,Phường Tương Mai,20.9899896,105.8530145,164,Unhealthy,3,27.3,82,0.0,11.3,133,1003.7,3,42.7,44.7,509.0,24.1,103.0,19.1
2026-04-08 23:00:00,2026,4,8,23,Hà Nội,Phường Tương Mai,20.9899896,105.8530145,162,Unhealthy,3,27.1,82,0.0,9.5,136,1003.9,3,42.4,44.5,471.0,22.8,100.0,17.5
2026-04-09 00:00:00,2026,4,9,0,Hà Nội,Phường Tương Mai,20.9899896,105.8530145,161,Unhealthy,3,27.0,81,0.0,10.7,150,1003.8,16,41.8,43.9,432.0,22.0,99.0,16.2
2026-04-09 01:00:00,2026,4,9,1,Hà Nội,Phường Tương Mai,20.9899896,105.8530145,160,Unhealthy,3,27.3,83,0.0,13.1,147,1003.4,63,39.1,41.2,394.0,21.1,99.0,15.3
2026-04-09 02:00:00,2026,4,9,2,Hà Nội,Phường Tương Mai,20.9899896,105.8530145,159,Unhealthy,3,27.1,83,0.0,16.6,156,1003.1,23,33.4,35.6,341.0,19.4,102.0,14.5
2026-04-09 03:00:00,2026,4,9,3,Hà Nội,Phường Tương Mai,20.9899896,105.8530145,157,Unhealthy,3,26.6,85,0.0,16.2,161,1002.9,0,28.5,30.6,288.0,17.6,106.0,13.9
2026-04-09 04:00:00,2026,4,9,4,Hà Nội,Phường Tương Mai,20.9899896,105.8530145,156,Unhealthy,3,26.1,87,0.0,15.6,161,1002.9,0,27.2,29.5,285.0,17.1,107.0,14.2
2026-04-09 05:00:00,2026,4,9,5,Hà Nội,Phường Tương Mai,20.9899896,105.8530145,154,Unhealthy,3,25.8,89,0.0,12.5,162,1003.7,0,28.2,30.5,377.0,19.2,99.0,15.5
2026-04-09 06:00:00,2026,4,9,6,Hà Nội,Phường Tương Mai,20.9899896,105.8530145,152,Unhealthy,3,25.4,91,0.0,8.3,164,1004.6,0,30.9,33.2,519.0,22.6,87.0,17.7
2026-04-09 07:00:00,2026,4,9,7,Hà Nội,Phường Tương Mai,20.9899896,105.8530145,151,Unhealthy,3,26.5,90,0.0,5.8,112,1005.5,2,57.9,61.0,625.0,34.2,56.0,23.4
2026-04-09 08:00:00,2026,4,9,8,Hà Nội,Phường Tương Mai,20.9899896,105.8530145,150,Unhealthy for Sensitive Groups,2,28.0,84,0.0,7.4,154,1006.2,41,50.6,55.2,656.0,31.0,76.0,26.5
2026-04-09 09:00:00,2026,4,9,9,Hà Nội,Phường Tương Mai,20.9899896,105.8530145,146,Unhealthy for Sensitive Groups,2,29.6,76,0.0,6.9,208,1006.6,50,50.8,56.7,650.0,26.4,105.0,30.7
2026-04-09 10:00:00,2026,4,9,10,Hà Nội,Phường Tương Mai,20.9899896,105.8530145,142,Unhealthy for Sensitive Groups,2,30.9,72,0.0,3.7,219,1006.5,0,55.8,61.7,640.0,21.7,138.0,33.5
2026-04-09 11:00:00,2026,4,9,11,Hà Nội,Phường Tương Mai,20.9899896,105.8530145,139,Unhealthy for Sensitive Groups,2,32.0,69,0.0,2.9,184,1005.8,0,63.8,68.2,637.0,16.7,178.0,33.7
2026-04-09 12:00:00,2026,4,9,12,Hà Nội,Phường Tương Mai,20.9899896,105.8530145,138,Unhealthy for Sensitive Groups,2,33.2,65,0.0,4.8,160,1005.0,8,67.1,70.5,630.0,11.6,221.0,32.5
2026-04-09 13:00:00,2026,4,9,13,Hà Nội,Phường Tương Mai,20.9899896,105.8530145,136,Unhealthy for Sensitive Groups,2,33.2,64,0.0,4.0,170,1004.1,17,68.5,71.9,616.0,8.5,252.0,31.5
2026-04-09 14:00:00,2026,4,9,14,Hà Nội,Phường Tương Mai,20.9899896,105.8530145,136,Unhealthy for Sensitive Groups,2,34.0,62,0.0,5.7,131,1003.0,13,71.0,74.5,574.0,8.2,264.0,31.5
2026-04-09 15:00:00,2026,4,9,15,Hà Nội,Phường Tương Mai,20.9899896,105.8530145,141,Unhealthy for Sensitive Groups,2,33.8,63,0.0,11.3,129,1002.2,15,72.2,75.4,525.0,9.8,263.0,31.7
2026-04-09 16:00:00,2026,4,9,16,Hà Nội,Phường Tương Mai,20.9899896,105.8530145,176,Unhealthy,3,33.4,64,0.0,10.2,131,1001.7,4,71.0,73.6,535.0,13.0,249.0,31.4
2026-04-09 17:00:00,2026,4,9,17,Hà Nội,Phường Tương Mai,20.9899896,105.8530145,202,Very Unhealthy,4,32.5,70,0.0,12.0,131,1001.4,9,70.3,71.9,673.0,18.9,216.0,30.2
2026-04-09 18:00:00,2026,4,9,18,Hà Nội,Phường Tương Mai,20.9899896,105.8530145,209,Very Unhealthy,4,30.9,76,0.0,10.0,118,1001.6,42,65.0,66.1,868.0,26.3,170.0,28.5
2026-04-09 19:00:00,2026,4,9,19,Hà Nội,Phường Tương Mai,20.9899896,105.8530145,211,Very Unhealthy,4,30.0,82,0.0,14.3,132,1002.3,9,60.5,62.6,976.0,30.3,120.0,24.5
2026-04-09 20:00:00,2026,4,9,20,Hà Nội,Phường Tương Mai,20.9899896,105.8530145,207,Very Unhealthy,4,29.2,82,0.0,14.9,135,1002.8,1,58.7,60.8,908.0,30.0,111.0,23.7
2026-04-09 21:00:00,2026,4,9,21,Hà Nội,Phường Tương Mai,20.9899896,105.8530145,200,Unhealthy,3,28.3,80,0.0,14.8,139,1003.6,1,56.3,58.9,753.0,29.7,98.0,22.5
2026-04-09 22:00:00,2026,4,9,22,Hà Nội,Phường Tương Mai,20.9899896,105.8530145,175,Unhealthy,3,27.6,81,0.0,12.2,139,1004.2,5,52.2,55.4,625.0,29.3,88.0,21.3
2026-04-09 23:00:00,2026,4,9,23,Hà Nội,Phường Tương Mai,20.9899896,105.8530145,146,Unhealthy for Sensitive Groups,2,27.0,83,0.0,11.6,145,1004.3,1,49.6,52.9,570.0,28.6,85.0,20.1
2026-04-10 00:00:00,2026,4,10,0,Hà Nội,Phường Tương Mai,20.9899896,105.8530145,144,Unhealthy for Sensitive Groups,2,26.8,83,0.0,11.3,143,1003.8,0,48.8,52.0,543.0,27.9,84.0,18.9
2026-04-10 01:00:00,2026,4,10,1,Hà Nội,Phường Tương Mai,20.9899896,105.8530145,144,Unhealthy for Sensitive Groups,2,26.7,87,0.0,10.7,131,1003.2,0,50.4,53.7,525.0,28.1,82.0,18.3
2026-04-10 02:00:00,2026,4,10,2,Hà Nội,Phường Tương Mai,20.9899896,105.8530145,145,Unhealthy for Sensitive Groups,2,26.5,87,0.0,11.4,143,1002.5,0,53.1,56.3,497.0,29.8,76.0,18.4
2026-04-10 03:00:00,2026,4,10,3,Hà Nội,Phường Tương Mai,20.9899896,105.8530145,148,Unhealthy for Sensitive Groups,2,26.2,88,0.0,11.1,155,1002.1,0,57.7,61.0,479.0,32.4,68.0,19.0
2026-04-10 04:00:00,2026,4,10,4,Hà Nội,Phường Tương Mai,20.9899896,105.8530145,150,Unhealthy for Sensitive Groups,2,25.8,88,0.0,9.2,159,1002.3,0,63.8,67.3,512.0,34.8,62.0,20.2
2026-04-10 05:00:00,2026,4,10,5,Hà Nội,Phường Tương Mai,20.9899896,105.8530145,151,Unhealthy,3,25.3,89,0.0,5.7,162,1003.0,0,71.5,75.2,651.0,37.4,52.0,22.1
2026-04-10 06:00:00,2026,4,10,6,Hà Nội,Phường Tương Mai,20.9899896,105.8530145,152,Unhealthy,3,25.1,88,0.0,7.1,153,1003.8,0,80.1,83.8,842.0,39.9,44.0,24.7
2026-04-10 07:00:00,2026,4,10,7,Hà Nội,Phường Tương Mai,20.9899896,105.8530145,153,Unhealthy,3,26.0,93,0.0,7.8,134,1004.2,0,114.6,118.3,965.0,46.7,42.0,29.7
2026-04-10 08:00:00,2026,4,10,8,Hà Nội,Phường Tương Mai,20.9899896,105.8530145,154,Unhealthy,3,27.8,86,0.0,7.3,144,1005.0,0,107.8,110.8,957.0,41.5,87.0,33.8
2026-04-10 09:00:00,2026,4,10,9,Hà Nội,Phường Tương Mai,20.9899896,105.8530145,155,Unhealthy,3,29.5,80,0.0,5.7,143,1005.3,0,108.7,111.5,880.0,34.0,150.0,39.2
2026-04-10 10:00:00,2026,4,10,10,Hà Nội,Phường Tương Mai,20.9899896,105.8530145,157,Unhealthy,3,31.5,74,0.0,5.0,136,1005.4,0,114.6,117.8,808.0,26.8,207.0,42.3
2026-04-10 11:00:00,2026,4,10,11,Hà Nội,Phường Tương Mai,20.9899896,105.8530145,158,Unhealthy,3,33.2,70,0.0,5.9,137,1004.7,0,118.0,121.5,761.0,19.8,256.0,40.8
2026-04-10 12:00:00,2026,4,10,12,Hà Nội,Phường Tương Mai,20.9899896,105.8530145,159,Unhealthy,3,34.7,65,0.0,6.4,144,1003.7,1,108.0,111.5,717.0,13.1,299.0,36.9
2026-04-10 13:00:00,2026,4,10,13,Hà Nội,Phường Tương Mai,20.9899896,105.8530145,160,Unhealthy,3,34.8,61,0.0,6.4,128,1002.7,5,98.7,102.0,684.0,9.1,319.0,33.2
2026-04-10 14:00:00,2026,4,10,14,Hà Nội,Phường Tương Mai,20.9899896,105.8530145,161,Unhealthy,3,35.4,59,0.0,9.0,134,1001.3,8,89.9,92.7,666.0,9.3,304.0,30.4
2026-04-10 15:00:00,2026,4,10,15,Hà Nội,Phường Tương Mai,20.9899896,105.8530145,201,Very Unhealthy,4,35.0,62,0.0,13.2,128,1000.4,19,81.3,83.4,660.0,12.1,266.0,27.8
2026-04-10 16:00:00,2026,4,10,16,Hà Nội,Phường Tương Mai,20.9899896,105.8530145,216,Very Unhealthy,4,33.9,67,0.0,15.7,128,999.7,2,76.8,78.2,660.0,15.5,228.0,25.7
2026-04-10 17:00:00,2026,4,10,17,Hà Nội,Phường Tương Mai,20.9899896,105.8530145,226,Very Unhealthy,4,32.8,68,0.0,13.8,125,999.1,2,71.7,72.6,664.0,19.5,196.0,24.3
2026-04-10 18:00:00,2026,4,10,18,Hà Nội,Phường Tương Mai,20.9899896,105.8530145,229,Very Unhealthy,4,30.9,71,0.0,9.7,130,999.7,1,61.2,62.2,674.0,24.0,164.0,23.5
2026-04-10 19:00:00,2026,4,10,19,Hà Nội,Phường Tương Mai,20.9899896,105.8530145,226,Very Unhealthy,4,30.1,82,0.0,9.0,57,1000.8,1,88.9,90.3,696.0,30.2,157.0,25.1
2026-04-10 20:00:00,2026,4,10,20,Hà Nội,Phường Tương Mai,20.9899896,105.8530145,219,Very Unhealthy,4,28.9,85,0.0,10.5,68,1001.4,0,74.3,75.4,746.0,28.4,148.0,23.5
2026-04-10 21:00:00,2026,4,10,21,Hà Nội,Phường Tương Mai,20.9899896,105.8530145,209,Very Unhealthy,4,28.0,83,0.0,11.0,89,1001.7,2,65.2,66.4,809.0,26.1,136.0,21.3
2026-04-10 22:00:00,2026,4,10,22,Hà Nội,Phường Tương Mai,20.9899896,105.8530145,192,Unhealthy,3,27.2,82,0.0,10.4,98,1002.1,0,59.8,61.2,836.0,25.3,123.0,19.9
2026-04-10 23:00:00,2026,4,10,23,Hà Nội,Phường Tương Mai,20.9899896,105.8530145,164,Unhealthy,3,27.2,74,0.0,10.9,126,1001.8,1,59.6,60.8,791.0,26.4,111.0,19.9
2026-04-11 00:00:00,2026,4,11,0,Hà Nội,Phường Tương Mai,20.9899896,105.8530145,163,Unhealthy,3,26.8,72,0.0,6.5,172,1001.6,3,63.6,64.7,712.0,29.0,99.0,20.6
2026-04-11 01:00:00,2026,4,11,1,Hà Nội,Phường Tương Mai,20.9899896,105.8530145,163,Unhealthy,3,26.4,84,0.0,0.5,135,1001.5,0,74.5,75.9,665.0,33.5,85.0,21.7
2026-04-11 02:00:00,2026,4,11,2,Hà Nội,Phường Tương Mai,20.9899896,105.8530145,164,Unhealthy,3,25.9,86,0.0,0.3,135,1001.1,0,90.1,92.9,671.0,41.7,67.0,23.0
2026-04-11 03:00:00,2026,4,11,3,Hà Nội,Phường Tương Mai,20.9899896,105.8530145,165,Unhealthy,3,25.5,89,0.0,1.5,69,1000.9,0,106.2,110.4,710.0,51.8,48.0,24.7
2026-04-11 04:00:00,2026,4,11,4,Hà Nội,Phường Tương Mai,20.9899896,105.8530145,166,Unhealthy,3,25.1,89,0.0,3.9,133,1001.4,0,117.8,122.0,787.0,58.9,35.0,26.6
2026-04-11 05:00:00,2026,4,11,5,Hà Nội,Phường Tương Mai,20.9899896,105.8530145,167,Unhealthy,3,24.6,88,0.0,6.2,154,1001.9,0,124.8,129.5,934.0,61.5,27.0,28.7
2026-04-11 06:00:00,2026,4,11,6,Hà Nội,Phường Tương Mai,20.9899896,105.8530145,168,Unhealthy,3,24.5,87,0.0,7.1,174,1002.5,0,131.3,135.5,1120.0,61.2,26.0,31.0
2026-04-11 07:00:00,2026,4,11,7,Hà Nội,Phường Tương Mai,20.9899896,105.8530145,169,Unhealthy,3,26.0,82,0.0,6.0,190,1003.1,0,151.8,156.0,1257.0,60.7,39.0,34.7
2026-04-11 08:00:00,2026,4,11,8,Hà Nội,Phường Tương Mai,20.9899896,105.8530145,170,Unhealthy,3,28.4,78,0.0,3.4,186,1003.6,1,125.7,130.9,1322.0,51.8,87.0,37.5
2026-04-11 09:00:00,2026,4,11,9,Hà Nội,Phường Tương Mai,20.9899896,105.8530145,170,Unhealthy,3,30.5,73,0.0,1.3,214,1003.8,0,112.7,116.2,1339.0,39.4,153.0,41.2
2026-04-11 10:00:00,2026,4,11,10,Hà Nội,Phường Tương Mai,20.9899896,105.8530145,170,Unhealthy,3,32.3,68,0.0,1.0,112,1003.7,1,106.2,108.3,1292.0,28.5,210.0,42.7
2026-04-11 11:00:00,2026,4,11,11,Hà Nội,Phường Tương Mai,20.9899896,105.8530145,170,Unhealthy,3,34.0,63,0.0,2.4,117,1002.9,1,99.9,102.0,1138.0,20.5,251.0,40.3
2026-04-11 12:00:00,2026,4,11,12,Hà Nội,Phường Tương Mai,20.9899896,105.8530145,170,Unhealthy,3,35.2,60,0.0,3.9,167,1001.8,22,91.0,93.1,921.0,14.1,283.0,35.7
2026-04-11 13:00:00,2026,4,11,13,Hà Nội,Phường Tương Mai,20.9899896,105.8530145,170,Unhealthy,3,36.2,46,0.0,5.4,182,1000.3,20,82.0,84.5,758.0,10.5,293.0,31.4
2026-04-11 14:00:00,2026,4,11,14,Hà Nội,Phường Tương Mai,20.9899896,105.8530145,169,Unhealthy,3,36.7,45,0.0,6.1,168,999.1,34,69.6,72.4,700.0,10.8,270.0,27.9
2026-04-11 15:00:00,2026,4,11,15,Hà Nội,Phường Tương Mai,20.9899896,105.8530145,190,Unhealthy,3,37.5,37,0.0,8.2,165,997.8,16,63.8,66.4,697.0,14.0,226.0,24.6
2026-04-11 16:00:00,2026,4,11,16,Hà Nội,Phường Tương Mai,20.9899896,105.8530145,208,Very Unhealthy,4,36.2,49,0.0,9.7,140,996.9,13,64.3,66.1,710.0,18.4,187.0,22.9
2026-04-11 17:00:00,2026,4,11,17,Hà Nội,Phường Tương Mai,20.9899896,105.8530145,215,Very Unhealthy,4,34.0,57,0.0,18.1,153,996.9,27,68.9,70.1,737.0,24.8,162.0,23.8
2026-04-11 18:00:00,2026,4,11,18,Hà Nội,Phường Tương Mai,20.9899896,105.8530145,216,Very Unhealthy,4,32.2,55,0.0,14.0,152,997.1,5,67.3,68.0,780.0,32.4,142.0,26.2
2026-04-11 19:00:00,2026,4,11,19,Hà Nội,Phường Tương Mai,20.9899896,105.8530145,211,Very Unhealthy,4,31.0,72,0.0,6.7,92,998.4,8,125.7,128.5,811.0,47.1,109.0,30.9
2026-04-11 20:00:00,2026,4,11,20,Hà Nội,Phường Tương Mai,20.9899896,105.8530145,202,Very Unhealthy,4,30.1,68,0.0,8.3,129,999.2,3,109.9,111.8,798.0,42.3,108.0,29.4
2026-04-11 21:00:00,2026,4,11,21,Hà Nội,Phường Tương Mai,20.9899896,105.8530145,176,Unhealthy,3,29.0,60,0.0,10.2,144,1000.0,1,91.7,93.1,773.0,35.8,107.0,27.3
2026-04-11 22:00:00,2026,4,11,22,Hà Nội,Phường Tương Mai,20.9899896,105.8530145,170,Unhealthy,3,28.1,58,0.0,7.9,156,1000.6,0,84.8,86.4,798.0,32.1,102.0,25.9
2026-04-11 23:00:00,2026,4,11,23,Hà Nội,Phường Tương Mai,20.9899896,105.8530145,171,Unhealthy,3,27.1,64,0.0,5.2,166,1000.8,0,87.3,89.6,942.0,33.7,93.0,25.9
2026-04-12 00:00:00,2026,4,12,0,Hà Nội,Phường Tương Mai,20.9899896,105.8530145,171,Unhealthy,3,27.0,68,0.0,1.4,140,1000.5,0,94.8,97.8,1137.0,38.1,80.0,26.5
2026-04-12 01:00:00,2026,4,12,1,Hà Nội,Phường Tương Mai,20.9899896,105.8530145,172,Unhealthy,3,26.5,74,0.0,3.5,141,999.9,1,105.2,109.7,1239.0,42.4,68.0,26.7
2026-04-12 02:00:00,2026,4,12,2,Hà Nội,Phường Tương Mai,20.9899896,105.8530145,173,Unhealthy,3,25.7,76,0.0,7.4,124,999.5,2,116.4,121.5,1131.0,46.4,56.0,25.7
2026-04-12 03:00:00,2026,4,12,3,Hà Nội,Phường Tương Mai,20.9899896,105.8530145,173,Unhealthy,3,25.0,78,0.0,6.0,123,999.4,4,123.9,129.0,931.0,50.3,44.0,24.3
2026-04-12 04:00:00,2026,4,12,4,Hà Nội,Phường Tương Mai,20.9899896,105.8530145,174,Unhealthy,3,24.9,77,0.0,7.3,142,999.7,1,126.7,131.8,843.0,52.4,38.0,23.6
2026-04-12 05:00:00,2026,4,12,5,Hà Nội,Phường Tương Mai,20.9899896,105.8530145,174,Unhealthy,3,24.5,79,0.0,1.5,135,1000.5,0,124.3,129.9,1000.0,52.1,35.0,24.2
2026-04-12 06:00:00,2026,4,12,6,Hà Nội,Phường Tương Mai,20.9899896,105.8530145,174,Unhealthy,3,24.1,81,0.0,6.2,41,1001.4,0,121.1,126.2,1270.0,50.0,38.0,25.5
2026-04-12 07:00:00,2026,4,12,7,Hà Nội,Phường Tương Mai,20.9899896,105.8530145,174,Unhealthy,3,25.9,76,0.0,3.8,59,1001.8,0,143.9,149.0,1460.0,45.5,57.0,26.9
2026-04-12 08:00:00,2026,4,12,8,Hà Nội,Phường Tương Mai,20.9899896,105.8530145,174,Unhealthy,3,27.5,72,0.0,4.5,106,1002.2,0,137.4,142.0,1479.0,39.6,105.0,29.1
2026-04-12 09:00:00,2026,4,12,9,Hà Nội,Phường Tương Mai,20.9899896,105.8530145,174,Unhealthy,3,29.6,68,0.0,3.1,121,1002.7,0,128.5,132.2,1418.0,31.3,172.0,32.1
2026-04-12 10:00:00,2026,4,12,10,Hà Nội,Phường Tương Mai,20.9899896,105.8530145,174,Unhealthy,3,31.6,65,0.0,0.9,217,1003.0,0,125.7,129.5,1359.0,24.0,231.0,34.0
2026-04-12 11:00:00,2026,4,12,11,Hà Nội,Phường Tương Mai,20.9899896,105.8530145,175,Unhealthy,3,33.7,60,0.0,0.4,243,1002.3,2,123.4,128.1,1335.0,18.4,277.0,33.9
2026-04-12 12:00:00,2026,4,12,12,Hà Nội,Phường Tương Mai,20.9899896,105.8530145,175,Unhealthy,3,35.5,54,0.0,1.0,225,1001.5,8,115.5,122.0,1312.0,13.7,314.0,32.6
2026-04-12 13:00:00,2026,4,12,13,Hà Nội,Phường Tương Mai,20.9899896,105.8530145,176,Unhealthy,3,35.9,49,0.0,2.2,95,1000.3,14,111.5,120.1,1274.0,11.0,330.0,30.6
2026-04-12 14:00:00,2026,4,12,14,Hà Nội,Phường Tương Mai,20.9899896,105.8530145,180,Unhealthy,3,36.2,50,0.0,4.0,100,999.2,5,99.4,110.1,1194.0,10.3,315.0,27.2
2026-04-12 15:00:00,2026,4,12,15,Hà Nội,Phường Tương Mai,20.9899896,105.8530145,210,Very Unhealthy,4,36.0,52,0.0,6.9,95,998.7,0,92.4,103.8,1098.0,11.6,278.0,23.1
2026-04-12 16:00:00,2026,4,12,16,Hà Nội,Phường Tương Mai,20.9899896,105.8530145,225,Very Unhealthy,4,34.8,56,0.0,11.2,84,998.4,1,89.2,101.5,1046.0,15.9,239.0,21.3
2026-04-12 17:00:00,2026,4,12,17,Hà Nội,Phường Tương Mai,20.9899896,105.8530145,234,Very Unhealthy,4,33.5,62,0.0,10.7,82,998.3,0,101.7,110.1,1100.0,26.5,198.0,24.3
2026-04-12 18:00:00,2026,4,12,18,Hà Nội,Phường Tương Mai,20.9899896,105.8530145,236,Very Unhealthy,4,32.2,67,0.0,12.7,135,998.9,0,110.6,115.5,1197.0,40.2,154.0,29.6
2026-04-12 19:00:00,2026,4,12,19,Hà Nội,Phường Tương Mai,20.9899896,105.8530145,231,Very Unhealthy,4,30.8,75,0.0,9.8,137,999.7,0,133.2,139.2,1213.0,46.3,133.0,32.7
2026-04-12 20:00:00,2026,4,12,20,Hà Nội,Phường Tương Mai,20.9899896,105.8530145,221,Very Unhealthy,4,29.5,78,0.0,10.8,144,1000.6,0,103.6,107.3,1062.0,40.7,127.0,29.3
2026-04-12 21:00:00,2026,4,12,21,Hà Nội,Phường Tương Mai,20.9899896,105.8530145,209,Very Unhealthy,4,28.5,76,0.0,11.0,142,1001.5,0,81.0,84.3,829.0,32.8,119.0,24.6
2026-04-12 22:00:00,2026,4,12,22,Hà Nội,Phường Tương Mai,20.9899896,105.8530145,187,Unhealthy,3,27.7,76,0.0,11.1,144,1002.0,0,63.3,65.7,643.0,26.7,113.0,20.7
2026-04-12 23:00:00,2026,4,12,23,Hà Nội,Phường Tương Mai,20.9899896,105.8530145,179,Unhealthy,3,27.1,79,0.0,8.4,145,1002.1,0,51.6,53.6,558.0,23.8,113.0,18.4
2026-04-13 00:00:00,2026,4,13,0,Hà Nội,Phường Tương Mai,20.9899896,105.8530145,178,Unhealthy,3,26.9,80,0.0,9.9,143,1001.6,0,46.2,48.1,519.0,22.5,116.0,17.0
2026-04-13 01:00:00,2026,4,13,1,Hà Nội,Phường Tương Mai,20.9899896,105.8530145,177,Unhealthy,3,26.9,84,0.0,11.5,139,1001.4,0,45.1,47.0,494.0,22.2,116.0,16.2
2026-04-13 02:00:00,2026,4,13,2,Hà Nội,Phường Tương Mai,20.9899896,105.8530145,176,Unhealthy,3,26.5,87,0.0,11.9,142,1001.2,0,45.4,47.7,453.0,22.3,112.0,15.8
2026-04-13 03:00:00,2026,4,13,3,Hà Nội,Phường Tương Mai,20.9899896,105.8530145,174,Unhealthy,3,26.0,89,0.0,9.9,147,1001.3,0,47.0,49.6,426.0,23.3,104.0,16.0
2026-04-13 04:00:00,2026,4,13,4,Hà Nội,Phường Tương Mai,20.9899896,105.8530145,173,Unhealthy,3,25.6,91,0.0,7.9,139,1001.7,0,51.5,54.4,464.0,25.8,96.0,17.2
2026-04-13 05:00:00,2026,4,13,5,Hà Nội,Phường Tương Mai,20.9899896,105.8530145,171,Unhealthy,3,25.5,92,0.0,7.6,135,1002.7,0,59.6,63.1,635.0,31.8,80.0,19.6
2026-04-13 06:00:00,2026,4,13,6,Hà Nội,Phường Tương Mai,20.9899896,105.8530145,170,Unhealthy,3,25.2,93,0.0,7.2,129,1003.6,0,71.5,75.2,872.0,39.2,63.0,23.0
2026-04-13 07:00:00,2026,4,13,7,Hà Nội,Phường Tương Mai,20.9899896,105.8530145,169,Unhealthy,3,26.6,92,0.0,5.4,127,1005.0,0,111.3,116.2,1026.0,51.6,53.0,29.9
2026-04-13 08:00:00,2026,4,13,8,Hà Nội,Phường Tương Mai,20.9899896,105.8530145,168,Unhealthy,3,28.1,87,0.0,3.2,137,1005.7,1,91.3,97.1,1009.0,45.5,84.0,33.4
2026-04-13 09:00:00,2026,4,13,9,Hà Nội,Phường Tương Mai,20.9899896,105.8530145,167,Unhealthy,3,29.6,81,0.0,4.1,142,1006.1,32,85.4,92.0,909.0,37.0,129.0,38.2
2026-04-13 10:00:00,2026,4,13,10,Hà Nội,Phường Tương Mai,20.9899896,105.8530145,166,Unhealthy,3,31.0,78,0.0,3.7,166,1006.1,5,92.9,99.7,839.0,28.9,177.0,41.4
2026-04-13 11:00:00,2026,4,13,11,Hà Nội,Phường Tương Mai,20.9899896,105.8530145,165,Unhealthy,3,32.5,73,0.0,4.3,152,1005.5,0,109.2,114.1,864.0,21.6,233.0,41.6
2026-04-13 12:00:00,2026,4,13,12,Hà Nội,Phường Tương Mai,20.9899896,105.8530145,165,Unhealthy,3,33.8,69,0.0,6.9,147,1004.7,3,112.5,117.8,918.0,14.9,291.0,40.1
2026-04-13 13:00:00,2026,4,13,13,Hà Nội,Phường Tương Mai,20.9899896,105.8530145,165,Unhealthy,3,33.7,67,0.0,10.0,144,1003.7,9,102.0,107.3,917.0,10.7,325.0,38.1
2026-04-13 14:00:00,2026,4,13,14,Hà Nội,Phường Tương Mai,20.9899896,105.8530145,165,Unhealthy,3,34.0,65,0.0,11.9,148,1002.5,14,94.3,99.2,791.0,10.3,319.0,35.8
2026-04-13 15:00:00,2026,4,13,15,Hà Nội,Phường Tương Mai,20.9899896,105.8530145,194,Unhealthy,3,33.8,64,0.0,14.5,145,1001.8,5,84.5,88.0,610.0,12.6,288.0,33.0
2026-04-13 16:00:00,2026,4,13,16,Hà Nội,Phường Tương Mai,20.9899896,105.8530145,213,Very Unhealthy,4,33.0,65,0.0,15.8,143,1001.4,2,74.3,76.1,503.0,16.1,251.0,30.6
2026-04-13 17:00:00,2026,4,13,17,Hà Nội,Phường Tương Mai,20.9899896,105.8530145,225,Very Unhealthy,4,32.0,70,0.0,13.6,129,1001.2,2,67.1,68.7,553.0,21.6,209.0,28.8
2026-04-13 18:00:00,2026,4,13,18,Hà Nội,Phường Tương Mai,20.9899896,105.8530145,230,Very Unhealthy,4,30.4,75,0.0,11.7,115,1001.8,2,62.4,64.0,677.0,28.4,161.0,27.4
2026-04-13 19:00:00,2026,4,13,19,Hà Nội,Phường Tương Mai,20.9899896,105.8530145,229,Very Unhealthy,4,29.5,84,0.0,9.0,105,1002.9,0,76.8,79.2,759.0,33.3,134.0,25.9
2026-04-13 20:00:00,2026,4,13,20,Hà Nội,Phường Tương Mai,20.9899896,105.8530145,222,Very Unhealthy,4,28.5,88,0.0,9.5,100,1003.5,0,72.9,75.9,748.0,33.1,122.0,25.3
2026-04-13 21:00:00,2026,4,13,21,Hà Nội,Phường Tương Mai,20.9899896,105.8530145,211,Very Unhealthy,4,27.7,90,0.0,10.1,117,1004.4,1,70.1,73.6,695.0,32.9,105.0,24.4
2026-04-13 22:00:00,2026,4,13,22,Hà Nội,Phường Tương Mai,20.9899896,105.8530145,191,Unhealthy,3,27.0,90,0.0,11.9,122,1005.1,1,66.6,69.8,631.0,32.0,93.0,23.1
2026-04-13 23:00:00,2026,4,13,23,Hà Nội,Phường Tương Mai,20.9899896,105.8530145,160,Unhealthy,3,26.8,88,0.0,12.2,127,1005.0,0,61.0,64.0,558.0,30.1,90.0,21.1
2026-04-14 00:00:00,2026,4,14,0,Hà Nội,Phường Tương Mai,20.9899896,105.8530145,160,Unhealthy,3,26.6,86,0.0,12.5,135,1004.6,0,54.0,56.9,475.0,27.6,90.0,18.8
2026-04-14 01:00:00,2026,4,14,1,Hà Nội,Phường Tương Mai,20.9899896,105.8530145,160,Unhealthy,3,26.8,89,0.0,13.1,131,1004.0,7,48.5,51.6,407.0,25.7,91.0,17.0
2026-04-14 02:00:00,2026,4,14,2,Hà Nội,Phường Tương Mai,20.9899896,105.8530145,161,Unhealthy,3,26.5,90,0.0,12.5,127,1003.6,9,45.2,48.3,352.0,24.4,90.0,16.0
2026-04-14 03:00:00,2026,4,14,3,Hà Nội,Phường Tương Mai,20.9899896,105.8530145,161,Unhealthy,3,26.2,92,0.0,11.2,127,1003.6,0,43.5,46.7,313.0,23.6,89.0,15.5
2026-04-14 04:00:00,2026,4,14,4,Hà Nội,Phường Tương Mai,20.9899896,105.8530145,160,Unhealthy,3,26.0,93,0.0,11.1,127,1003.6,0,43.8,46.9,321.0,24.2,86.0,15.9
2026-04-14 05:00:00,2026,4,14,5,Hà Nội,Phường Tương Mai,20.9899896,105.8530145,160,Unhealthy,3,25.8,94,0.0,8.7,122,1004.3,0,46.3,49.5,413.0,27.8,76.0,17.4
2026-04-14 06:00:00,2026,4,14,6,Hà Nội,Phường Tương Mai,20.9899896,105.8530145,160,Unhealthy,3,25.5,94,0.0,8.2,116,1004.9,0,52.4,55.8,553.0,32.9,63.0,19.9
2026-04-14 07:00:00,2026,4,14,7,Hà Nội,Phường Tương Mai,20.9899896,105.8530145,160,Unhealthy,3,26.3,93,0.0,6.5,96,1005.8,0,116.4,121.1,666.0,48.7,37.0,27.4
2026-04-14 08:00:00,2026,4,14,8,Hà Nội,Phường Tương Mai,20.9899896,105.8530145,160,Unhealthy,3,27.9,87,0.0,7.5,123,1006.5,13,92.4,98.3,726.0,43.0,61.0,29.5
2026-04-14 09:00:00,2026,4,14,9,Hà Nội,Phường Tương Mai,20.9899896,105.8530145,160,Unhealthy,3,29.5,79,0.0,5.8,150,1006.9,54,82.7,90.8,761.0,35.0,96.0,32.5
2026-04-14 10:00:00,2026,4,14,10,Hà Nội,Phường Tương Mai,20.9899896,105.8530145,160,Unhealthy,3,30.7,74,0.0,3.4,164,1007.0,57,86.4,94.8,775.0,27.4,134.0,34.3
2026-04-14 11:00:00,2026,4,14,11,Hà Nội,Phường Tương Mai,20.9899896,105.8530145,160,Unhealthy,3,32.1,70,0.0,3.6,131,1006.4,2,102.9,109.2,765.0,20.7,181.0,34.0
2026-04-14 12:00:00,2026,4,14,12,Hà Nội,Phường Tương Mai,20.9899896,105.8530145,159,Unhealthy,3,32.9,69,0.0,6.6,123,1005.5,7,111.8,118.5,734.0,14.5,231.0,32.6
2026-04-14 13:00:00,2026,4,14,13,Hà Nội,Phường Tương Mai,20.9899896,105.8530145,159,Unhealthy,3,33.2,68,0.0,8.3,124,1004.4,8,110.6,117.8,704.0,10.6,265.0,31.5
2026-04-14 14:00:00,2026,4,14,14,Hà Nội,Phường Tương Mai,20.9899896,105.8530145,160,Unhealthy,3,33.5,67,0.0,10.6,138,1003.1,11,105.7,112.9,679.0,9.7,273.0,31.3
2026-04-14 15:00:00,2026,4,14,15,Hà Nội,Phường Tương Mai,20.9899896,105.8530145,160,Unhealthy,3,33.5,68,0.0,12.4,140,1002.1,11,99.2,106.4,655.0,11.0,265.0,31.3
2026-04-14 16:00:00,2026,4,14,16,Hà Nội,Phường Tương Mai,20.9899896,105.8530145,178,Unhealthy,3,32.9,71,0.0,15.4,134,1001.4,7,92.2,99.0,637.0,14.0,243.0,30.9
2026-04-14 17:00:00,2026,4,14,17,Hà Nội,Phường Tương Mai,20.9899896,105.8530145,203,Very Unhealthy,4,31.8,74,0.0,16.7,127,1001.1,6,87.1,92.4,629.0,19.8,201.0,29.7
2026-04-14 18:00:00,2026,4,14,18,Hà Nội,Phường Tương Mai,20.9899896,105.8530145,210,Very Unhealthy,4,30.0,79,0.0,16.4,129,1001.7,2,77.5,81.7,628.0,27.2,145.0,28.1
2026-04-14 19:00:00,2026,4,14,19,Hà Nội,Phường Tương Mai,20.9899896,105.8530145,211,Very Unhealthy,4,28.5,82,0.0,15.4,131,1002.2,2,67.3,70.8,629.0,32.6,102.0,26.6
2026-04-14 20:00:00,2026,4,14,20,Hà Nội,Phường Tương Mai,20.9899896,105.8530145,205,Very Unhealthy,4,27.5,86,0.0,11.1,133,1003.2,1,60.1,63.3,641.0,34.0,82.0,25.4
