timestamp,year,month,day,hour,province,location,lat,lon,aqi,pollution_level,pollution_class,temp,humidity,rain,wind_speed,wind_dir,pressure,cloud,pm2_5,pm10,co,no2,o3,so2
2026-04-14 00:00:00,2026,4,14,0,Quảng Trị,Xã Tân Lập,16.6103276,106.6949787,94.0,Moderate,1,26.0,74,0.0,4.1,45,970.2,0,50.2,53.0,299.0,21.1,35.0,5.2
2026-04-14 01:00:00,2026,4,14,1,Quảng Trị,Xã Tân Lập,16.6103276,106.6949787,94.0,Moderate,1,25.4,75,0.0,4.1,45,969.6,5,50.4,52.5,315.0,21.8,20.0,4.0
2026-04-14 02:00:00,2026,4,14,2,Quảng Trị,Xã Tân Lập,16.6103276,106.6949787,95.0,Moderate,1,24.7,77,0.0,4.3,42,968.9,38,48.0,49.4,317.0,20.6,15.0,3.0
2026-04-14 03:00:00,2026,4,14,3,Quảng Trị,Xã Tân Lập,16.6103276,106.6949787,96.0,Moderate,1,24.6,76,0.0,3.6,37,968.9,37,44.7,45.8,312.0,18.2,15.0,2.1
2026-04-14 04:00:00,2026,4,14,4,Quảng Trị,Xã Tân Lập,16.6103276,106.6949787,97.0,Moderate,1,25.2,73,0.0,3.3,41,969.4,33,42.0,43.0,308.0,15.5,20.0,1.5
2026-04-14 05:00:00,2026,4,14,5,Quảng Trị,Xã Tân Lập,16.6103276,106.6949787,98.0,Moderate,1,25.8,71,0.0,3.1,54,970.0,34,40.3,41.2,311.0,12.8,28.0,1.4
2026-04-14 06:00:00,2026,4,14,6,Quảng Trị,Xã Tân Lập,16.6103276,106.6949787,99.0,Moderate,1,25.8,70,0.0,2.9,60,970.5,0,39.3,40.4,315.0,9.9,40.0,1.5
2026-04-14 07:00:00,2026,4,14,7,Quảng Trị,Xã Tân Lập,16.6103276,106.6949787,99.0,Moderate,1,27.2,70,0.0,1.6,63,971.4,0,39.8,40.9,311.0,7.2,56.0,1.7
2026-04-14 08:00:00,2026,4,14,8,Quảng Trị,Xã Tân Lập,16.6103276,106.6949787,99.0,Moderate,1,30.1,60,0.0,2.2,261,972.6,0,38.8,40.3,291.0,4.8,78.0,1.8
2026-04-14 09:00:00,2026,4,14,9,Quảng Trị,Xã Tân Lập,16.6103276,106.6949787,100.0,Moderate,1,32.5,51,0.0,7.3,250,973.0,0,26.8,30.5,263.0,2.6,103.0,1.9
2026-04-14 09:00:00,2026,4,14,9,Quảng Trị,Xã Tân Lập,16.6103276,106.6949787,124.0,Unhealthy for Sensitive Groups,2,32.3,52,0.0,7.4,241,973.6,0,41.4,45.9,263.0,2.9,110.0,2.5
2026-04-14 10:00:00,2026,4,14,10,Quảng Trị,Xã Tân Lập,16.6103276,106.6949787,100.0,Moderate,1,33.9,48,0.0,12.6,246,972.9,0,25.0,28.1,244.0,1.1,122.0,2.0
2026-04-14 10:00:00,2026,4,14,10,Quảng Trị,Xã Tân Lập,16.6103276,106.6949787,125.0,Unhealthy for Sensitive Groups,2,33.7,48,0.0,12.6,243,973.2,0,36.6,40.2,244.0,1.2,130.0,2.5
2026-04-14 11:00:00,2026,4,14,11,Quảng Trị,Xã Tân Lập,16.6103276,106.6949787,126.0,Unhealthy for Sensitive Groups,2,35.4,41,0.0,15.3,246,972.6,49,32.9,36.6,243.0,0.7,139.0,2.4
2026-04-14 11:00:00,2026,4,14,11,Quảng Trị,Xã Tân Lập,16.6103276,106.6949787,100.0,Moderate,1,35.4,43,0.0,16.1,250,972.5,38,25.4,28.2,243.0,0.6,130.0,2.0
2026-04-14 12:00:00,2026,4,14,12,Quảng Trị,Xã Tân Lập,16.6103276,106.6949787,126.0,Unhealthy for Sensitive Groups,2,36.4,38,0.0,14.8,247,971.8,40,32.4,36.6,251.0,0.9,141.0,2.3
2026-04-14 12:00:00,2026,4,14,12,Quảng Trị,Xã Tân Lập,16.6103276,106.6949787,99.0,Moderate,1,36.5,39,0.0,15.9,252,971.8,43,25.0,28.4,251.0,0.8,131.0,1.9
2026-04-14 13:00:00,2026,4,14,13,Quảng Trị,Xã Tân Lập,16.6103276,106.6949787,127.0,Unhealthy for Sensitive Groups,2,37.1,34,0.0,13.9,249,970.7,35,33.2,37.8,255.0,1.3,143.0,2.2
2026-04-14 13:00:00,2026,4,14,13,Quảng Trị,Xã Tân Lập,16.6103276,106.6949787,99.0,Moderate,1,37.0,37,0.0,15.1,252,970.5,52,24.6,29.2,255.0,1.1,132.0,1.8
2026-04-14 14:00:00,2026,4,14,14,Quảng Trị,Xã Tân Lập,16.6103276,106.6949787,99.0,Moderate,1,37.6,33,0.0,13.4,256,969.4,32,25.0,30.5,250.0,0.9,134.0,1.5
2026-04-14 14:00:00,2026,4,14,14,Quảng Trị,Xã Tân Lập,16.6103276,106.6949787,128.0,Unhealthy for Sensitive Groups,2,37.3,33,0.0,12.5,252,969.7,33,34.0,39.3,250.0,1.2,147.0,2.0
2026-04-14 15:00:00,2026,4,14,15,Quảng Trị,Xã Tân Lập,16.6103276,106.6949787,99.0,Moderate,1,37.7,30,0.0,11.3,263,968.2,17,25.4,31.7,241.0,0.7,135.0,1.3
2026-04-14 15:00:00,2026,4,14,15,Quảng Trị,Xã Tân Lập,16.6103276,106.6949787,129.0,Unhealthy for Sensitive Groups,2,37.4,31,0.0,11.4,257,968.8,6,35.2,41.0,241.0,1.1,151.0,1.9
2026-04-14 16:00:00,2026,4,14,16,Quảng Trị,Xã Tân Lập,16.6103276,106.6949787,130.0,Unhealthy for Sensitive Groups,2,36.9,31,0.0,11.8,258,968.2,6,36.2,42.3,238.0,2.2,150.0,2.1
2026-04-14 16:00:00,2026,4,14,16,Quảng Trị,Xã Tân Lập,16.6103276,106.6949787,99.0,Moderate,1,37.3,30,0.0,11.3,261,967.8,18,25.6,32.2,238.0,1.7,134.0,1.5
2026-04-14 17:00:00,2026,4,14,17,Quảng Trị,Xã Tân Lập,16.6103276,106.6949787,131.0,Unhealthy for Sensitive Groups,2,35.8,34,0.0,10.2,252,968.1,28,39.3,45.2,245.0,5.3,143.0,3.1
2026-04-14 17:00:00,2026,4,14,17,Quảng Trị,Xã Tân Lập,16.6103276,106.6949787,99.0,Moderate,1,36.2,32,0.0,9.8,253,967.7,2,27.9,34.3,245.0,4.7,131.0,2.6
2026-04-14 18:00:00,2026,4,14,18,Quảng Trị,Xã Tân Lập,16.6103276,106.6949787,132.0,Unhealthy for Sensitive Groups,2,33.4,47,0.0,2.3,231,968.4,34,41.8,47.1,258.0,9.6,131.0,4.5
2026-04-14 18:00:00,2026,4,14,18,Quảng Trị,Xã Tân Lập,16.6103276,106.6949787,100.0,Moderate,1,33.4,43,0.0,2.5,225,968.0,3,30.6,36.1,258.0,8.7,125.0,4.2
2026-04-14 19:00:00,2026,4,14,19,Quảng Trị,Xã Tân Lập,16.6103276,106.6949787,100.0,Moderate,1,31.8,47,0.0,6.1,62,968.7,4,34.5,39.5,269.0,12.3,115.0,5.5
2026-04-14 19:00:00,2026,4,14,19,Quảng Trị,Xã Tân Lập,16.6103276,106.6949787,134.0,Unhealthy for Sensitive Groups,2,31.3,50,0.0,6.8,58,969.0,21,45.6,50.5,269.0,13.3,116.0,5.7
2026-04-14 20:00:00,2026,4,14,20,Quảng Trị,Xã Tân Lập,16.6103276,106.6949787,134.0,Unhealthy for Sensitive Groups,2,28.8,61,0.0,6.5,56,969.3,36,50.2,54.8,277.0,15.9,98.0,6.5
2026-04-14 20:00:00,2026,4,14,20,Quảng Trị,Xã Tân Lập,16.6103276,106.6949787,100.0,Moderate,1,28.2,60,0.0,6.6,49,968.9,0,38.4,43.1,277.0,14.8,99.0,6.3
2026-04-14 21:00:00,2026,4,14,21,Quảng Trị,Xã Tân Lập,16.6103276,106.6949787,101.0,Unhealthy for Sensitive Groups,2,27.5,68,0.0,5.7,55,969.5,26,42.7,47.5,285.0,16.9,79.0,6.8
2026-04-14 21:00:00,2026,4,14,21,Quảng Trị,Xã Tân Lập,16.6103276,106.6949787,134.0,Unhealthy for Sensitive Groups,2,28.0,69,0.0,5.5,58,969.8,13,55.6,60.3,285.0,17.9,77.0,7.1
2026-04-14 22:00:00,2026,4,14,22,Quảng Trị,Xã Tân Lập,16.6103276,106.6949787,135.0,Unhealthy for Sensitive Groups,2,27.2,74,0.0,4.3,48,969.6,17,61.5,65.9,291.0,19.6,58.0,7.1
2026-04-14 22:00:00,2026,4,14,22,Quảng Trị,Xã Tân Lập,16.6103276,106.6949787,101.0,Unhealthy for Sensitive Groups,2,26.9,75,0.0,4.6,51,969.5,46,47.7,52.5,291.0,18.6,60.0,6.8
2026-04-14 23:00:00,2026,4,14,23,Quảng Trị,Xã Tân Lập,16.6103276,106.6949787,101.0,Unhealthy for Sensitive Groups,2,26.4,79,0.0,4.3,42,969.2,46,52.2,56.7,296.0,20.3,43.0,5.9
2026-04-14 23:00:00,2026,4,14,23,Quảng Trị,Xã Tân Lập,16.6103276,106.6949787,135.0,Unhealthy for Sensitive Groups,2,26.5,78,0.0,3.9,34,969.4,18,65.7,69.8,296.0,21.3,41.0,6.2
2026-04-15 00:00:00,2026,4,15,0,Quảng Trị,Xã Tân Lập,16.6103276,106.6949787,102.0,Unhealthy for Sensitive Groups,2,25.6,83,0.0,4.1,38,968.7,23,53.6,57.2,299.0,21.6,27.0,4.4
2026-04-15 00:00:00,2026,4,15,0,Quảng Trị,Xã Tân Lập,16.6103276,106.6949787,135.0,Unhealthy for Sensitive Groups,2,25.7,81,0.0,3.6,45,969.1,24,66.6,70.1,299.0,22.7,26.0,4.7
2026-04-15 01:00:00,2026,4,15,1,Quảng Trị,Xã Tân Lập,16.6103276,106.6949787,102.0,Unhealthy for Sensitive Groups,2,25.1,83,0.0,4.1,45,968.4,0,51.2,53.8,306.0,21.6,17.0,3.2
2026-04-15 01:00:00,2026,4,15,1,Quảng Trị,Xã Tân Lập,16.6103276,106.6949787,135.0,Unhealthy for Sensitive Groups,2,25.7,80,0.0,3.9,68,968.9,0,64.5,66.8,306.0,22.8,16.0,3.4
2026-04-15 02:00:00,2026,4,15,2,Quảng Trị,Xã Tân Lập,16.6103276,106.6949787,102.0,Unhealthy for Sensitive Groups,2,24.9,81,0.0,4.1,52,968.1,0,47.6,49.5,321.0,19.2,15.0,2.5
2026-04-15 02:00:00,2026,4,15,2,Quảng Trị,Xã Tân Lập,16.6103276,106.6949787,135.0,Unhealthy for Sensitive Groups,2,25.6,78,0.0,4.2,59,968.4,2,61.2,63.1,321.0,20.7,14.0,2.7
2026-04-15 03:00:00,2026,4,15,3,Quảng Trị,Xã Tân Lập,16.6103276,106.6949787,102.0,Unhealthy for Sensitive Groups,2,24.6,80,0.0,4.1,52,967.8,0,44.7,46.4,339.0,15.5,20.0,1.9
2026-04-15 03:00:00,2026,4,15,3,Quảng Trị,Xã Tân Lập,16.6103276,106.6949787,135.0,Unhealthy for Sensitive Groups,2,25.2,77,0.0,4.3,48,968.1,28,58.6,60.1,339.0,17.4,18.0,2.2
2026-04-15 04:00:00,2026,4,15,4,Quảng Trị,Xã Tân Lập,16.6103276,106.6949787,134.0,Unhealthy for Sensitive Groups,2,24.7,77,0.0,4.1,45,968.2,48,56.8,58.1,347.0,14.3,25.0,1.9
2026-04-15 04:00:00,2026,4,15,4,Quảng Trị,Xã Tân Lập,16.6103276,106.6949787,102.0,Unhealthy for Sensitive Groups,2,24.4,79,0.0,3.1,36,967.9,18,42.8,44.2,347.0,12.2,26.0,1.6
2026-04-15 05:00:00,2026,4,15,5,Quảng Trị,Xã Tân Lập,16.6103276,106.6949787,102.0,Unhealthy for Sensitive Groups,2,25.1,74,0.0,2.9,30,968.5,0,41.4,42.6,336.0,10.2,33.0,1.5
2026-04-15 05:00:00,2026,4,15,5,Quảng Trị,Xã Tân Lập,16.6103276,106.6949787,134.0,Unhealthy for Sensitive Groups,2,24.9,77,0.0,2.6,34,968.8,49,55.6,56.7,336.0,12.1,32.0,1.8
2026-04-15 06:00:00,2026,4,15,6,Quảng Trị,Xã Tân Lập,16.6103276,106.6949787,134.0,Unhealthy for Sensitive Groups,2,25.6,73,0.0,3.1,45,969.5,51,54.8,55.8,315.0,10.1,42.0,1.9
2026-04-15 06:00:00,2026,4,15,6,Quảng Trị,Xã Tân Lập,16.6103276,106.6949787,102.0,Unhealthy for Sensitive Groups,2,25.4,72,0.0,3.3,41,969.3,25,40.7,41.8,315.0,8.8,42.0,1.6
2026-04-15 07:00:00,2026,4,15,7,Quảng Trị,Xã Tân Lập,16.6103276,106.6949787,133.0,Unhealthy for Sensitive Groups,2,27.2,72,0.0,1.8,360,970.6,43,55.1,55.8,296.0,8.1,58.0,2.1
2026-04-15 07:00:00,2026,4,15,7,Quảng Trị,Xã Tân Lập,16.6103276,106.6949787,103.0,Unhealthy for Sensitive Groups,2,27.4,69,0.0,1.8,323,970.5,38,41.1,42.0,296.0,7.2,56.0,1.8
2026-04-15 08:00:00,2026,4,15,8,Quảng Trị,Xã Tân Lập,16.6103276,106.6949787,133.0,Unhealthy for Sensitive Groups,2,30.2,58,0.0,5.4,262,972.0,46,52.9,53.9,281.0,5.6,85.0,2.4
2026-04-15 08:00:00,2026,4,15,8,Quảng Trị,Xã Tân Lập,16.6103276,106.6949787,103.0,Unhealthy for Sensitive Groups,2,30.1,59,0.0,5.9,259,971.9,38,39.0,40.3,281.0,5.0,80.0,2.1
2026-04-15 09:00:00,2026,4,15,9,Quảng Trị,Xã Tân Lập,16.6103276,106.6949787,133.0,Unhealthy for Sensitive Groups,2,31.7,52,0.0,8.8,251,972.3,36,42.3,44.2,268.0,3.1,118.0,2.9
2026-04-15 09:00:00,2026,4,15,9,Quảng Trị,Xã Tân Lập,16.6103276,106.6949787,103.0,Unhealthy for Sensitive Groups,2,32.0,52,0.0,10.2,247,972.1,23,28.9,31.3,268.0,2.7,110.0,2.5
2026-04-15 10:00:00,2026,4,15,10,Quảng Trị,Xã Tân Lập,16.6103276,106.6949787,133.0,Unhealthy for Sensitive Groups,2,33.2,50,0.0,12.9,240,972.2,34,38.4,40.3,260.0,1.3,142.0,3.1
2026-04-15 10:00:00,2026,4,15,10,Quảng Trị,Xã Tân Lập,16.6103276,106.6949787,103.0,Unhealthy for Sensitive Groups,2,33.5,50,0.0,13.8,237,971.8,21,27.6,29.9,260.0,1.1,131.0,2.7
2026-04-15 11:00:00,2026,4,15,11,Quảng Trị,Xã Tân Lập,16.6103276,106.6949787,103.0,Unhealthy for Sensitive Groups,2,35.2,44,0.0,15.3,240,971.1,44,25.7,28.7,260.0,0.6,138.0,2.6
2026-04-15 11:00:00,2026,4,15,11,Quảng Trị,Xã Tân Lập,16.6103276,106.6949787,133.0,Unhealthy for Sensitive Groups,2,35.0,44,0.0,14.5,243,971.6,33,35.3,37.6,260.0,0.7,149.0,2.9
2026-04-15 12:00:00,2026,4,15,12,Quảng Trị,Xã Tân Lập,16.6103276,106.6949787,103.0,Unhealthy for Sensitive Groups,2,36.4,40,0.0,15.1,242,970.2,42,25.1,28.6,266.0,0.8,137.0,2.3
2026-04-15 12:00:00,2026,4,15,12,Quảng Trị,Xã Tân Lập,16.6103276,106.6949787,133.0,Unhealthy for Sensitive Groups,2,36.1,40,0.0,14.3,245,970.5,54,33.1,36.0,266.0,0.9,147.0,2.6
2026-04-15 13:00:00,2026,4,15,13,Quảng Trị,Xã Tân Lập,16.6103276,106.6949787,103.0,Unhealthy for Sensitive Groups,2,37.3,36,0.0,14.3,245,969.0,38,25.4,29.3,269.0,1.1,135.0,2.1
2026-04-15 13:00:00,2026,4,15,13,Quảng Trị,Xã Tân Lập,16.6103276,106.6949787,133.0,Unhealthy for Sensitive Groups,2,36.6,37,0.0,13.6,248,969.3,63,32.0,35.6,269.0,1.2,144.0,2.3
2026-04-15 14:00:00,2026,4,15,14,Quảng Trị,Xã Tân Lập,16.6103276,106.6949787,103.0,Unhealthy for Sensitive Groups,2,37.8,33,0.0,12.8,248,967.9,29,25.8,30.0,265.0,1.0,135.0,1.8
2026-04-15 14:00:00,2026,4,15,14,Quảng Trị,Xã Tân Lập,16.6103276,106.6949787,133.0,Unhealthy for Sensitive Groups,2,37.0,34,0.0,12.5,252,968.1,70,31.9,35.9,265.0,1.2,145.0,2.0
2026-04-15 15:00:00,2026,4,15,15,Quảng Trị,Xã Tân Lập,16.6103276,106.6949787,104.0,Unhealthy for Sensitive Groups,2,37.8,32,0.0,12.2,251,966.9,34,25.8,30.4,259.0,0.9,134.0,1.6
2026-04-15 15:00:00,2026,4,15,15,Quảng Trị,Xã Tân Lập,16.6103276,106.6949787,133.0,Unhealthy for Sensitive Groups,2,37.0,34,0.0,12.9,257,967.2,36,32.2,36.4,259.0,1.3,146.0,1.8
2026-04-15 16:00:00,2026,4,15,16,Quảng Trị,Xã Tân Lập,16.6103276,106.6949787,104.0,Unhealthy for Sensitive Groups,2,37.2,33,0.0,13.0,251,966.4,31,26.0,30.6,256.0,1.7,132.0,1.8
2026-04-15 16:00:00,2026,4,15,16,Quảng Trị,Xã Tân Lập,16.6103276,106.6949787,133.0,Unhealthy for Sensitive Groups,2,36.6,34,0.0,13.9,253,966.9,25,33.2,37.4,256.0,2.2,144.0,2.1
2026-04-15 17:00:00,2026,4,15,17,Quảng Trị,Xã Tân Lập,16.6103276,106.6949787,104.0,Unhealthy for Sensitive Groups,2,36.1,35,0.0,11.7,252,966.8,41,27.4,31.7,261.0,4.1,129.0,2.8
2026-04-15 17:00:00,2026,4,15,17,Quảng Trị,Xã Tân Lập,16.6103276,106.6949787,133.0,Unhealthy for Sensitive Groups,2,35.5,37,0.0,12.3,249,967.2,12,35.4,38.9,261.0,4.6,137.0,3.2
2026-04-15 18:00:00,2026,4,15,18,Quảng Trị,Xã Tân Lập,16.6103276,106.6949787,132.0,Unhealthy for Sensitive Groups,2,33.2,45,0.0,6.3,246,967.7,40,39.3,42.4,269.0,7.8,126.0,4.7
2026-04-15 18:00:00,2026,4,15,18,Quảng Trị,Xã Tân Lập,16.6103276,106.6949787,104.0,Unhealthy for Sensitive Groups,2,33.7,43,0.0,4.3,270,967.4,47,30.3,34.1,269.0,7.4,125.0,4.3
2026-04-15 19:00:00,2026,4,15,19,Quảng Trị,Xã Tân Lập,16.6103276,106.6949787,132.0,Unhealthy for Sensitive Groups,2,31.2,55,0.0,3.1,306,968.2,23,42.8,45.5,272.0,10.9,113.0,5.9
2026-04-15 19:00:00,2026,4,15,19,Quảng Trị,Xã Tân Lập,16.6103276,106.6949787,104.0,Unhealthy for Sensitive Groups,2,31.1,53,0.0,5.2,12,968.0,54,33.5,37.0,272.0,10.5,116.0,5.5
2026-04-15 20:00:00,2026,4,15,20,Quảng Trị,Xã Tân Lập,16.6103276,106.6949787,132.0,Unhealthy for Sensitive Groups,2,30.5,55,0.0,4.2,20,968.7,0,47.5,50.1,264.0,13.9,95.0,6.5
2026-04-15 20:00:00,2026,4,15,20,Quảng Trị,Xã Tân Lập,16.6103276,106.6949787,103.0,Unhealthy for Sensitive Groups,2,28.5,65,0.0,5.4,42,968.3,47,37.3,40.5,264.0,13.4,100.0,6.3
2026-04-15 21:00:00,2026,4,15,21,Quảng Trị,Xã Tân Lập,16.6103276,106.6949787,103.0,Unhealthy for Sensitive Groups,2,27.8,71,0.0,5.0,60,969.0,60,41.9,45.2,251.0,16.2,79.0,6.8
2026-04-15 21:00:00,2026,4,15,21,Quảng Trị,Xã Tân Lập,16.6103276,106.6949787,131.0,Unhealthy for Sensitive Groups,2,28.0,62,0.0,4.8,42,969.1,7,53.1,55.5,251.0,16.8,73.0,6.7
2026-04-15 22:00:00,2026,4,15,22,Quảng Trị,Xã Tân Lập,16.6103276,106.6949787,131.0,Unhealthy for Sensitive Groups,2,26.4,71,0.0,4.5,61,969.3,31,57.9,60.1,241.0,18.7,55.0,6.5
2026-04-15 22:00:00,2026,4,15,22,Quảng Trị,Xã Tân Lập,16.6103276,106.6949787,103.0,Unhealthy for Sensitive Groups,2,27.5,74,0.0,4.4,55,969.2,50,45.8,48.9,241.0,17.9,61.0,6.7
2026-04-15 23:00:00,2026,4,15,23,Quảng Trị,Xã Tân Lập,16.6103276,106.6949787,131.0,Unhealthy for Sensitive Groups,2,26.0,74,0.0,3.7,61,969.1,51,60.3,62.4,235.0,19.0,41.0,5.5
2026-04-15 23:00:00,2026,4,15,23,Quảng Trị,Xã Tân Lập,16.6103276,106.6949787,103.0,Unhealthy for Sensitive Groups,2,27.4,74,0.0,4.1,38,969.1,64,47.7,50.5,235.0,18.0,47.0,5.7
2026-04-16 00:00:00,2026,4,16,0,Quảng Trị,Xã Tân Lập,16.6103276,106.6949787,130.0,Unhealthy for Sensitive Groups,2,25.9,75,0.0,4.0,63,969.0,32,59.8,61.2,231.0,18.3,29.0,4.0
2026-04-16 00:00:00,2026,4,16,0,Quảng Trị,Xã Tân Lập,16.6103276,106.6949787,103.0,Unhealthy for Sensitive Groups,2,26.9,77,0.0,3.8,41,968.8,50,47.0,49.2,231.0,17.0,35.0,4.1
2026-04-16 01:00:00,2026,4,16,1,Quảng Trị,Xã Tân Lập,16.6103276,106.6949787,129.0,Unhealthy for Sensitive Groups,2,25.7,77,0.0,3.9,68,968.9,0,58.1,59.0,234.0,17.2,22.0,2.8
2026-04-16 01:00:00,2026,4,16,1,Quảng Trị,Xã Tân Lập,16.6103276,106.6949787,102.0,Unhealthy for Sensitive Groups,2,26.5,79,0.0,3.4,58,968.7,2,45.2,46.8,234.0,15.7,27.0,2.8
2026-04-16 02:00:00,2026,4,16,2,Quảng Trị,Xã Tân Lập,16.6103276,106.6949787,129.0,Unhealthy for Sensitive Groups,2,26.1,74,0.0,3.2,63,968.9,39,56.5,57.2,246.0,15.8,19.0,2.2
2026-04-16 02:00:00,2026,4,16,2,Quảng Trị,Xã Tân Lập,16.6103276,106.6949787,101.0,Unhealthy for Sensitive Groups,2,26.6,76,0.0,3.2,63,968.5,0,43.4,44.6,246.0,14.2,23.0,2.1
2026-04-16 03:00:00,2026,4,16,3,Quảng Trị,Xã Tân Lập,16.6103276,106.6949787,101.0,Unhealthy for Sensitive Groups,2,26.8,73,0.0,2.3,39,968.6,6,42.3,43.2,263.0,12.4,22.0,1.6
2026-04-16 03:00:00,2026,4,16,3,Quảng Trị,Xã Tân Lập,16.6103276,106.6949787,128.0,Unhealthy for Sensitive Groups,2,26.5,72,0.0,2.8,50,968.9,35,55.4,56.0,263.0,14.1,19.0,1.8
2026-04-16 04:00:00,2026,4,16,4,Quảng Trị,Xã Tân Lập,16.6103276,106.6949787,101.0,Unhealthy for Sensitive Groups,2,26.9,72,0.0,2.8,50,969.1,14,41.6,42.3,282.0,10.7,25.0,1.4
2026-04-16 04:00:00,2026,4,16,4,Quảng Trị,Xã Tân Lập,16.6103276,106.6949787,128.0,Unhealthy for Sensitive Groups,2,26.6,71,0.0,2.0,45,969.3,29,54.6,55.1,282.0,12.3,24.0,1.6
2026-04-16 05:00:00,2026,4,16,5,Quảng Trị,Xã Tân Lập,16.6103276,106.6949787,100.0,Moderate,1,26.9,72,0.0,2.3,39,969.6,63,40.9,41.4,305.0,9.5,32.0,1.4
2026-04-16 05:00:00,2026,4,16,5,Quảng Trị,Xã Tân Lập,16.6103276,106.6949787,128.0,Unhealthy for Sensitive Groups,2,26.6,71,0.0,2.1,31,969.7,29,53.7,54.0,305.0,10.7,33.0,1.6
2026-04-16 06:00:00,2026,4,16,6,Quảng Trị,Xã Tân Lập,16.6103276,106.6949787,127.0,Unhealthy for Sensitive Groups,2,26.4,71,0.0,2.7,337,970.3,38,52.7,53.1,330.0,9.2,46.0,1.9
2026-04-16 06:00:00,2026,4,16,6,Quảng Trị,Xã Tân Lập,16.6103276,106.6949787,100.0,Moderate,1,27.2,70,0.0,0.7,270,970.3,73,40.6,41.2,330.0,8.3,43.0,1.7
2026-04-16 07:00:00,2026,4,16,7,Quảng Trị,Xã Tân Lập,16.6103276,106.6949787,100.0,Moderate,1,28.3,69,0.0,1.4,270,971.3,77,40.6,41.1,339.0,7.0,59.0,1.9
2026-04-16 07:00:00,2026,4,16,7,Quảng Trị,Xã Tân Lập,16.6103276,106.6949787,127.0,Unhealthy for Sensitive Groups,2,27.9,69,0.0,3.1,306,971.5,49,52.2,52.5,339.0,7.5,64.0,2.1
2026-04-16 08:00:00,2026,4,16,8,Quảng Trị,Xã Tân Lập,16.6103276,106.6949787,100.0,Moderate,1,29.7,63,0.0,5.4,266,972.6,93,39.9,40.6,319.0,5.0,84.0,2.0
2026-04-16 08:00:00,2026,4,16,8,Quảng Trị,Xã Tân Lập,16.6103276,106.6949787,127.0,Unhealthy for Sensitive Groups,2,30.6,59,0.0,7.3,259,972.8,34,50.8,51.3,319.0,5.3,91.0,2.3
2026-04-16 09:00:00,2026,4,16,9,Quảng Trị,Xã Tân Lập,16.6103276,106.6949787,100.0,Moderate,1,31.1,57,0.0,9.1,261,973.0,83,32.8,34.0,283.0,2.7,114.0,2.1
2026-04-16 09:00:00,2026,4,16,9,Quảng Trị,Xã Tân Lập,16.6103276,106.6949787,127.0,Unhealthy for Sensitive Groups,2,32.0,54,0.0,11.8,247,973.1,0,43.4,44.5,283.0,3.0,122.0,2.5
2026-04-16 10:00:00,2026,4,16,10,Quảng Trị,Xã Tân Lập,16.6103276,106.6949787,127.0,Unhealthy for Sensitive Groups,2,33.5,51,0.0,13.4,246,972.9,32,38.9,40.0,260.0,1.3,144.0,2.5
2026-04-16 10:00:00,2026,4,16,10,Quảng Trị,Xã Tân Lập,16.6103276,106.6949787,101.0,Unhealthy for Sensitive Groups,2,32.8,53,0.0,12.1,247,972.7,66,30.9,31.9,260.0,1.1,135.0,2.1
2026-04-16 11:00:00,2026,4,16,11,Quảng Trị,Xã Tân Lập,16.6103276,106.6949787,127.0,Unhealthy for Sensitive Groups,2,34.9,46,0.0,13.9,253,972.1,45,34.2,35.6,263.0,0.8,149.0,2.3
2026-04-16 11:00:00,2026,4,16,11,Quảng Trị,Xã Tân Lập,16.6103276,106.6949787,101.0,Unhealthy for Sensitive Groups,2,34.6,47,0.0,13.4,246,972.0,53,27.9,29.4,263.0,0.6,140.0,2.0
2026-04-16 12:00:00,2026,4,16,12,Quảng Trị,Xã Tân Lập,16.6103276,106.6949787,127.0,Unhealthy for Sensitive Groups,2,35.8,42,0.0,14.8,264,971.2,52,30.7,32.7,277.0,0.9,145.0,2.0
2026-04-16 12:00:00,2026,4,16,12,Quảng Trị,Xã Tân Lập,16.6103276,106.6949787,101.0,Unhealthy for Sensitive Groups,2,35.9,41,0.0,13.7,252,970.9,55,26.1,28.2,277.0,0.8,136.0,1.7
2026-04-16 13:00:00,2026,4,16,13,Quảng Trị,Xã Tân Lập,16.6103276,106.6949787,127.0,Unhealthy for Sensitive Groups,2,35.6,43,0.0,14.1,267,970.3,61,29.3,31.9,290.0,1.2,142.0,1.8
2026-04-16 13:00:00,2026,4,16,13,Quảng Trị,Xã Tân Lập,16.6103276,106.6949787,101.0,Unhealthy for Sensitive Groups,2,36.3,38,0.0,13.5,261,969.9,65,25.6,28.3,290.0,1.0,133.0,1.6
2026-04-16 14:00:00,2026,4,16,14,Quảng Trị,Xã Tân Lập,16.6103276,106.6949787,101.0,Unhealthy for Sensitive Groups,2,36.2,41,0.0,13.0,264,969.0,69,25.8,29.0,297.0,1.0,136.0,1.5
2026-04-16 14:00:00,2026,4,16,14,Quảng Trị,Xã Tân Lập,16.6103276,106.6949787,126.0,Unhealthy for Sensitive Groups,2,35.6,43,0.0,12.6,270,969.4,65,29.8,32.7,297.0,1.1,144.0,1.6
2026-04-16 15:00:00,2026,4,16,15,Quảng Trị,Xã Tân Lập,16.6103276,106.6949787,126.0,Unhealthy for Sensitive Groups,2,35.5,43,0.0,10.8,266,968.7,79,31.4,34.5,302.0,1.2,147.0,1.5
2026-04-16 15:00:00,2026,4,16,15,Quảng Trị,Xã Tân Lập,16.6103276,106.6949787,101.0,Unhealthy for Sensitive Groups,2,36.0,40,0.0,12.4,262,968.2,76,26.5,29.9,302.0,1.1,140.0,1.6
2026-04-16 16:00:00,2026,4,16,16,Quảng Trị,Xã Tân Lập,16.6103276,106.6949787,126.0,Unhealthy for Sensitive Groups,2,35.0,43,0.0,10.2,260,968.4,73,32.9,35.9,302.0,2.0,148.0,1.8
2026-04-16 16:00:00,2026,4,16,16,Quảng Trị,Xã Tân Lập,16.6103276,106.6949787,102.0,Unhealthy for Sensitive Groups,2,35.5,39,0.0,10.0,255,968.0,71,27.6,30.9,302.0,1.8,141.0,1.9
2026-04-16 17:00:00,2026,4,16,17,Quảng Trị,Xã Tân Lập,16.6103276,106.6949787,126.0,Unhealthy for Sensitive Groups,2,34.0,46,0.0,6.3,246,968.5,70,34.8,37.4,292.0,4.2,147.0,3.0
2026-04-16 17:00:00,2026,4,16,17,Quảng Trị,Xã Tân Lập,16.6103276,106.6949787,102.0,Unhealthy for Sensitive Groups,2,33.7,45,0.0,6.2,260,968.0,72,28.9,31.9,292.0,3.4,139.0,2.8
2026-04-16 18:00:00,2026,4,16,18,Quảng Trị,Xã Tân Lập,16.6103276,106.6949787,102.0,Unhealthy for Sensitive Groups,2,31.9,55,0.1,3.1,159,968.7,74,31.2,33.8,278.0,5.6,133.0,4.0
2026-04-16 18:00:00,2026,4,16,18,Quảng Trị,Xã Tân Lập,16.6103276,106.6949787,126.0,Unhealthy for Sensitive Groups,2,31.9,55,0.0,4.8,117,969.1,67,37.5,39.8,278.0,7.1,144.0,4.6
2026-04-16 19:00:00,2026,4,16,19,Quảng Trị,Xã Tân Lập,16.6103276,106.6949787,102.0,Unhealthy for Sensitive Groups,2,30.2,62,0.0,3.6,127,969.3,50,34.1,36.4,267.0,8.0,124.0,5.0
2026-04-16 19:00:00,2026,4,16,19,Quảng Trị,Xã Tân Lập,16.6103276,106.6949787,126.0,Unhealthy for Sensitive Groups,2,29.5,63,0.0,6.4,128,969.7,4,41.2,43.3,267.0,9.9,136.0,6.0
2026-04-16 20:00:00,2026,4,16,20,Quảng Trị,Xã Tân Lập,16.6103276,106.6949787,102.0,Unhealthy for Sensitive Groups,2,28.4,68,0.0,3.8,131,969.8,12,37.8,40.0,265.0,10.6,108.0,5.7
2026-04-16 20:00:00,2026,4,16,20,Quảng Trị,Xã Tân Lập,16.6103276,106.6949787,125.0,Unhealthy for Sensitive Groups,2,27.7,71,0.0,3.7,119,970.3,0,45.4,47.4,265.0,12.2,121.0,6.9
2026-04-16 21:00:00,2026,4,16,21,Quảng Trị,Xã Tân Lập,16.6103276,106.6949787,125.0,Unhealthy for Sensitive Groups,2,26.6,78,0.0,3.3,84,970.6,0,50.6,52.6,268.0,14.4,101.0,7.5
2026-04-16 21:00:00,2026,4,16,21,Quảng Trị,Xã Tân Lập,16.6103276,106.6949787,102.0,Unhealthy for Sensitive Groups,2,27.1,75,0.0,3.3,103,970.3,0,42.0,44.2,268.0,13.3,87.0,6.2
2026-04-16 22:00:00,2026,4,16,22,Quảng Trị,Xã Tân Lập,16.6103276,106.6949787,102.0,Unhealthy for Sensitive Groups,2,26.4,78,0.0,3.7,79,970.6,0,46.9,49.1,270.0,15.9,68.0,6.3
2026-04-16 22:00:00,2026,4,16,22,Quảng Trị,Xã Tân Lập,16.6103276,106.6949787,125.0,Unhealthy for Sensitive Groups,2,25.9,80,0.0,3.5,66,970.7,0,56.2,58.1,270.0,16.5,81.0,7.7
2026-04-16 23:00:00,2026,4,16,23,Quảng Trị,Xã Tân Lập,16.6103276,106.6949787,125.0,Unhealthy for Sensitive Groups,2,25.3,82,0.0,3.6,53,970.5,0,61.0,62.9,271.0,18.8,63.0,7.3
2026-04-16 23:00:00,2026,4,16,23,Quảng Trị,Xã Tân Lập,16.6103276,106.6949787,102.0,Unhealthy for Sensitive Groups,2,26.0,80,0.0,3.1,69,970.5,0,51.6,53.7,271.0,18.5,52.0,6.0
2026-04-17 00:00:00,2026,4,17,0,Quảng Trị,Xã Tân Lập,16.6103276,106.6949787,125.0,Unhealthy for Sensitive Groups,2,25.2,82,0.0,3.3,49,970.2,0,64.5,66.4,272.0,21.1,45.0,6.5
2026-04-17 00:00:00,2026,4,17,0,Quảng Trị,Xã Tân Lập,16.6103276,106.6949787,103.0,Unhealthy for Sensitive Groups,2,25.9,80,0.0,3.1,45,970.2,0,55.1,57.2,272.0,20.9,37.0,5.3
2026-04-17 01:00:00,2026,4,17,1,Quảng Trị,Xã Tân Lập,16.6103276,106.6949787,103.0,Unhealthy for Sensitive Groups,2,25.6,80,0.0,3.3,49,969.8,0,56.6,58.4,272.0,22.3,26.0,4.5
2026-04-17 01:00:00,2026,4,17,1,Quảng Trị,Xã Tân Lập,16.6103276,106.6949787,125.0,Unhealthy for Sensitive Groups,2,25.1,81,0.0,3.3,49,969.9,0,65.9,67.5,272.0,22.5,31.0,5.5
2026-04-17 02:00:00,2026,4,17,2,Quảng Trị,Xã Tân Lập,16.6103276,106.6949787,126.0,Unhealthy for Sensitive Groups,2,24.9,81,0.0,3.1,54,969.6,0,65.4,66.8,268.0,23.0,20.0,4.3
2026-04-17 02:00:00,2026,4,17,2,Quảng Trị,Xã Tân Lập,16.6103276,106.6949787,105.0,Unhealthy for Sensitive Groups,2,25.3,80,0.0,3.1,54,969.7,0,56.0,57.5,268.0,22.5,18.0,3.5
2026-04-17 03:00:00,2026,4,17,3,Quảng Trị,Xã Tân Lập,16.6103276,106.6949787,127.0,Unhealthy for Sensitive Groups,2,24.8,80,0.0,3.3,49,969.5,0,63.6,64.5,263.0,22.6,14.0,3.0
2026-04-17 03:00:00,2026,4,17,3,Quảng Trị,Xã Tân Lập,16.6103276,106.6949787,106.0,Unhealthy for Sensitive Groups,2,24.9,80,0.0,2.9,60,969.6,0,53.9,55.1,263.0,21.6,13.0,2.4
2026-04-17 04:00:00,2026,4,17,4,Quảng Trị,Xã Tân Lập,16.6103276,106.6949787,128.0,Unhealthy for Sensitive Groups,2,24.5,81,0.0,3.3,41,969.7,10,60.5,61.5,262.0,21.2,14.0,2.0
2026-04-17 04:00:00,2026,4,17,4,Quảng Trị,Xã Tân Lập,16.6103276,106.6949787,107.0,Unhealthy for Sensitive Groups,2,24.9,80,0.0,2.7,67,969.6,0,51.8,52.7,262.0,19.8,14.0,1.6
2026-04-17 05:00:00,2026,4,17,5,Quảng Trị,Xã Tân Lập,16.6103276,106.6949787,108.0,Unhealthy for Sensitive Groups,2,25.0,80,0.0,2.9,60,970.1,18,49.8,50.6,271.0,16.4,24.0,1.4
2026-04-17 05:00:00,2026,4,17,5,Quảng Trị,Xã Tân Lập,16.6103276,106.6949787,129.0,Unhealthy for Sensitive Groups,2,24.3,81,0.0,3.1,45,970.2,17,58.0,58.7,271.0,18.2,24.0,1.7
2026-04-17 06:00:00,2026,4,17,6,Quảng Trị,Xã Tân Lập,16.6103276,106.6949787,109.0,Unhealthy for Sensitive Groups,2,25.4,81,0.0,2.8,50,970.8,35,48.7,49.4,283.0,12.1,40.0,1.6
2026-04-17 06:00:00,2026,4,17,6,Quảng Trị,Xã Tân Lập,16.6103276,106.6949787,129.0,Unhealthy for Sensitive Groups,2,24.4,81,0.0,3.1,45,970.8,6,56.7,57.3,283.0,14.1,42.0,1.8
2026-04-17 07:00:00,2026,4,17,7,Quảng Trị,Xã Tân Lập,16.6103276,106.6949787,129.0,Unhealthy for Sensitive Groups,2,26.4,79,0.0,1.3,34,971.8,11,56.5,57.2,288.0,10.2,63.0,2.0
2026-04-17 07:00:00,2026,4,17,7,Quảng Trị,Xã Tân Lập,16.6103276,106.6949787,110.0,Unhealthy for Sensitive Groups,2,26.4,78,0.0,1.6,27,971.4,53,48.4,49.2,288.0,8.2,60.0,1.8
2026-04-17 08:00:00,2026,4,17,8,Quảng Trị,Xã Tân Lập,16.6103276,106.6949787,130.0,Unhealthy for Sensitive Groups,2,28.3,71,0.0,3.2,270,972.4,26,55.6,56.5,275.0,6.7,91.0,2.2
2026-04-17 08:00:00,2026,4,17,8,Quảng Trị,Xã Tân Lập,16.6103276,106.6949787,111.0,Unhealthy for Sensitive Groups,2,28.5,70,0.0,3.3,264,971.9,52,46.4,47.5,275.0,5.2,85.0,2.0
2026-04-17 09:00:00,2026,4,17,9,Quảng Trị,Xã Tân Lập,16.6103276,106.6949787,112.0,Unhealthy for Sensitive Groups,2,31.3,58,0.0,8.9,249,972.5,50,38.2,39.6,253.0,2.8,114.0,2.3
2026-04-17 09:00:00,2026,4,17,9,Quảng Trị,Xã Tân Lập,16.6103276,106.6949787,130.0,Unhealthy for Sensitive Groups,2,30.8,60,0.0,8.8,261,972.9,40,44.1,45.5,253.0,3.5,123.0,2.5
2026-04-17 10:00:00,2026,4,17,10,Quảng Trị,Xã Tân Lập,16.6103276,106.6949787,130.0,Unhealthy for Sensitive Groups,2,32.8,51,0.0,12.5,258,973.0,55,40.9,42.1,244.0,1.2,146.0,2.7
2026-04-17 10:00:00,2026,4,17,10,Quảng Trị,Xã Tân Lập,16.6103276,106.6949787,112.0,Unhealthy for Sensitive Groups,2,33.6,49,0.0,12.9,247,972.6,49,36.0,37.3,244.0,1.1,135.0,2.5
2026-04-17 11:00:00,2026,4,17,11,Quảng Trị,Xã Tân Lập,16.6103276,106.6949787,113.0,Unhealthy for Sensitive Groups,2,34.9,45,0.0,14.4,248,972.1,53,34.2,35.7,261.0,0.5,142.0,2.3
2026-04-17 11:00:00,2026,4,17,11,Quảng Trị,Xã Tân Lập,16.6103276,106.6949787,131.0,Unhealthy for Sensitive Groups,2,34.4,46,0.0,14.1,257,972.5,57,39.1,40.4,261.0,0.5,153.0,2.6
2026-04-17 12:00:00,2026,4,17,12,Quảng Trị,Xã Tân Lập,16.6103276,106.6949787,113.0,Unhealthy for Sensitive Groups,2,35.7,43,0.0,14.2,249,971.3,57,32.8,34.8,291.0,0.8,142.0,2.1
2026-04-17 12:00:00,2026,4,17,12,Quảng Trị,Xã Tân Lập,16.6103276,106.6949787,131.0,Unhealthy for Sensitive Groups,2,35.6,43,0.0,13.9,253,971.5,60,38.1,39.5,291.0,0.8,152.0,2.3
2026-04-17 13:00:00,2026,4,17,13,Quảng Trị,Xã Tân Lập,16.6103276,106.6949787,114.0,Unhealthy for Sensitive Groups,2,36.1,42,0.0,12.5,252,970.4,61,33.1,35.4,307.0,1.1,143.0,2.0
2026-04-17 13:00:00,2026,4,17,13,Quảng Trị,Xã Tân Lập,16.6103276,106.6949787,132.0,Unhealthy for Sensitive Groups,2,36.0,43,0.0,11.6,254,970.5,62,37.8,39.6,307.0,1.2,152.0,2.3
2026-04-17 14:00:00,2026,4,17,14,Quảng Trị,Xã Tân Lập,16.6103276,106.6949787,115.0,Unhealthy for Sensitive Groups,2,36.4,40,0.0,8.9,256,969.6,71,33.2,35.9,296.0,1.1,152.0,2.4
2026-04-17 14:00:00,2026,4,17,14,Quảng Trị,Xã Tân Lập,16.6103276,106.6949787,133.0,Unhealthy for Sensitive Groups,2,35.1,46,0.4,5.8,274,969.9,75,38.1,40.2,296.0,1.4,160.0,2.7
2026-04-17 15:00:00,2026,4,17,15,Quảng Trị,Xã Tân Lập,16.6103276,106.6949787,134.0,Unhealthy for Sensitive Groups,2,33.3,51,0.4,5.6,15,969.4,87,38.5,41.2,272.0,1.7,170.0,3.3
2026-04-17 15:00:00,2026,4,17,15,Quảng Trị,Xã Tân Lập,16.6103276,106.6949787,116.0,Unhealthy for Sensitive Groups,2,36.3,39,0.0,4.3,270,968.7,82,32.8,35.6,272.0,1.3,162.0,3.0
2026-04-17 16:00:00,2026,4,17,16,Quảng Trị,Xã Tân Lập,16.6103276,106.6949787,134.0,Unhealthy for Sensitive Groups,2,31.5,57,0.4,10.0,38,969.3,100,37.8,40.4,255.0,2.4,171.0,3.7
2026-04-17 16:00:00,2026,4,17,16,Quảng Trị,Xã Tân Lập,16.6103276,106.6949787,116.0,Unhealthy for Sensitive Groups,2,35.3,42,0.0,1.5,346,968.4,92,32.9,35.4,255.0,2.2,165.0,3.6
2026-04-17 17:00:00,2026,4,17,17,Quảng Trị,Xã Tân Lập,16.6103276,106.6949787,117.0,Unhealthy for Sensitive Groups,2,32.8,53,1.0,2.6,56,968.9,67,32.7,34.8,252.0,4.6,155.0,4.3
2026-04-17 17:00:00,2026,4,17,17,Quảng Trị,Xã Tân Lập,16.6103276,106.6949787,135.0,Unhealthy for Sensitive Groups,2,29.8,65,1.0,7.9,43,969.7,100,36.1,38.3,252.0,3.8,156.0,3.8
2026-04-17 18:00:00,2026,4,17,18,Quảng Trị,Xã Tân Lập,16.6103276,106.6949787,135.0,Unhealthy for Sensitive Groups,2,28.1,75,1.0,2.7,67,970.4,100,34.5,36.2,257.0,5.7,132.0,3.8
2026-04-17 18:00:00,2026,4,17,18,Quảng Trị,Xã Tân Lập,16.6103276,106.6949787,121.0,Unhealthy for Sensitive Groups,2,29.4,68,1.0,4.5,76,969.8,41,34.2,36.2,257.0,7.9,138.0,5.1
2026-04-17 19:00:00,2026,4,17,19,Quảng Trị,Xã Tân Lập,16.6103276,106.6949787,135.0,Unhealthy for Sensitive Groups,2,26.7,82,1.0,1.8,169,971.1,100,35.5,37.0,265.0,7.7,109.0,3.8
2026-04-17 19:00:00,2026,4,17,19,Quảng Trị,Xã Tân Lập,16.6103276,106.6949787,122.0,Unhealthy for Sensitive Groups,2,26.7,79,1.0,5.4,82,970.7,16,34.7,36.4,265.0,10.5,121.0,5.7
2026-04-17 20:00:00,2026,4,17,20,Quảng Trị,Xã Tân Lập,16.6103276,106.6949787,134.0,Unhealthy for Sensitive Groups,2,26.1,84,0.3,1.8,143,971.8,71,38.9,40.4,280.0,10.0,90.0,4.0
2026-04-17 20:00:00,2026,4,17,20,Quảng Trị,Xã Tân Lập,16.6103276,106.6949787,117.0,Unhealthy for Sensitive Groups,2,25.6,83,0.9,5.2,78,971.5,44,33.9,35.4,280.0,11.9,106.0,6.0
2026-04-17 21:00:00,2026,4,17,21,Quảng Trị,Xã Tân Lập,16.6103276,106.6949787,134.0,Unhealthy for Sensitive Groups,2,25.9,83,0.3,3.3,84,972.5,41,45.4,46.8,298.0,12.4,73.0,4.3
2026-04-17 21:00:00,2026,4,17,21,Quảng Trị,Xã Tân Lập,16.6103276,106.6949787,117.0,Unhealthy for Sensitive Groups,2,25.2,84,0.9,4.3,66,972.2,72,37.6,39.5,298.0,12.7,92.0,6.2
2026-04-17 22:00:00,2026,4,17,22,Quảng Trị,Xã Tân Lập,16.6103276,106.6949787,133.0,Unhealthy for Sensitive Groups,2,25.6,84,0.3,5.0,69,972.7,12,48.2,49.6,313.0,14.1,59.0,4.4
2026-04-17 22:00:00,2026,4,17,22,Quảng Trị,Xã Tân Lập,16.6103276,106.6949787,117.0,Unhealthy for Sensitive Groups,2,24.9,86,0.9,3.9,56,972.4,100,41.0,42.8,313.0,13.2,80.0,6.2
2026-04-17 23:00:00,2026,4,17,23,Quảng Trị,Xã Tân Lập,16.6103276,106.6949787,132.0,Unhealthy for Sensitive Groups,2,25.1,88,0.0,5.0,69,972.4,22,47.6,49.0,320.0,14.6,51.0,4.2
2026-04-17 23:00:00,2026,4,17,23,Quảng Trị,Xã Tân Lập,16.6103276,106.6949787,116.0,Unhealthy for Sensitive Groups,2,24.5,90,0.0,3.6,53,972.1,82,39.6,42.0,320.0,13.5,70.0,6.1
2026-04-18 00:00:00,2026,4,18,0,Quảng Trị,Xã Tân Lập,16.6103276,106.6949787,131.0,Unhealthy for Sensitive Groups,2,24.5,92,0.0,4.7,67,971.6,31,45.3,46.6,323.0,14.4,46.0,3.9
2026-04-18 00:00:00,2026,4,18,0,Quảng Trị,Xã Tân Lập,16.6103276,106.6949787,115.0,Unhealthy for Sensitive Groups,2,24.3,94,0.0,3.4,58,971.3,64,38.0,41.0,323.0,13.7,62.0,5.9
2026-04-18 01:00:00,2026,4,18,1,Quảng Trị,Xã Tân Lập,16.6103276,106.6949787,129.0,Unhealthy for Sensitive Groups,2,24.0,96,0.0,4.2,70,971.1,41,47.3,48.5,323.0,14.4,43.0,3.5
2026-04-18 01:00:00,2026,4,18,1,Quảng Trị,Xã Tân Lập,16.6103276,106.6949787,113.0,Unhealthy for Sensitive Groups,2,24.1,97,0.0,3.4,58,970.7,46,37.0,40.2,323.0,13.9,56.0,5.3
2026-04-18 02:00:00,2026,4,18,2,Quảng Trị,Xã Tân Lập,16.6103276,106.6949787,111.0,Unhealthy for Sensitive Groups,2,23.8,98,0.0,3.4,58,970.4,47,36.4,39.7,321.0,14.7,52.0,4.2
2026-04-18 02:00:00,2026,4,18,2,Quảng Trị,Xã Tân Lập,16.6103276,106.6949787,127.0,Unhealthy for Sensitive Groups,2,23.5,97,0.0,3.9,68,970.7,44,49.2,50.6,321.0,15.4,39.0,2.9
2026-04-18 03:00:00,2026,4,18,3,Quảng Trị,Xã Tân Lập,16.6103276,106.6949787,109.0,Unhealthy for Sensitive Groups,2,23.4,99,0.0,3.7,61,970.3,47,36.9,40.4,316.0,15.6,50.0,2.8
2026-04-18 03:00:00,2026,4,18,3,Quảng Trị,Xã Tân Lập,16.6103276,106.6949787,125.0,Unhealthy for Sensitive Groups,2,23.1,98,0.0,3.9,68,970.5,46,51.3,53.0,316.0,16.5,36.0,2.3
2026-04-18 04:00:00,2026,4,18,4,Quảng Trị,Xã Tân Lập,16.6103276,106.6949787,107.0,Unhealthy for Sensitive Groups,2,23.4,98,0.0,3.7,61,970.4,48,40.5,42.8,309.0,15.5,49.0,1.6
2026-04-18 04:00:00,2026,4,18,4,Quảng Trị,Xã Tân Lập,16.6103276,106.6949787,124.0,Unhealthy for Sensitive Groups,2,23.1,97,0.0,3.5,66,970.5,49,53.6,55.2,309.0,16.4,37.0,1.7
2026-04-18 05:00:00,2026,4,18,5,Quảng Trị,Xã Tân Lập,16.6103276,106.6949787,123.0,Unhealthy for Sensitive Groups,2,23.5,96,0.0,3.2,63,971.0,39,54.9,56.7,297.0,13.9,43.0,1.2
2026-04-18 05:00:00,2026,4,18,5,Quảng Trị,Xã Tân Lập,16.6103276,106.6949787,106.0,Unhealthy for Sensitive Groups,2,24.0,96,0.0,3.8,73,971.0,35,39.6,41.7,297.0,13.4,51.0,1.0
2026-04-18 06:00:00,2026,4,18,6,Quảng Trị,Xã Tân Lập,16.6103276,106.6949787,105.0,Unhealthy for Sensitive Groups,2,24.8,93,0.0,4.3,85,971.7,22,36.9,38.8,282.0,10.4,54.0,0.6
2026-04-18 06:00:00,2026,4,18,6,Quảng Trị,Xã Tân Lập,16.6103276,106.6949787,123.0,Unhealthy for Sensitive Groups,2,24.3,95,0.0,3.1,69,971.8,30,56.0,57.9,282.0,10.2,54.0,0.7
2026-04-18 07:00:00,2026,4,18,7,Quảng Trị,Xã Tân Lập,16.6103276,106.6949787,104.0,Unhealthy for Sensitive Groups,2,25.7,90,0.0,3.6,90,972.4,9,22.9,24.5,275.0,8.1,57.0,0.4
2026-04-18 07:00:00,2026,4,18,7,Quảng Trị,Xã Tân Lập,16.6103276,106.6949787,123.0,Unhealthy for Sensitive Groups,2,25.4,91,0.0,2.3,72,972.5,20,43.8,45.9,321.5,6.9,68.0,0.5
2026-04-18 08:00:00,2026,4,18,8,Quảng Trị,Xã Tân Lập,16.6103276,106.6949787,101.0,Unhealthy for Sensitive Groups,2,26.4,87,0.5,1.3,34,973.3,35,38.8,40.95,272.0,5.85,79.0,0.55
2026-04-18 08:00:00,2026,4,18,8,Quảng Trị,Xã Tân Lập,16.6103276,106.6949787,121.0,Unhealthy for Sensitive Groups,2,27.0,83,0.1,0.8,63,973.2,43,33.8,36.0,344.5,4.8,90.0,0.6
2026-04-18 09:00:00,2026,4,18,9,Quảng Trị,Xã Tân Lập,16.6103276,106.6949787,120.0,Unhealthy for Sensitive Groups,2,27.0,83,0.5,4.6,309,974.1,60,32.45,34.6,274.0,3.95,103.0,0.8
2026-04-18 09:00:00,2026,4,18,9,Quảng Trị,Xã Tân Lập,16.6103276,106.6949787,119.0,Unhealthy for Sensitive Groups,2,29.0,74,0.1,1.4,270,973.8,66,31.1,33.2,354.2,3.1,116.0,1.0
2026-04-18 10:00:00,2026,4,18,10,Quảng Trị,Xã Tân Lập,16.6103276,106.6949787,118.5,Unhealthy for Sensitive Groups,2,27.9,78,0.5,6.8,302,974.4,86,31.4,33.55,352.1,2.55,126.0,1.1
2026-04-18 10:00:00,2026,4,18,10,Quảng Trị,Xã Tân Lập,16.6103276,106.6949787,118.0,Unhealthy for Sensitive Groups,2,30.4,67,0.1,2.2,261,974.1,89,31.7,33.9,350.0,2.0,136.0,1.2
2026-04-18 11:00:00,2026,4,18,11,Quảng Trị,Xã Tân Lập,16.6103276,106.6949787,117.5,Unhealthy for Sensitive Groups,2,29.3,71,0.2,5.5,302,973.8,87,29.65,31.65,338.5,1.7,140.0,1.15
2026-04-18 11:00:00,2026,4,18,11,Quảng Trị,Xã Tân Lập,16.6103276,106.6949787,117.0,Unhealthy for Sensitive Groups,2,30.9,65,0.3,1.4,270,973.7,88,27.6,29.4,327.0,1.4,144.0,1.1
2026-04-18 12:00:00,2026,4,18,12,Quảng Trị,Xã Tân Lập,16.6103276,106.6949787,116.5,Unhealthy for Sensitive Groups,2,30.8,63,0.2,2.3,309,972.7,88,26.950000000000003,28.65,319.0,1.35,145.0,0.9500000000000001
2026-04-18 12:00:00,2026,4,18,12,Quảng Trị,Xã Tân Lập,16.6103276,106.6949787,116.0,Unhealthy for Sensitive Groups,2,30.9,66,0.3,0.5,45,972.8,86,26.3,27.9,311.0,1.3,146.0,0.8
2026-04-18 13:00:00,2026,4,18,13,Quảng Trị,Xã Tân Lập,16.6103276,106.6949787,114.0,Unhealthy for Sensitive Groups,2,30.7,67,0.3,2.6,74,972.0,85,23.7,25.4,293.0,1.4,144.0,0.6
2026-04-18 13:00:00,2026,4,18,13,Quảng Trị,Xã Tân Lập,16.6103276,106.6949787,113.5,Unhealthy for Sensitive Groups,2,31.7,59,0.2,1.1,72,971.8,89,22.15,23.85,280.5,1.4,141.5,0.6
2026-04-18 14:00:00,2026,4,18,14,Quảng Trị,Xã Tân Lập,16.6103276,106.6949787,113.0,Unhealthy for Sensitive Groups,2,30.5,67,0.5,5.2,78,971.4,90,20.6,22.3,268.0,1.4,139.0,0.6
2026-04-18 14:00:00,2026,4,18,14,Quảng Trị,Xã Tân Lập,16.6103276,106.6949787,112.33333333333333,Unhealthy for Sensitive Groups,2,31.5,60,0.6,3.7,79,971.1,93,19.900000000000002,21.633333333333333,259.6666666666667,1.4333333333333333,136.33333333333334,0.6333333333333333
2026-04-18 15:00:00,2026,4,18,15,Quảng Trị,Xã Tân Lập,16.6103276,106.6949787,111.66666666666667,Unhealthy for Sensitive Groups,2,30.7,65,0.6,6.7,74,970.6,96,19.2,20.96666666666667,251.33333333333334,1.4666666666666666,133.66666666666666,0.6666666666666666
2026-04-18 15:00:00,2026,4,18,15,Quảng Trị,Xã Tân Lập,16.6103276,106.6949787,111.0,Unhealthy for Sensitive Groups,2,30.1,68,0.5,8.0,82,970.9,95,18.5,20.3,243.0,1.5,131.0,0.7
2026-04-18 16:00:00,2026,4,18,16,Quảng Trị,Xã Tân Lập,16.6103276,106.6949787,110.0,Unhealthy for Sensitive Groups,2,29.8,69,0.6,8.7,73,970.3,100,17.65,19.450000000000003,234.0,1.8,126.5,0.85
2026-04-18 16:00:00,2026,4,18,16,Quảng Trị,Xã Tân Lập,16.6103276,106.6949787,109.0,Unhealthy for Sensitive Groups,2,29.5,69,0.5,9.4,83,970.6,100,16.8,18.6,225.0,2.1,122.0,1.0
2026-04-18 17:00:00,2026,4,18,17,Quảng Trị,Xã Tân Lập,16.6103276,106.6949787,107.0,Unhealthy for Sensitive Groups,2,28.5,72,0.0,9.1,83,970.7,100,16.8,18.6,221.0,3.5,111.0,1.5
2026-04-18 17:00:00,2026,4,18,17,Quảng Trị,Xã Tân Lập,16.6103276,106.6949787,106.0,Unhealthy for Sensitive Groups,2,28.8,72,0.0,8.9,76,970.3,79,16.6,18.35,223.0,4.4,105.0,1.8
2026-04-18 18:00:00,2026,4,18,18,Quảng Trị,Xã Tân Lập,16.6103276,106.6949787,105.0,Unhealthy for Sensitive Groups,2,27.4,76,0.0,7.6,85,971.1,100,16.4,18.1,225.0,5.3,99.0,2.1
2026-04-18 18:00:00,2026,4,18,18,Quảng Trị,Xã Tân Lập,16.6103276,106.6949787,104.0,Unhealthy for Sensitive Groups,2,27.8,76,0.0,7.7,79,970.6,58,17.4,19.200000000000003,227.0,5.949999999999999,94.5,2.35
2026-04-18 19:00:00,2026,4,18,19,Quảng Trị,Xã Tân Lập,16.6103276,106.6949787,103.0,Unhealthy for Sensitive Groups,2,26.4,80,0.0,6.2,83,971.5,100,18.4,20.3,229.0,6.6,90.0,2.6
2026-04-18 19:00:00,2026,4,18,19,Quảng Trị,Xã Tân Lập,16.6103276,106.6949787,102.0,Unhealthy for Sensitive Groups,2,26.9,79,0.0,6.9,81,971.0,37,18.4,20.3,229.0,6.6,90.0,2.6
2026-04-18 20:00:00,2026,4,18,20,Quảng Trị,Xã Tân Lập,16.6103276,106.6949787,101.0,Unhealthy for Sensitive Groups,2,25.8,83,0.0,5.9,79,971.9,90,18.4,20.3,229.0,6.6,90.0,2.6
2026-04-18 20:00:00,2026,4,18,20,Quảng Trị,Xã Tân Lập,16.6103276,106.6949787,101.0,Unhealthy for Sensitive Groups,2,26.3,82,0.0,6.2,80,971.5,35,18.4,20.3,229.0,6.6,90.0,2.6
2026-04-18 21:00:00,2026,4,18,21,Quảng Trị,Xã Tân Lập,16.6103276,106.6949787,101.0,Unhealthy for Sensitive Groups,2,25.7,85,0.0,5.6,75,972.1,34,18.4,20.3,229.0,6.6,90.0,2.6
2026-04-18 21:00:00,2026,4,18,21,Quảng Trị,Xã Tân Lập,16.6103276,106.6949787,101.0,Unhealthy for Sensitive Groups,2,25.4,86,0.0,5.9,79,972.2,79,18.4,20.3,229.0,6.6,90.0,2.6
2026-04-18 22:00:00,2026,4,18,22,Quảng Trị,Xã Tân Lập,16.6103276,106.6949787,101.0,Unhealthy for Sensitive Groups,2,25.2,88,0.0,4.9,73,972.3,32,18.4,20.3,229.0,6.6,90.0,2.6
2026-04-18 22:00:00,2026,4,18,22,Quảng Trị,Xã Tân Lập,16.6103276,106.6949787,101.0,Unhealthy for Sensitive Groups,2,24.9,88,0.0,5.6,75,972.3,69,18.4,20.3,229.0,6.6,90.0,2.6
2026-04-18 23:00:00,2026,4,18,23,Quảng Trị,Xã Tân Lập,16.6103276,106.6949787,101.0,Unhealthy for Sensitive Groups,2,24.7,91,0.0,4.6,72,971.9,33,18.4,20.3,229.0,6.6,90.0,2.6
2026-04-18 23:00:00,2026,4,18,23,Quảng Trị,Xã Tân Lập,16.6103276,106.6949787,101.0,Unhealthy for Sensitive Groups,2,24.2,91,0.0,4.9,73,972.0,59,18.4,20.3,229.0,6.6,90.0,2.6
2026-04-19 00:00:00,2026,4,19,0,Quảng Trị,Xã Tân Lập,16.6103276,106.6949787,101.0,Unhealthy for Sensitive Groups,2,23.6,93,0.0,4.2,70,971.3,48,18.4,20.3,229.0,6.6,90.0,2.6
2026-04-19 00:00:00,2026,4,19,0,Quảng Trị,Xã Tân Lập,16.6103276,106.6949787,101.0,Unhealthy for Sensitive Groups,2,24.2,93,0.0,4.2,70,971.3,35,18.4,20.3,229.0,6.6,90.0,2.6
2026-04-19 01:00:00,2026,4,19,1,Quảng Trị,Xã Tân Lập,16.6103276,106.6949787,101.0,Unhealthy for Sensitive Groups,2,23.7,95,0.0,4.2,70,970.7,36,18.4,20.3,229.0,6.6,90.0,2.6
2026-04-19 01:00:00,2026,4,19,1,Quảng Trị,Xã Tân Lập,16.6103276,106.6949787,101.0,Unhealthy for Sensitive Groups,2,23.1,95,0.0,3.9,68,970.8,38,18.4,20.3,229.0,6.6,90.0,2.6
2026-04-19 02:00:00,2026,4,19,2,Quảng Trị,Xã Tân Lập,16.6103276,106.6949787,101.0,Unhealthy for Sensitive Groups,2,23.2,96,0.0,4.2,70,970.3,40,18.4,20.3,229.0,6.6,90.0,2.6
2026-04-19 03:00:00,2026,4,19,3,Quảng Trị,Xã Tân Lập,16.6103276,106.6949787,101.0,Unhealthy for Sensitive Groups,2,22.8,97,0.0,4.2,70,969.9,45,18.4,20.3,229.0,6.6,90.0,2.6
2026-04-19 04:00:00,2026,4,19,4,Quảng Trị,Xã Tân Lập,16.6103276,106.6949787,101.0,Unhealthy for Sensitive Groups,2,22.8,97,0.0,4.2,70,969.8,49,18.4,20.3,229.0,6.6,90.0,2.6
2026-04-19 05:00:00,2026,4,19,5,Quảng Trị,Xã Tân Lập,16.6103276,106.6949787,101.0,Unhealthy for Sensitive Groups,2,23.2,96,0.0,4.2,70,970.2,33,18.4,20.3,229.0,6.6,90.0,2.6
2026-04-19 06:00:00,2026,4,19,6,Quảng Trị,Xã Tân Lập,16.6103276,106.6949787,101.0,Unhealthy for Sensitive Groups,2,24.0,94,0.0,3.9,68,971.0,16,18.4,20.3,229.0,6.6,90.0,2.6
2026-04-19 07:00:00,2026,4,19,7,Quảng Trị,Xã Tân Lập,16.6103276,106.6949787,101.0,Unhealthy for Sensitive Groups,2,25.2,90,0.0,3.1,69,971.6,0,18.4,20.3,229.0,6.6,90.0,2.6
2026-04-19 08:00:00,2026,4,19,8,Quảng Trị,Xã Tân Lập,16.6103276,106.6949787,101.0,Unhealthy for Sensitive Groups,2,27.3,80,0.0,1.6,117,972.1,16,18.4,20.3,229.0,6.6,90.0,2.6
2026-04-19 09:00:00,2026,4,19,9,Quảng Trị,Xã Tân Lập,16.6103276,106.6949787,101.0,Unhealthy for Sensitive Groups,2,29.9,68,0.0,2.5,188,972.4,32,18.4,20.3,229.0,6.6,90.0,2.6
2026-04-19 10:00:00,2026,4,19,10,Quảng Trị,Xã Tân Lập,16.6103276,106.6949787,101.0,Unhealthy for Sensitive Groups,2,31.5,60,0.0,3.7,209,972.5,48,18.4,20.3,229.0,6.6,90.0,2.6
2026-04-19 11:00:00,2026,4,19,11,Quảng Trị,Xã Tân Lập,16.6103276,106.6949787,101.0,Unhealthy for Sensitive Groups,2,31.1,61,1.8,2.5,262,972.2,65,18.4,20.3,229.0,6.6,90.0,2.6
2026-04-19 12:00:00,2026,4,19,12,Quảng Trị,Xã Tân Lập,16.6103276,106.6949787,101.0,Unhealthy for Sensitive Groups,2,29.8,68,1.8,4.9,324,971.5,83,18.4,20.3,229.0,6.6,90.0,2.6
2026-04-19 13:00:00,2026,4,19,13,Quảng Trị,Xã Tân Lập,16.6103276,106.6949787,101.0,Unhealthy for Sensitive Groups,2,28.6,73,1.8,6.6,338,970.9,100,18.4,20.3,229.0,6.6,90.0,2.6
2026-04-19 14:00:00,2026,4,19,14,Quảng Trị,Xã Tân Lập,16.6103276,106.6949787,101.0,Unhealthy for Sensitive Groups,2,28.0,76,1.4,4.0,333,970.3,100,18.4,20.3,229.0,6.6,90.0,2.6
2026-04-19 15:00:00,2026,4,19,15,Quảng Trị,Xã Tân Lập,16.6103276,106.6949787,101.0,Unhealthy for Sensitive Groups,2,27.5,78,1.4,1.5,194,969.9,100,18.4,20.3,229.0,6.6,90.0,2.6
2026-04-19 16:00:00,2026,4,19,16,Quảng Trị,Xã Tân Lập,16.6103276,106.6949787,101.0,Unhealthy for Sensitive Groups,2,27.0,80,1.4,4.7,171,969.6,100,18.4,20.3,229.0,6.6,90.0,2.6
2026-04-19 17:00:00,2026,4,19,17,Quảng Trị,Xã Tân Lập,16.6103276,106.6949787,101.0,Unhealthy for Sensitive Groups,2,26.4,83,0.1,4.7,157,969.7,100,18.4,20.3,229.0,6.6,90.0,2.6
2026-04-19 18:00:00,2026,4,19,18,Quảng Trị,Xã Tân Lập,16.6103276,106.6949787,101.0,Unhealthy for Sensitive Groups,2,25.9,86,0.1,3.6,127,969.9,100,18.4,20.3,229.0,6.6,90.0,2.6
2026-04-19 19:00:00,2026,4,19,19,Quảng Trị,Xã Tân Lập,16.6103276,106.6949787,101.0,Unhealthy for Sensitive Groups,2,25.3,89,0.1,3.6,96,970.2,100,18.4,20.3,229.0,6.6,90.0,2.6
2026-04-19 20:00:00,2026,4,19,20,Quảng Trị,Xã Tân Lập,16.6103276,106.6949787,101.0,Unhealthy for Sensitive Groups,2,24.9,92,0.0,4.0,85,970.7,100,18.4,20.3,229.0,6.6,90.0,2.6
2026-04-19 21:00:00,2026,4,19,21,Quảng Trị,Xã Tân Lập,16.6103276,106.6949787,101.0,Unhealthy for Sensitive Groups,2,24.5,94,0.0,4.0,85,971.3,100,18.4,20.3,229.0,6.6,90.0,2.6
2026-04-19 22:00:00,2026,4,19,22,Quảng Trị,Xã Tân Lập,16.6103276,106.6949787,101.0,Unhealthy for Sensitive Groups,2,24.2,96,0.0,3.7,79,971.7,100,18.4,20.3,229.0,6.6,90.0,2.6
2026-04-19 23:00:00,2026,4,19,23,Quảng Trị,Xã Tân Lập,16.6103276,106.6949787,101.0,Unhealthy for Sensitive Groups,2,23.7,98,0.0,3.2,63,971.4,100,18.4,20.3,229.0,6.6,90.0,2.6
2026-04-20 00:00:00,2026,4,20,0,Quảng Trị,Xã Tân Lập,16.6103276,106.6949787,101.0,Unhealthy for Sensitive Groups,2,23.3,99,0.0,3.1,45,971.0,100,18.4,20.3,229.0,6.6,90.0,2.6
2026-04-20 01:00:00,2026,4,20,1,Quảng Trị,Xã Tân Lập,16.6103276,106.6949787,101.0,Unhealthy for Sensitive Groups,2,22.9,100,0.0,3.1,36,970.4,100,18.4,20.3,229.0,6.6,90.0,2.6
2026-04-20 02:00:00,2026,4,20,2,Quảng Trị,Xã Tân Lập,16.6103276,106.6949787,101.0,Unhealthy for Sensitive Groups,2,22.5,100,0.0,3.4,32,970.0,100,18.4,20.3,229.0,6.6,90.0,2.6
2026-04-20 03:00:00,2026,4,20,3,Quảng Trị,Xã Tân Lập,16.6103276,106.6949787,101.0,Unhealthy for Sensitive Groups,2,22.2,100,0.0,3.3,41,969.6,100,18.4,20.3,229.0,6.6,90.0,2.6
2026-04-20 04:00:00,2026,4,20,4,Quảng Trị,Xã Tân Lập,16.6103276,106.6949787,101.0,Unhealthy for Sensitive Groups,2,22.2,99,0.0,3.3,41,969.5,100,18.4,20.3,229.0,6.6,90.0,2.6
2026-04-20 05:00:00,2026,4,20,5,Quảng Trị,Xã Tân Lập,16.6103276,106.6949787,101.0,Unhealthy for Sensitive Groups,2,22.7,99,0.0,3.1,45,969.9,81,18.4,20.3,229.0,6.6,90.0,2.6
2026-04-20 06:00:00,2026,4,20,6,Quảng Trị,Xã Tân Lập,16.6103276,106.6949787,101.0,Unhealthy for Sensitive Groups,2,23.5,98,0.0,2.5,45,970.8,63,18.4,20.3,229.0,6.6,90.0,2.6
2026-04-20 07:00:00,2026,4,20,7,Quảng Trị,Xã Tân Lập,16.6103276,106.6949787,101.0,Unhealthy for Sensitive Groups,2,24.6,95,0.0,1.3,34,971.5,44,18.4,20.3,229.0,6.6,90.0,2.6
2026-04-20 08:00:00,2026,4,20,8,Quảng Trị,Xã Tân Lập,16.6103276,106.6949787,101.0,Unhealthy for Sensitive Groups,2,26.4,87,0.0,2.3,252,972.1,63,18.4,20.3,229.0,6.6,90.0,2.6
2026-04-20 09:00:00,2026,4,20,9,Quảng Trị,Xã Tân Lập,16.6103276,106.6949787,101.0,Unhealthy for Sensitive Groups,2,28.5,76,0.0,6.1,242,972.8,81,18.4,20.3,229.0,6.6,90.0,2.6
2026-04-20 10:00:00,2026,4,20,10,Quảng Trị,Xã Tân Lập,16.6103276,106.6949787,101.0,Unhealthy for Sensitive Groups,2,30.0,68,0.0,9.5,245,973.0,100,18.4,20.3,229.0,6.6,90.0,2.6
2026-04-20 11:00:00,2026,4,20,11,Quảng Trị,Xã Tân Lập,16.6103276,106.6949787,101.0,Unhealthy for Sensitive Groups,2,30.4,66,0.7,11.3,253,972.5,100,18.4,20.3,229.0,6.6,90.0,2.6
2026-04-20 12:00:00,2026,4,20,12,Quảng Trị,Xã Tân Lập,16.6103276,106.6949787,101.0,Unhealthy for Sensitive Groups,2,30.1,68,0.7,13.0,264,971.7,100,18.4,20.3,229.0,6.6,90.0,2.6
2026-04-20 13:00:00,2026,4,20,13,Quảng Trị,Xã Tân Lập,16.6103276,106.6949787,101.0,Unhealthy for Sensitive Groups,2,29.7,70,0.7,13.3,270,971.0,100,18.4,20.3,229.0,6.6,90.0,2.6
2026-04-20 14:00:00,2026,4,20,14,Quảng Trị,Xã Tân Lập,16.6103276,106.6949787,101.0,Unhealthy for Sensitive Groups,2,29.3,71,1.0,11.9,273,970.5,100,18.4,20.3,229.0,6.6,90.0,2.6
2026-04-20 15:00:00,2026,4,20,15,Quảng Trị,Xã Tân Lập,16.6103276,106.6949787,101.0,Unhealthy for Sensitive Groups,2,28.7,73,1.0,9.1,279,970.0,100,18.4,20.3,229.0,6.6,90.0,2.6
2026-04-20 16:00:00,2026,4,20,16,Quảng Trị,Xã Tân Lập,16.6103276,106.6949787,101.0,Unhealthy for Sensitive Groups,2,28.2,75,1.0,6.6,283,969.8,100,18.4,20.3,229.0,6.6,90.0,2.6
2026-04-20 17:00:00,2026,4,20,17,Quảng Trị,Xã Tân Lập,16.6103276,106.6949787,101.0,Unhealthy for Sensitive Groups,2,27.6,78,0.1,4.0,280,969.8,100,18.4,20.3,229.0,6.6,90.0,2.6
2026-04-20 18:00:00,2026,4,20,18,Quảng Trị,Xã Tân Lập,16.6103276,106.6949787,101.0,Unhealthy for Sensitive Groups,2,27.0,82,0.1,1.8,270,970.1,100,18.4,20.3,229.0,6.6,90.0,2.6
2026-04-20 19:00:00,2026,4,20,19,Quảng Trị,Xã Tân Lập,16.6103276,106.6949787,101.0,Unhealthy for Sensitive Groups,2,26.5,85,0.1,0.7,180,970.4,100,18.4,20.3,229.0,6.6,90.0,2.6
2026-04-20 20:00:00,2026,4,20,20,Quảng Trị,Xã Tân Lập,16.6103276,106.6949787,101.0,Unhealthy for Sensitive Groups,2,26.0,87,0.0,1.1,108,970.8,82,18.4,20.3,229.0,6.6,90.0,2.6
2026-04-20 21:00:00,2026,4,20,21,Quảng Trị,Xã Tân Lập,16.6103276,106.6949787,101.0,Unhealthy for Sensitive Groups,2,25.6,88,0.0,1.8,79,971.3,64,18.4,20.3,229.0,6.6,90.0,2.6
2026-04-20 22:00:00,2026,4,20,22,Quảng Trị,Xã Tân Lập,16.6103276,106.6949787,101.0,Unhealthy for Sensitive Groups,2,25.1,89,0.0,2.4,63,971.5,46,18.4,20.3,229.0,6.6,90.0,2.6
2026-04-20 23:00:00,2026,4,20,23,Quảng Trị,Xã Tân Lập,16.6103276,106.6949787,101.0,Unhealthy for Sensitive Groups,2,24.7,90,0.0,2.9,60,971.3,42,18.4,20.3,229.0,6.6,90.0,2.6
