timestamp,year,month,day,hour,province,location,lat,lon,aqi,pollution_level,pollution_class,temp,humidity,rain,wind_speed,wind_dir,pressure,cloud,pm2_5,pm10,co,no2,o3,so2
2026-04-14 01:00:00,2026,4,14,1,Hồ Chí Minh,Xã Hòa Hiệp,10.7080104,107.4954911,70.0,Moderate,1,24.9,91,0.0,2.1,121,1000.9,6,30.9,35.0,147.0,16.8,46.0,2.2
2026-04-14 02:00:00,2026,4,14,2,Hồ Chí Minh,Xã Hòa Hiệp,10.7080104,107.4954911,70.0,Moderate,1,24.7,92,0.0,2.0,135,1000.4,22,31.7,35.7,142.0,17.7,43.0,2.0
2026-04-14 03:00:00,2026,4,14,3,Hồ Chí Minh,Xã Hòa Hiệp,10.7080104,107.4954911,71.0,Moderate,1,24.7,93,0.0,1.5,166,1000.2,45,32.5,36.7,140.0,18.0,40.0,1.9
2026-04-14 04:00:00,2026,4,14,4,Hồ Chí Minh,Xã Hòa Hiệp,10.7080104,107.4954911,71.0,Moderate,1,24.9,92,0.0,1.3,214,1000.7,76,34.3,38.4,140.0,17.8,41.0,1.8
2026-04-14 05:00:00,2026,4,14,5,Hồ Chí Minh,Xã Hòa Hiệp,10.7080104,107.4954911,72.0,Moderate,1,25.1,92,0.0,0.7,180,1001.3,75,37.3,41.4,141.0,17.0,45.0,2.0
2026-04-14 06:00:00,2026,4,14,6,Hồ Chí Minh,Xã Hòa Hiệp,10.7080104,107.4954911,72.0,Moderate,1,25.2,91,0.0,1.5,104,1001.8,76,41.6,45.8,144.0,15.6,52.0,2.4
2026-04-14 07:00:00,2026,4,14,7,Hồ Chí Minh,Xã Hòa Hiệp,10.7080104,107.4954911,73.0,Moderate,1,26.3,89,0.0,2.3,108,1002.5,63,32.0,36.3,146.0,13.4,61.0,2.5
2026-04-14 08:00:00,2026,4,14,8,Hồ Chí Minh,Xã Hòa Hiệp,10.7080104,107.4954911,74.0,Moderate,1,27.8,81,0.0,6.8,155,1003.3,58,17.9,22.7,148.0,9.7,74.0,2.1
2026-04-14 09:00:00,2026,4,14,9,Hồ Chí Minh,Xã Hòa Hiệp,10.7080104,107.4954911,74.0,Moderate,1,29.3,72,0.0,8.6,158,1003.6,58,16.8,21.5,151.0,5.1,89.0,1.4
2026-04-14 09:00:00,2026,4,14,9,Hồ Chí Minh,Xã Hòa Hiệp,10.7080104,107.4954911,80.0,Moderate,1,29.0,73,0.0,7.2,153,1003.9,67,19.4,24.0,151.0,4.4,92.0,1.3
2026-04-14 10:00:00,2026,4,14,10,Hồ Chí Minh,Xã Hòa Hiệp,10.7080104,107.4954911,74.0,Moderate,1,30.6,66,0.0,9.0,157,1003.6,77,21.7,26.0,152.0,1.8,100.0,0.9
2026-04-14 10:00:00,2026,4,14,10,Hồ Chí Minh,Xã Hòa Hiệp,10.7080104,107.4954911,80.0,Moderate,1,30.3,67,0.0,7.9,150,1003.7,82,18.2,22.2,152.0,1.4,104.0,0.9
2026-04-14 11:00:00,2026,4,14,11,Hồ Chí Minh,Xã Hòa Hiệp,10.7080104,107.4954911,80.0,Moderate,1,31.5,62,0.0,8.9,148,1003.0,77,16.9,20.7,152.0,0.4,108.0,0.7
2026-04-14 11:00:00,2026,4,14,11,Hồ Chí Minh,Xã Hòa Hiệp,10.7080104,107.4954911,74.0,Moderate,1,31.8,61,0.0,9.7,153,1003.1,77,15.9,19.6,152.0,0.7,105.0,0.8
2026-04-14 12:00:00,2026,4,14,12,Hồ Chí Minh,Xã Hòa Hiệp,10.7080104,107.4954911,80.0,Moderate,1,32.2,59,0.0,9.6,146,1002.1,64,15.9,19.4,151.0,0.6,108.0,0.7
2026-04-14 12:00:00,2026,4,14,12,Hồ Chí Minh,Xã Hòa Hiệp,10.7080104,107.4954911,74.0,Moderate,1,32.6,58,0.0,10.0,154,1002.0,72,15.4,18.7,151.0,0.8,107.0,0.8
2026-04-14 13:00:00,2026,4,14,13,Hồ Chí Minh,Xã Hòa Hiệp,10.7080104,107.4954911,79.0,Moderate,1,32.8,57,0.0,11.1,151,1001.1,46,15.0,18.3,150.0,0.9,106.0,0.7
2026-04-14 13:00:00,2026,4,14,13,Hồ Chí Minh,Xã Hòa Hiệp,10.7080104,107.4954911,74.0,Moderate,1,33.1,56,0.0,11.3,158,1001.0,52,15.3,18.6,150.0,1.1,107.0,0.8
2026-04-14 14:00:00,2026,4,14,14,Hồ Chí Minh,Xã Hòa Hiệp,10.7080104,107.4954911,79.0,Moderate,1,32.7,58,0.0,12.9,157,1000.3,55,14.3,17.4,149.0,0.8,105.0,0.7
2026-04-14 14:00:00,2026,4,14,14,Hồ Chí Minh,Xã Hòa Hiệp,10.7080104,107.4954911,74.0,Moderate,1,32.8,57,0.0,12.9,162,1000.0,51,15.0,18.1,149.0,1.0,106.0,0.8
2026-04-14 15:00:00,2026,4,14,15,Hồ Chí Minh,Xã Hòa Hiệp,10.7080104,107.4954911,79.0,Moderate,1,31.9,62,0.0,14.6,160,999.7,51,13.6,16.6,148.0,0.9,103.0,0.6
2026-04-14 15:00:00,2026,4,14,15,Hồ Chí Minh,Xã Hòa Hiệp,10.7080104,107.4954911,74.0,Moderate,1,32.2,61,0.0,13.5,164,999.3,47,15.0,18.0,148.0,1.1,104.0,0.8
2026-04-14 16:00:00,2026,4,14,16,Hồ Chí Minh,Xã Hòa Hiệp,10.7080104,107.4954911,79.0,Moderate,1,30.7,67,0.0,14.1,165,999.2,53,13.0,16.0,149.0,1.5,99.0,0.7
2026-04-14 16:00:00,2026,4,14,16,Hồ Chí Minh,Xã Hòa Hiệp,10.7080104,107.4954911,74.0,Moderate,1,31.0,65,0.0,13.5,171,998.9,50,14.7,17.6,149.0,1.5,100.0,0.8
2026-04-14 17:00:00,2026,4,14,17,Hồ Chí Minh,Xã Hòa Hiệp,10.7080104,107.4954911,73.0,Moderate,1,29.8,67,0.0,12.7,172,999.0,36,14.1,17.1,151.0,2.4,93.0,0.9
2026-04-14 17:00:00,2026,4,14,17,Hồ Chí Minh,Xã Hòa Hiệp,10.7080104,107.4954911,79.0,Moderate,1,29.5,70,0.0,13.1,164,999.4,42,12.6,15.6,151.0,2.8,91.0,0.9
2026-04-14 18:00:00,2026,4,14,18,Hồ Chí Minh,Xã Hòa Hiệp,10.7080104,107.4954911,78.0,Moderate,1,28.1,76,0.0,11.2,159,999.8,35,12.7,15.1,155.0,4.7,80.0,1.2
2026-04-14 18:00:00,2026,4,14,18,Hồ Chí Minh,Xã Hòa Hiệp,10.7080104,107.4954911,73.0,Moderate,1,28.2,74,0.0,10.0,165,999.4,14,14.0,16.8,155.0,3.7,83.0,1.0
2026-04-14 19:00:00,2026,4,14,19,Hồ Chí Minh,Xã Hòa Hiệp,10.7080104,107.4954911,78.0,Moderate,1,27.0,82,0.0,7.3,147,1000.6,36,14.5,16.9,160.0,6.9,69.0,1.6
2026-04-14 19:00:00,2026,4,14,19,Hồ Chí Minh,Xã Hòa Hiệp,10.7080104,107.4954911,73.0,Moderate,1,27.1,80,0.0,6.3,156,1000.1,17,15.0,17.6,160.0,5.5,74.0,1.3
2026-04-14 20:00:00,2026,4,14,20,Hồ Chí Minh,Xã Hòa Hiệp,10.7080104,107.4954911,73.0,Moderate,1,26.3,85,0.0,3.9,146,1000.3,8,16.7,19.5,169.0,8.1,65.0,1.8
2026-04-14 20:00:00,2026,4,14,20,Hồ Chí Minh,Xã Hòa Hiệp,10.7080104,107.4954911,77.0,Moderate,1,26.4,85,0.0,4.8,138,1000.6,34,17.8,20.5,169.0,9.9,59.0,2.1
2026-04-14 21:00:00,2026,4,14,21,Hồ Chí Minh,Xã Hòa Hiệp,10.7080104,107.4954911,73.0,Moderate,1,25.9,88,0.0,3.4,122,1000.7,10,20.4,23.5,178.0,11.1,57.0,2.3
2026-04-14 21:00:00,2026,4,14,21,Hồ Chí Minh,Xã Hòa Hiệp,10.7080104,107.4954911,77.0,Moderate,1,26.0,87,0.0,3.8,139,1001.0,35,22.3,25.3,178.0,13.3,50.0,2.5
2026-04-14 22:00:00,2026,4,14,22,Hồ Chí Minh,Xã Hòa Hiệp,10.7080104,107.4954911,73.0,Moderate,1,25.6,89,0.0,3.1,135,1000.8,4,24.7,28.1,183.0,13.6,50.0,2.7
2026-04-14 22:00:00,2026,4,14,22,Hồ Chí Minh,Xã Hòa Hiệp,10.7080104,107.4954911,77.0,Moderate,1,25.7,88,0.0,3.3,139,1000.9,46,25.7,28.8,183.0,15.8,43.0,2.8
2026-04-14 23:00:00,2026,4,14,23,Hồ Chí Minh,Xã Hòa Hiệp,10.7080104,107.4954911,76.0,Moderate,1,25.5,89,0.0,3.6,135,1001.2,55,27.2,30.4,178.0,16.6,40.0,2.6
2026-04-14 23:00:00,2026,4,14,23,Hồ Chí Minh,Xã Hòa Hiệp,10.7080104,107.4954911,73.0,Moderate,1,25.3,91,0.0,3.6,143,1000.8,15,27.6,31.2,178.0,15.0,46.0,2.6
2026-04-15 00:00:00,2026,4,15,0,Hồ Chí Minh,Xã Hòa Hiệp,10.7080104,107.4954911,73.0,Moderate,1,25.1,92,0.0,3.4,148,1000.6,34,29.5,33.1,167.0,15.9,43.0,2.4
2026-04-15 00:00:00,2026,4,15,0,Hồ Chí Minh,Xã Hòa Hiệp,10.7080104,107.4954911,76.0,Moderate,1,25.4,89,0.0,4.1,135,1001.1,73,27.5,30.9,167.0,16.4,40.0,2.2
2026-04-15 01:00:00,2026,4,15,1,Hồ Chí Minh,Xã Hòa Hiệp,10.7080104,107.4954911,73.0,Moderate,1,25.0,93,0.0,3.4,148,1000.3,69,29.1,32.8,158.0,16.3,42.0,2.1
2026-04-15 01:00:00,2026,4,15,1,Hồ Chí Minh,Xã Hòa Hiệp,10.7080104,107.4954911,76.0,Moderate,1,25.3,89,0.0,4.1,142,1000.7,77,27.1,30.3,158.0,16.2,40.0,1.9
2026-04-15 02:00:00,2026,4,15,2,Hồ Chí Minh,Xã Hòa Hiệp,10.7080104,107.4954911,73.0,Moderate,1,24.9,93,0.0,3.3,139,1000.0,76,27.2,30.6,154.0,16.2,41.0,1.9
2026-04-15 02:00:00,2026,4,15,2,Hồ Chí Minh,Xã Hòa Hiệp,10.7080104,107.4954911,75.0,Moderate,1,25.2,88,0.0,4.6,135,1000.2,85,25.6,28.6,154.0,16.3,39.0,1.7
2026-04-15 03:00:00,2026,4,15,3,Hồ Chí Minh,Xã Hòa Hiệp,10.7080104,107.4954911,73.0,Moderate,1,25.0,91,0.0,3.1,126,999.7,81,26.5,29.9,151.0,15.6,42.0,1.6
2026-04-15 03:00:00,2026,4,15,3,Hồ Chí Minh,Xã Hòa Hiệp,10.7080104,107.4954911,74.0,Moderate,1,25.2,88,0.0,4.3,132,999.8,74,25.5,28.7,151.0,16.3,37.0,1.6
2026-04-15 04:00:00,2026,4,15,4,Hồ Chí Minh,Xã Hòa Hiệp,10.7080104,107.4954911,73.0,Moderate,1,25.2,88,0.0,3.2,117,999.7,84,29.0,32.4,150.0,16.2,38.0,1.6
2026-04-15 04:00:00,2026,4,15,4,Hồ Chí Minh,Xã Hòa Hiệp,10.7080104,107.4954911,72.0,Moderate,1,25.1,90,0.0,2.3,141,999.5,74,29.0,32.6,150.0,15.2,43.0,1.6
2026-04-15 05:00:00,2026,4,15,5,Hồ Chí Minh,Xã Hòa Hiệp,10.7080104,107.4954911,72.0,Moderate,1,25.3,88,0.0,1.3,124,999.9,82,33.3,36.9,150.0,15.6,45.0,2.0
2026-04-15 05:00:00,2026,4,15,5,Hồ Chí Minh,Xã Hòa Hiệp,10.7080104,107.4954911,72.0,Moderate,1,25.2,87,0.0,2.2,99,1000.1,72,33.6,37.0,150.0,16.1,41.0,2.0
2026-04-15 06:00:00,2026,4,15,6,Hồ Chí Minh,Xã Hòa Hiệp,10.7080104,107.4954911,71.0,Moderate,1,25.2,87,0.0,1.3,56,1000.6,65,37.6,40.9,151.0,15.9,45.0,2.7
2026-04-15 06:00:00,2026,4,15,6,Hồ Chí Minh,Xã Hòa Hiệp,10.7080104,107.4954911,71.0,Moderate,1,25.4,88,0.0,1.8,37,1000.4,80,38.9,42.6,151.0,16.1,49.0,2.7
2026-04-15 07:00:00,2026,4,15,7,Hồ Chí Minh,Xã Hòa Hiệp,10.7080104,107.4954911,70.0,Moderate,1,26.3,86,0.0,0.7,360,1001.6,73,31.4,34.8,152.0,14.4,52.0,2.9
2026-04-15 07:00:00,2026,4,15,7,Hồ Chí Minh,Xã Hòa Hiệp,10.7080104,107.4954911,71.0,Moderate,1,26.2,89,0.0,1.9,22,1001.3,78,33.6,37.4,152.0,15.1,55.0,2.9
2026-04-15 08:00:00,2026,4,15,8,Hồ Chí Minh,Xã Hòa Hiệp,10.7080104,107.4954911,70.0,Moderate,1,27.9,77,0.0,4.0,153,1002.4,68,17.7,22.4,151.0,10.5,63.0,2.4
2026-04-15 08:00:00,2026,4,15,8,Hồ Chí Minh,Xã Hòa Hiệp,10.7080104,107.4954911,71.0,Moderate,1,27.9,79,0.0,2.8,140,1002.1,62,16.5,21.0,151.0,11.0,67.0,2.4
2026-04-15 09:00:00,2026,4,15,9,Hồ Chí Minh,Xã Hòa Hiệp,10.7080104,107.4954911,70.0,Moderate,1,29.4,68,0.0,6.6,167,1002.7,74,13.8,18.3,149.0,5.3,77.0,1.5
2026-04-15 09:00:00,2026,4,15,9,Hồ Chí Minh,Xã Hòa Hiệp,10.7080104,107.4954911,71.0,Moderate,1,29.5,69,0.0,5.8,173,1002.2,58,12.8,16.9,149.0,5.4,82.0,1.5
2026-04-15 10:00:00,2026,4,15,10,Hồ Chí Minh,Xã Hòa Hiệp,10.7080104,107.4954911,70.0,Moderate,1,30.8,60,0.0,7.4,166,1002.5,66,13.1,17.3,147.0,1.5,87.0,0.8
2026-04-15 10:00:00,2026,4,15,10,Hồ Chí Minh,Xã Hòa Hiệp,10.7080104,107.4954911,71.0,Moderate,1,31.0,61,0.0,6.5,174,1002.0,55,12.3,16.2,147.0,1.3,94.0,0.8
2026-04-15 11:00:00,2026,4,15,11,Hồ Chí Minh,Xã Hòa Hiệp,10.7080104,107.4954911,70.0,Moderate,1,32.6,53,0.0,7.2,174,1001.3,79,12.7,16.3,146.0,0.2,99.0,0.6
2026-04-15 11:00:00,2026,4,15,11,Hồ Chí Minh,Xã Hòa Hiệp,10.7080104,107.4954911,69.0,Moderate,1,32.3,54,0.0,8.8,171,1001.9,56,13.8,17.8,146.0,0.4,91.0,0.6
2026-04-15 12:00:00,2026,4,15,12,Hồ Chí Minh,Xã Hòa Hiệp,10.7080104,107.4954911,70.0,Moderate,1,33.4,51,0.0,10.1,176,1000.5,51,13.1,16.4,145.0,0.7,101.0,0.7
2026-04-15 12:00:00,2026,4,15,12,Hồ Chí Minh,Xã Hòa Hiệp,10.7080104,107.4954911,69.0,Moderate,1,33.2,51,0.0,9.3,167,1000.9,92,15.6,19.4,145.0,0.8,92.0,0.6
2026-04-15 13:00:00,2026,4,15,13,Hồ Chí Minh,Xã Hòa Hiệp,10.7080104,107.4954911,69.0,Moderate,1,33.8,50,0.0,12.6,180,999.6,39,14.3,17.4,144.0,1.2,102.0,0.7
2026-04-15 13:00:00,2026,4,15,13,Hồ Chí Minh,Xã Hòa Hiệp,10.7080104,107.4954911,69.0,Moderate,1,33.4,50,0.0,10.2,172,999.7,66,15.3,18.7,144.0,1.2,91.0,0.6
2026-04-15 14:00:00,2026,4,15,14,Hồ Chí Minh,Xã Hòa Hiệp,10.7080104,107.4954911,69.0,Moderate,1,33.6,51,0.0,13.7,177,998.8,60,14.3,17.1,140.0,1.2,103.0,0.7
2026-04-15 14:00:00,2026,4,15,14,Hồ Chí Minh,Xã Hòa Hiệp,10.7080104,107.4954911,69.0,Moderate,1,33.7,50,0.0,12.6,177,998.8,31,15.4,18.6,140.0,1.1,90.0,0.6
2026-04-15 15:00:00,2026,4,15,15,Hồ Chí Minh,Xã Hòa Hiệp,10.7080104,107.4954911,69.0,Moderate,1,32.9,54,0.0,15.1,179,998.1,52,14.4,17.0,136.0,1.2,103.0,0.7
2026-04-15 15:00:00,2026,4,15,15,Hồ Chí Minh,Xã Hòa Hiệp,10.7080104,107.4954911,69.0,Moderate,1,32.9,53,0.0,14.8,180,998.1,45,13.9,16.9,136.0,1.1,87.0,0.5
2026-04-15 16:00:00,2026,4,15,16,Hồ Chí Minh,Xã Hòa Hiệp,10.7080104,107.4954911,69.0,Moderate,1,31.9,57,0.0,14.8,181,997.8,43,13.3,15.9,135.0,1.6,99.0,0.7
2026-04-15 16:00:00,2026,4,15,16,Hồ Chí Minh,Xã Hòa Hiệp,10.7080104,107.4954911,69.0,Moderate,1,31.7,56,0.0,14.0,180,997.9,43,12.7,15.5,135.0,1.5,83.0,0.6
2026-04-15 17:00:00,2026,4,15,17,Hồ Chí Minh,Xã Hòa Hiệp,10.7080104,107.4954911,69.0,Moderate,1,30.7,61,0.0,13.0,177,998.0,36,11.4,13.9,138.0,2.4,90.0,0.8
2026-04-15 17:00:00,2026,4,15,17,Hồ Chí Minh,Xã Hòa Hiệp,10.7080104,107.4954911,69.0,Moderate,1,30.5,63,0.0,12.8,170,998.4,42,11.3,14.0,138.0,2.4,76.0,0.8
2026-04-15 18:00:00,2026,4,15,18,Hồ Chí Minh,Xã Hòa Hiệp,10.7080104,107.4954911,69.0,Moderate,1,29.1,70,0.0,10.5,164,998.7,51,10.0,12.3,144.0,3.6,78.0,1.0
2026-04-15 18:00:00,2026,4,15,18,Hồ Chí Minh,Xã Hòa Hiệp,10.7080104,107.4954911,69.0,Moderate,1,29.0,70,0.0,10.4,160,999.2,55,10.8,13.3,144.0,3.8,68.0,1.0
2026-04-15 19:00:00,2026,4,15,19,Hồ Chí Minh,Xã Hòa Hiệp,10.7080104,107.4954911,68.0,Moderate,1,27.9,78,0.0,7.1,150,999.3,44,10.4,12.7,156.0,5.1,67.0,1.3
2026-04-15 19:00:00,2026,4,15,19,Hồ Chí Minh,Xã Hòa Hiệp,10.7080104,107.4954911,69.0,Moderate,1,27.8,78,0.0,7.9,156,999.8,66,12.1,14.4,156.0,5.9,60.0,1.4
2026-04-15 20:00:00,2026,4,15,20,Hồ Chí Minh,Xã Hòa Hiệp,10.7080104,107.4954911,68.0,Moderate,1,27.1,83,0.0,5.8,150,1000.2,65,15.0,17.7,180.0,9.3,51.0,2.0
2026-04-15 20:00:00,2026,4,15,20,Hồ Chí Minh,Xã Hòa Hiệp,10.7080104,107.4954911,68.0,Moderate,1,27.2,84,0.0,4.9,144,999.8,47,11.8,14.2,180.0,7.2,59.0,1.7
2026-04-15 21:00:00,2026,4,15,21,Hồ Chí Minh,Xã Hòa Hiệp,10.7080104,107.4954911,68.0,Moderate,1,26.7,86,0.0,4.8,132,1000.8,51,20.3,23.4,210.0,13.4,43.0,2.7
2026-04-15 21:00:00,2026,4,15,21,Hồ Chí Minh,Xã Hòa Hiệp,10.7080104,107.4954911,68.0,Moderate,1,26.8,87,0.0,4.6,135,1000.5,54,14.8,17.4,210.0,9.7,52.0,2.1
2026-04-15 22:00:00,2026,4,15,22,Hồ Chí Minh,Xã Hòa Hiệp,10.7080104,107.4954911,68.0,Moderate,1,26.5,87,0.0,4.3,132,1001.1,66,25.8,29.2,224.0,17.0,36.0,3.2
2026-04-15 22:00:00,2026,4,15,22,Hồ Chí Minh,Xã Hòa Hiệp,10.7080104,107.4954911,67.0,Moderate,1,26.6,88,0.0,4.6,135,1000.8,73,18.5,21.4,224.0,11.7,47.0,2.3
2026-04-15 23:00:00,2026,4,15,23,Hồ Chí Minh,Xã Hòa Hiệp,10.7080104,107.4954911,68.0,Moderate,1,26.4,87,0.0,4.9,144,1001.1,65,29.3,32.8,210.0,19.8,32.0,3.3
2026-04-15 23:00:00,2026,4,15,23,Hồ Chí Minh,Xã Hòa Hiệp,10.7080104,107.4954911,67.0,Moderate,1,26.4,89,0.0,4.6,141,1000.9,69,21.2,24.2,210.0,13.0,44.0,2.2
2026-04-16 00:00:00,2026,4,16,0,Hồ Chí Minh,Xã Hòa Hiệp,10.7080104,107.4954911,68.0,Moderate,1,26.3,87,0.0,4.5,151,1000.9,69,32.7,36.4,181.0,22.0,30.0,3.2
2026-04-16 00:00:00,2026,4,16,0,Hồ Chí Minh,Xã Hòa Hiệp,10.7080104,107.4954911,66.0,Moderate,1,26.4,89,0.0,4.5,151,1000.7,77,22.5,25.7,181.0,13.8,42.0,2.0
2026-04-16 01:00:00,2026,4,16,1,Hồ Chí Minh,Xã Hòa Hiệp,10.7080104,107.4954911,69.0,Moderate,1,26.1,88,0.0,3.6,143,1000.5,73,35.7,39.5,158.0,23.5,28.0,3.0
2026-04-16 01:00:00,2026,4,16,1,Hồ Chí Minh,Xã Hòa Hiệp,10.7080104,107.4954911,65.0,Moderate,1,26.3,89,0.0,3.7,151,1000.3,86,23.0,26.1,158.0,14.4,41.0,1.8
2026-04-16 02:00:00,2026,4,16,2,Hồ Chí Minh,Xã Hòa Hiệp,10.7080104,107.4954911,69.0,Moderate,1,26.1,88,0.0,2.9,120,1000.3,81,38.0,41.4,151.0,24.3,26.0,2.8
2026-04-16 02:00:00,2026,4,16,2,Hồ Chí Minh,Xã Hòa Hiệp,10.7080104,107.4954911,65.0,Moderate,1,26.3,89,0.0,2.5,135,1000.1,92,22.8,25.9,151.0,15.0,39.0,1.7
2026-04-16 03:00:00,2026,4,16,3,Hồ Chí Minh,Xã Hòa Hiệp,10.7080104,107.4954911,64.0,Moderate,1,26.4,89,0.0,2.3,108,999.9,89,24.5,27.6,151.0,15.3,38.0,1.6
2026-04-16 03:00:00,2026,4,16,3,Hồ Chí Minh,Xã Hòa Hiệp,10.7080104,107.4954911,71.0,Moderate,1,26.0,89,0.0,2.6,124,1000.0,74,39.8,43.2,151.0,24.3,25.0,2.5
2026-04-16 04:00:00,2026,4,16,4,Hồ Chí Minh,Xã Hòa Hiệp,10.7080104,107.4954911,64.0,Moderate,1,26.4,89,0.0,1.8,90,1000.0,82,26.5,29.7,152.0,15.2,39.0,1.6
2026-04-16 04:00:00,2026,4,16,4,Hồ Chí Minh,Xã Hòa Hiệp,10.7080104,107.4954911,72.0,Moderate,1,26.1,88,0.0,1.8,101,1000.1,76,37.5,40.9,152.0,23.4,26.0,2.3
2026-04-16 05:00:00,2026,4,16,5,Hồ Chí Minh,Xã Hòa Hiệp,10.7080104,107.4954911,73.0,Moderate,1,26.0,88,0.0,1.3,34,1000.3,72,36.7,39.9,152.0,21.2,31.0,2.4
2026-04-16 05:00:00,2026,4,16,5,Hồ Chí Minh,Xã Hòa Hiệp,10.7080104,107.4954911,64.0,Moderate,1,26.3,89,0.0,1.9,112,1000.2,87,28.9,32.0,152.0,14.6,41.0,1.8
2026-04-16 06:00:00,2026,4,16,6,Hồ Chí Minh,Xã Hòa Hiệp,10.7080104,107.4954911,64.0,Moderate,1,26.2,90,0.0,1.9,112,1000.5,80,32.6,35.6,153.0,13.6,46.0,2.1
2026-04-16 06:00:00,2026,4,16,6,Hồ Chí Minh,Xã Hòa Hiệp,10.7080104,107.4954911,73.0,Moderate,1,26.0,89,0.0,2.4,27,1000.7,79,37.8,41.0,153.0,17.9,38.0,2.6
2026-04-16 07:00:00,2026,4,16,7,Hồ Chí Minh,Xã Hòa Hiệp,10.7080104,107.4954911,73.0,Moderate,1,27.0,88,0.0,2.1,31,1001.6,74,31.1,34.3,154.0,14.3,48.0,2.6
2026-04-16 07:00:00,2026,4,16,7,Hồ Chí Minh,Xã Hòa Hiệp,10.7080104,107.4954911,63.0,Moderate,1,27.1,87,0.0,1.9,112,1001.4,79,25.4,28.5,154.0,11.8,53.0,2.2
2026-04-16 08:00:00,2026,4,16,8,Hồ Chí Minh,Xã Hòa Hiệp,10.7080104,107.4954911,73.0,Moderate,1,28.6,78,0.0,4.7,122,1002.5,87,15.9,20.2,155.0,9.8,62.0,2.2
2026-04-16 08:00:00,2026,4,16,8,Hồ Chí Minh,Xã Hòa Hiệp,10.7080104,107.4954911,62.0,Moderate,1,28.3,80,0.0,6.6,135,1002.3,69,13.6,17.6,155.0,8.6,66.0,1.9
2026-04-16 09:00:00,2026,4,16,9,Hồ Chí Minh,Xã Hòa Hiệp,10.7080104,107.4954911,73.0,Moderate,1,29.9,70,0.0,6.9,137,1003.0,67,13.5,18.1,157.0,5.0,78.0,1.5
2026-04-16 09:00:00,2026,4,16,9,Hồ Chí Minh,Xã Hòa Hiệp,10.7080104,107.4954911,62.0,Moderate,1,29.7,72,0.0,8.4,140,1002.6,80,12.2,16.2,157.0,4.7,82.0,1.3
2026-04-16 10:00:00,2026,4,16,10,Hồ Chí Minh,Xã Hòa Hiệp,10.7080104,107.4954911,73.0,Moderate,1,31.0,65,0.0,8.2,142,1002.9,70,13.4,18.0,158.0,1.5,91.0,1.0
2026-04-16 10:00:00,2026,4,16,10,Hồ Chí Minh,Xã Hòa Hiệp,10.7080104,107.4954911,62.0,Moderate,1,31.0,66,0.0,10.0,142,1002.4,83,12.5,16.6,158.0,1.8,95.0,0.9
2026-04-16 11:00:00,2026,4,16,11,Hồ Chí Minh,Xã Hòa Hiệp,10.7080104,107.4954911,73.0,Moderate,1,31.8,61,0.1,8.4,140,1002.4,81,13.5,17.9,158.0,0.4,98.0,0.8
2026-04-16 11:00:00,2026,4,16,11,Hồ Chí Minh,Xã Hòa Hiệp,10.7080104,107.4954911,62.0,Moderate,1,31.8,63,0.1,11.0,142,1001.9,84,12.8,16.4,158.0,0.9,101.0,0.7
2026-04-16 12:00:00,2026,4,16,12,Hồ Chí Minh,Xã Hòa Hiệp,10.7080104,107.4954911,73.0,Moderate,1,32.7,57,0.0,9.7,153,1001.5,70,13.7,17.7,158.0,0.7,103.0,0.8
2026-04-16 12:00:00,2026,4,16,12,Hồ Chí Minh,Xã Hòa Hiệp,10.7080104,107.4954911,62.0,Moderate,1,32.6,60,0.0,11.6,150,1001.1,64,12.8,16.1,158.0,1.0,103.0,0.7
2026-04-16 13:00:00,2026,4,16,13,Hồ Chí Minh,Xã Hòa Hiệp,10.7080104,107.4954911,72.0,Moderate,1,33.2,56,0.0,10.6,156,1000.6,62,13.6,17.4,158.0,1.1,104.0,0.8
2026-04-16 13:00:00,2026,4,16,13,Hồ Chí Minh,Xã Hòa Hiệp,10.7080104,107.4954911,62.0,Moderate,1,33.1,56,0.0,12.3,159,1000.3,71,12.6,15.7,158.0,1.2,103.0,0.7
2026-04-16 14:00:00,2026,4,16,14,Hồ Chí Minh,Xã Hòa Hiệp,10.7080104,107.4954911,72.0,Moderate,1,33.0,55,0.0,12.2,152,999.7,60,13.0,16.5,157.0,1.0,102.0,0.7
2026-04-16 14:00:00,2026,4,16,14,Hồ Chí Minh,Xã Hòa Hiệp,10.7080104,107.4954911,62.0,Moderate,1,33.1,55,0.0,13.3,167,999.3,71,11.6,14.5,157.0,1.0,102.0,0.7
2026-04-16 15:00:00,2026,4,16,15,Hồ Chí Minh,Xã Hòa Hiệp,10.7080104,107.4954911,72.0,Moderate,1,32.2,59,0.0,13.2,151,999.2,74,12.0,15.2,156.0,1.1,98.0,0.7
2026-04-16 15:00:00,2026,4,16,15,Hồ Chí Minh,Xã Hòa Hiệp,10.7080104,107.4954911,62.0,Moderate,1,32.5,56,0.0,14.1,165,998.8,69,10.6,13.3,156.0,1.0,99.0,0.6
2026-04-16 16:00:00,2026,4,16,16,Hồ Chí Minh,Xã Hòa Hiệp,10.7080104,107.4954911,61.0,Moderate,1,31.5,60,0.0,14.0,162,998.4,56,10.3,13.2,156.0,1.4,94.0,0.7
2026-04-16 16:00:00,2026,4,16,16,Hồ Chí Minh,Xã Hòa Hiệp,10.7080104,107.4954911,72.0,Moderate,1,31.3,62,0.0,13.6,148,998.8,55,10.9,13.9,156.0,1.5,92.0,0.7
2026-04-16 17:00:00,2026,4,16,17,Hồ Chí Minh,Xã Hòa Hiệp,10.7080104,107.4954911,61.0,Moderate,1,30.2,66,0.0,14.2,156,998.6,42,9.8,12.8,157.0,2.5,87.0,0.9
2026-04-16 17:00:00,2026,4,16,17,Hồ Chí Minh,Xã Hòa Hiệp,10.7080104,107.4954911,72.0,Moderate,1,30.0,68,0.0,13.6,143,998.9,51,10.3,13.2,157.0,2.5,84.0,0.9
2026-04-16 18:00:00,2026,4,16,18,Hồ Chí Minh,Xã Hòa Hiệp,10.7080104,107.4954911,72.0,Moderate,1,28.7,72,0.0,11.5,136,999.4,38,10.7,13.0,158.0,4.0,75.0,1.1
2026-04-16 18:00:00,2026,4,16,18,Hồ Chí Minh,Xã Hòa Hiệp,10.7080104,107.4954911,61.0,Moderate,1,28.8,73,0.0,12.3,142,999.2,48,9.7,12.5,158.0,4.1,78.0,1.1
2026-04-16 19:00:00,2026,4,16,19,Hồ Chí Minh,Xã Hòa Hiệp,10.7080104,107.4954911,72.0,Moderate,1,27.7,77,0.0,8.7,132,1000.1,31,12.2,14.7,160.0,5.4,67.0,1.3
2026-04-16 19:00:00,2026,4,16,19,Hồ Chí Minh,Xã Hòa Hiệp,10.7080104,107.4954911,61.0,Moderate,1,27.9,78,0.0,8.2,139,999.8,53,11.4,13.8,160.0,5.9,70.0,1.4
2026-04-16 20:00:00,2026,4,16,20,Hồ Chí Minh,Xã Hòa Hiệp,10.7080104,107.4954911,61.0,Moderate,1,27.3,84,0.0,6.7,126,1000.6,45,13.6,16.1,164.0,8.0,63.0,1.7
2026-04-16 20:00:00,2026,4,16,20,Hồ Chí Minh,Xã Hòa Hiệp,10.7080104,107.4954911,72.0,Moderate,1,27.1,82,0.0,6.6,131,1000.7,5,13.7,16.3,164.0,6.8,61.0,1.5
2026-04-16 21:00:00,2026,4,16,21,Hồ Chí Minh,Xã Hòa Hiệp,10.7080104,107.4954911,61.0,Moderate,1,26.9,85,0.0,6.6,131,1001.1,41,16.8,19.4,168.0,10.2,55.0,2.1
2026-04-16 21:00:00,2026,4,16,21,Hồ Chí Minh,Xã Hòa Hiệp,10.7080104,107.4954911,72.0,Moderate,1,26.8,83,0.0,6.0,123,1001.1,3,15.4,18.1,168.0,8.3,57.0,1.7
2026-04-16 22:00:00,2026,4,16,22,Hồ Chí Minh,Xã Hòa Hiệp,10.7080104,107.4954911,61.0,Moderate,1,26.7,83,0.0,6.1,130,1001.6,48,19.1,21.8,169.0,11.9,50.0,2.3
2026-04-16 22:00:00,2026,4,16,22,Hồ Chí Minh,Xã Hòa Hiệp,10.7080104,107.4954911,71.0,Moderate,1,26.6,84,0.0,5.7,125,1001.5,44,17.0,19.7,169.0,9.4,53.0,1.8
2026-04-16 23:00:00,2026,4,16,23,Hồ Chí Minh,Xã Hòa Hiệp,10.7080104,107.4954911,61.0,Moderate,1,26.4,84,0.0,5.6,135,1001.6,58,20.0,22.8,165.0,12.5,47.0,2.2
2026-04-16 23:00:00,2026,4,16,23,Hồ Chí Minh,Xã Hòa Hiệp,10.7080104,107.4954911,70.0,Moderate,1,26.5,84,0.0,5.9,133,1001.6,69,17.8,20.7,165.0,10.0,50.0,1.7
2026-04-17 00:00:00,2026,4,17,0,Hồ Chí Minh,Xã Hòa Hiệp,10.7080104,107.4954911,61.0,Moderate,1,26.2,85,0.0,5.1,135,1001.3,68,20.2,22.9,158.0,12.6,45.0,1.8
2026-04-17 00:00:00,2026,4,17,0,Hồ Chí Minh,Xã Hòa Hiệp,10.7080104,107.4954911,69.0,Moderate,1,26.5,84,0.0,5.6,130,1001.5,80,18.2,21.1,158.0,10.3,48.0,1.5
2026-04-17 01:00:00,2026,4,17,1,Hồ Chí Minh,Xã Hòa Hiệp,10.7080104,107.4954911,61.0,Moderate,1,26.0,86,0.0,5.1,129,1000.9,78,20.7,23.5,153.0,12.9,44.0,1.6
2026-04-17 01:00:00,2026,4,17,1,Hồ Chí Minh,Xã Hòa Hiệp,10.7080104,107.4954911,68.0,Moderate,1,26.4,84,0.0,6.4,133,1001.0,78,18.6,21.6,153.0,10.8,45.0,1.3
2026-04-17 02:00:00,2026,4,17,2,Hồ Chí Minh,Xã Hòa Hiệp,10.7080104,107.4954911,67.0,Moderate,1,26.3,85,0.0,6.4,128,1000.6,79,19.4,22.5,152.0,12.1,41.0,1.3
2026-04-17 02:00:00,2026,4,17,2,Hồ Chí Minh,Xã Hòa Hiệp,10.7080104,107.4954911,61.0,Moderate,1,25.9,86,0.0,4.6,129,1000.7,79,21.9,24.7,152.0,14.0,41.0,1.5
2026-04-17 03:00:00,2026,4,17,3,Hồ Chí Minh,Xã Hòa Hiệp,10.7080104,107.4954911,65.0,Moderate,1,26.2,85,0.0,5.4,127,1000.4,87,21.4,24.6,153.0,13.7,36.0,1.4
2026-04-17 03:00:00,2026,4,17,3,Hồ Chí Minh,Xã Hòa Hiệp,10.7080104,107.4954911,61.0,Moderate,1,25.8,86,0.0,4.2,121,1000.5,81,23.2,26.2,153.0,15.3,38.0,1.6
2026-04-17 04:00:00,2026,4,17,4,Hồ Chí Minh,Xã Hòa Hiệp,10.7080104,107.4954911,61.0,Moderate,1,25.8,86,0.0,3.5,114,1000.6,82,26.0,29.1,154.0,15.9,38.0,1.7
2026-04-17 04:00:00,2026,4,17,4,Hồ Chí Minh,Xã Hòa Hiệp,10.7080104,107.4954911,63.0,Moderate,1,26.1,85,0.0,4.6,129,1000.6,87,24.2,27.4,154.0,14.5,34.0,1.5
2026-04-17 05:00:00,2026,4,17,5,Hồ Chí Minh,Xã Hòa Hiệp,10.7080104,107.4954911,61.0,Moderate,1,25.9,86,0.0,3.0,104,1000.9,77,29.6,32.6,154.0,15.4,41.0,2.0
2026-04-17 05:00:00,2026,4,17,5,Hồ Chí Minh,Xã Hòa Hiệp,10.7080104,107.4954911,62.0,Moderate,1,25.9,85,0.0,4.2,121,1000.8,86,27.4,30.4,154.0,14.2,37.0,1.8
2026-04-17 06:00:00,2026,4,17,6,Hồ Chí Minh,Xã Hòa Hiệp,10.7080104,107.4954911,61.0,Moderate,1,25.8,86,0.0,3.6,96,1001.3,79,30.9,33.6,153.0,13.2,42.0,2.1
2026-04-17 06:00:00,2026,4,17,6,Hồ Chí Minh,Xã Hòa Hiệp,10.7080104,107.4954911,61.0,Moderate,1,26.1,86,0.0,2.9,83,1001.4,72,32.5,35.4,153.0,14.1,46.0,2.4
2026-04-17 07:00:00,2026,4,17,7,Hồ Chí Minh,Xã Hòa Hiệp,10.7080104,107.4954911,61.0,Moderate,1,26.8,83,0.0,2.9,90,1001.9,67,25.8,28.6,153.0,12.1,54.0,2.5
2026-04-17 07:00:00,2026,4,17,7,Hồ Chí Minh,Xã Hòa Hiệp,10.7080104,107.4954911,61.0,Moderate,1,27.1,83,0.0,3.6,96,1002.2,77,25.1,28.1,153.0,11.4,51.0,2.2
2026-04-17 08:00:00,2026,4,17,8,Hồ Chí Minh,Xã Hòa Hiệp,10.7080104,107.4954911,61.0,Moderate,1,28.2,76,0.0,3.9,124,1002.3,72,12.4,15.9,153.0,8.7,68.0,2.1
2026-04-17 08:00:00,2026,4,17,8,Hồ Chí Minh,Xã Hòa Hiệp,10.7080104,107.4954911,60.0,Moderate,1,28.2,77,0.0,4.5,119,1002.6,79,14.6,18.2,153.0,8.2,64.0,1.8
2026-04-17 09:00:00,2026,4,17,9,Hồ Chí Minh,Xã Hòa Hiệp,10.7080104,107.4954911,60.0,Moderate,1,29.6,69,0.0,6.9,141,1002.9,81,11.3,15.3,154.0,4.2,81.0,1.2
2026-04-17 09:00:00,2026,4,17,9,Hồ Chí Minh,Xã Hòa Hiệp,10.7080104,107.4954911,61.0,Moderate,1,30.1,66,0.0,6.4,142,1002.9,76,10.7,14.3,154.0,4.5,86.0,1.4
2026-04-17 10:00:00,2026,4,17,10,Hồ Chí Minh,Xã Hòa Hiệp,10.7080104,107.4954911,61.0,Moderate,1,31.6,58,0.0,9.0,151,1002.9,81,10.2,13.9,154.0,1.4,99.0,0.9
2026-04-17 10:00:00,2026,4,17,10,Hồ Chí Minh,Xã Hòa Hiệp,10.7080104,107.4954911,60.0,Moderate,1,30.8,62,0.0,9.2,149,1003.0,83,11.5,15.5,154.0,1.3,94.0,0.8
2026-04-17 11:00:00,2026,4,17,11,Hồ Chí Minh,Xã Hòa Hiệp,10.7080104,107.4954911,60.0,Moderate,1,31.8,58,0.0,10.9,153,1002.4,76,11.8,15.4,155.0,0.4,102.0,0.7
2026-04-17 11:00:00,2026,4,17,11,Hồ Chí Minh,Xã Hòa Hiệp,10.7080104,107.4954911,60.0,Moderate,1,32.4,54,0.0,11.1,155,1002.3,72,9.9,13.4,155.0,0.5,105.0,0.7
2026-04-17 12:00:00,2026,4,17,12,Hồ Chí Minh,Xã Hòa Hiệp,10.7080104,107.4954911,60.0,Moderate,1,32.8,52,0.0,12.9,157,1001.4,63,9.5,12.6,156.0,0.7,108.0,0.7
2026-04-17 12:00:00,2026,4,17,12,Hồ Chí Minh,Xã Hòa Hiệp,10.7080104,107.4954911,59.0,Moderate,1,32.5,56,0.0,12.9,153,1001.5,70,11.8,14.7,156.0,0.7,108.0,0.8
2026-04-17 13:00:00,2026,4,17,13,Hồ Chí Minh,Xã Hòa Hiệp,10.7080104,107.4954911,59.0,Moderate,1,32.9,54,0.0,13.9,155,1000.8,63,11.7,14.2,156.0,1.0,110.0,0.8
2026-04-17 13:00:00,2026,4,17,13,Hồ Chí Minh,Xã Hòa Hiệp,10.7080104,107.4954911,60.0,Moderate,1,33.0,51,0.0,14.2,159,1000.7,54,9.0,11.7,156.0,1.0,108.0,0.7
2026-04-17 14:00:00,2026,4,17,14,Hồ Chí Minh,Xã Hòa Hiệp,10.7080104,107.4954911,59.0,Moderate,1,32.9,51,0.0,14.8,162,1000.0,51,8.5,11.0,154.0,0.8,107.0,0.6
2026-04-17 14:00:00,2026,4,17,14,Hồ Chí Minh,Xã Hòa Hiệp,10.7080104,107.4954911,59.0,Moderate,1,32.8,53,0.0,14.4,158,1000.2,57,11.1,13.6,154.0,0.8,109.0,0.7
2026-04-17 15:00:00,2026,4,17,15,Hồ Chí Minh,Xã Hòa Hiệp,10.7080104,107.4954911,59.0,Moderate,1,32.4,53,0.0,14.3,162,999.6,51,10.1,12.7,152.0,0.8,106.0,0.6
2026-04-17 15:00:00,2026,4,17,15,Hồ Chí Minh,Xã Hòa Hiệp,10.7080104,107.4954911,59.0,Moderate,1,32.5,51,0.0,14.7,163,999.5,47,8.2,10.7,152.0,0.7,103.0,0.5
2026-04-17 16:00:00,2026,4,17,16,Hồ Chí Minh,Xã Hòa Hiệp,10.7080104,107.4954911,59.0,Moderate,1,31.6,55,0.0,13.6,163,999.3,45,8.8,11.1,152.0,1.4,99.0,0.6
2026-04-17 16:00:00,2026,4,17,16,Hồ Chí Minh,Xã Hòa Hiệp,10.7080104,107.4954911,59.0,Moderate,1,31.8,54,0.0,13.9,163,999.1,44,8.1,10.6,152.0,1.4,97.0,0.6
2026-04-17 17:00:00,2026,4,17,17,Hồ Chí Minh,Xã Hòa Hiệp,10.7080104,107.4954911,59.0,Moderate,1,30.4,61,0.0,12.0,159,999.5,42,8.1,10.3,155.0,3.3,88.0,0.9
2026-04-17 17:00:00,2026,4,17,17,Hồ Chí Minh,Xã Hòa Hiệp,10.7080104,107.4954911,59.0,Moderate,1,30.6,59,0.0,12.2,161,999.3,44,8.0,10.6,155.0,3.2,87.0,0.9
2026-04-17 18:00:00,2026,4,17,18,Hồ Chí Minh,Xã Hòa Hiệp,10.7080104,107.4954911,58.0,Moderate,1,28.9,68,0.0,9.7,149,1000.0,38,8.8,10.7,160.0,5.8,73.0,1.2
2026-04-17 18:00:00,2026,4,17,18,Hồ Chí Minh,Xã Hòa Hiệp,10.7080104,107.4954911,59.0,Moderate,1,29.0,67,0.0,10.0,154,999.9,44,8.8,11.1,160.0,5.8,74.0,1.3
2026-04-17 19:00:00,2026,4,17,19,Hồ Chí Minh,Xã Hòa Hiệp,10.7080104,107.4954911,59.0,Moderate,1,27.8,73,0.0,8.1,148,1000.4,44,13.1,15.4,166.0,8.4,63.0,1.7
2026-04-17 19:00:00,2026,4,17,19,Hồ Chí Minh,Xã Hòa Hiệp,10.7080104,107.4954911,58.0,Moderate,1,27.8,75,0.0,8.2,139,1000.6,35,12.3,14.3,166.0,8.3,61.0,1.6
2026-04-17 20:00:00,2026,4,17,20,Hồ Chí Minh,Xã Hòa Hiệp,10.7080104,107.4954911,59.0,Moderate,1,27.1,78,0.0,6.4,142,1001.1,51,18.3,20.8,172.0,11.0,54.0,2.1
2026-04-17 20:00:00,2026,4,17,20,Hồ Chí Minh,Xã Hòa Hiệp,10.7080104,107.4954911,58.0,Moderate,1,27.2,79,0.0,6.4,133,1001.2,42,15.8,17.9,172.0,10.5,52.0,1.9
2026-04-17 21:00:00,2026,4,17,21,Hồ Chí Minh,Xã Hòa Hiệp,10.7080104,107.4954911,59.0,Moderate,1,26.8,81,0.0,4.8,138,1001.8,59,21.8,24.3,178.0,13.6,47.0,2.4
2026-04-17 21:00:00,2026,4,17,21,Hồ Chí Minh,Xã Hòa Hiệp,10.7080104,107.4954911,58.0,Moderate,1,26.9,82,0.0,4.6,129,1001.9,48,19.0,21.2,178.0,12.7,46.0,2.2
2026-04-17 22:00:00,2026,4,17,22,Hồ Chí Minh,Xã Hòa Hiệp,10.7080104,107.4954911,59.0,Moderate,1,26.7,84,0.0,3.9,124,1002.3,55,19.7,21.8,184.0,14.1,41.0,2.3
2026-04-17 22:00:00,2026,4,17,22,Hồ Chí Minh,Xã Hòa Hiệp,10.7080104,107.4954911,60.0,Moderate,1,26.5,84,0.0,3.6,135,1002.2,66,22.9,25.4,184.0,15.6,41.0,2.6
2026-04-17 23:00:00,2026,4,17,23,Hồ Chí Minh,Xã Hòa Hiệp,10.7080104,107.4954911,60.0,Moderate,1,26.4,85,0.0,3.6,135,1002.0,74,22.4,24.8,190.0,16.2,38.0,2.4
2026-04-17 23:00:00,2026,4,17,23,Hồ Chí Minh,Xã Hòa Hiệp,10.7080104,107.4954911,59.0,Moderate,1,26.5,85,0.0,4.7,122,1002.2,63,19.3,21.4,190.0,14.3,39.0,2.1
2026-04-18 00:00:00,2026,4,18,0,Hồ Chí Minh,Xã Hòa Hiệp,10.7080104,107.4954911,60.0,Moderate,1,26.4,86,0.0,3.6,135,1001.5,81,22.2,24.7,195.0,16.2,37.0,2.1
2026-04-18 00:00:00,2026,4,18,0,Hồ Chí Minh,Xã Hòa Hiệp,10.7080104,107.4954911,59.0,Moderate,1,26.5,85,0.0,6.0,123,1001.8,71,19.2,21.2,195.0,13.8,39.0,1.8
2026-04-18 01:00:00,2026,4,18,1,Hồ Chí Minh,Xã Hòa Hiệp,10.7080104,107.4954911,60.0,Moderate,1,26.4,86,0.0,3.6,135,1001.0,89,24.7,27.3,196.0,16.8,34.0,1.9
2026-04-18 01:00:00,2026,4,18,1,Hồ Chí Minh,Xã Hòa Hiệp,10.7080104,107.4954911,59.0,Moderate,1,26.4,85,0.0,6.5,124,1001.4,79,19.1,21.1,196.0,13.8,38.0,1.6
2026-04-18 02:00:00,2026,4,18,2,Hồ Chí Minh,Xã Hòa Hiệp,10.7080104,107.4954911,61.0,Moderate,1,26.3,86,0.0,2.1,121,1000.8,84,28.1,30.6,191.0,19.4,26.0,1.9
2026-04-18 02:00:00,2026,4,18,2,Hồ Chí Minh,Xã Hòa Hiệp,10.7080104,107.4954911,59.0,Moderate,1,26.2,86,0.0,4.7,122,1001.2,78,19.7,21.7,191.0,15.1,34.0,1.5
2026-04-18 03:00:00,2026,4,18,3,Hồ Chí Minh,Xã Hòa Hiệp,10.7080104,107.4954911,59.0,Moderate,1,26.0,87,0.0,2.3,108,1001.0,76,21.7,23.8,183.0,16.7,28.0,1.6
2026-04-18 03:00:00,2026,4,18,3,Hồ Chí Minh,Xã Hòa Hiệp,10.7080104,107.4954911,61.0,Moderate,1,26.2,87,0.0,1.1,72,1000.6,80,31.0,33.3,183.0,22.6,17.0,2.0
2026-04-18 04:00:00,2026,4,18,4,Hồ Chí Minh,Xã Hòa Hiệp,10.7080104,107.4954911,62.0,Moderate,1,26.2,87,0.0,1.9,22,1000.6,75,33.4,35.7,177.0,24.0,15.0,2.2
2026-04-18 04:00:00,2026,4,18,4,Hồ Chí Minh,Xã Hòa Hiệp,10.7080104,107.4954911,59.0,Moderate,1,25.9,88,0.0,1.0,45,1000.9,75,23.9,26.0,177.0,17.4,27.0,1.7
2026-04-18 05:00:00,2026,4,18,5,Hồ Chí Minh,Xã Hòa Hiệp,10.7080104,107.4954911,59.0,Moderate,1,25.9,88,0.0,1.3,34,1001.1,76,25.7,27.8,176.0,16.4,32.0,2.0
2026-04-18 05:00:00,2026,4,18,5,Hồ Chí Minh,Xã Hòa Hiệp,10.7080104,107.4954911,63.0,Moderate,1,26.3,88,0.0,2.6,16,1000.9,77,34.8,37.0,176.0,21.6,28.0,2.5
2026-04-18 06:00:00,2026,4,18,6,Hồ Chí Minh,Xã Hòa Hiệp,10.7080104,107.4954911,63.0,Moderate,1,26.4,88,0.0,2.7,23,1001.3,78,35.9,38.1,176.0,17.3,47.0,3.0
2026-04-18 06:00:00,2026,4,18,6,Hồ Chí Minh,Xã Hòa Hiệp,10.7080104,107.4954911,59.0,Moderate,1,26.0,87,0.0,2.0,45,1001.5,76,27.0,29.0,176.0,14.3,42.0,2.4
2026-04-18 07:00:00,2026,4,18,7,Hồ Chí Minh,Xã Hòa Hiệp,10.7080104,107.4954911,63.0,Moderate,1,27.0,86,0.0,2.6,34,1001.7,80,28.2,30.6,177.0,14.1,62.0,3.3
2026-04-18 07:00:00,2026,4,18,7,Hồ Chí Minh,Xã Hòa Hiệp,10.7080104,107.4954911,59.0,Moderate,1,26.6,84,0.0,2.7,67,1001.9,77,22.2,24.3,215.8,11.7,53.0,2.5
2026-04-18 08:00:00,2026,4,18,8,Hồ Chí Minh,Xã Hòa Hiệp,10.7080104,107.4954911,59.0,Moderate,1,28.0,77,0.0,3.7,79,1002.2,77,10.7,13.4,228.0,8.3,68.0,2.1
2026-04-18 08:00:00,2026,4,18,8,Hồ Chí Minh,Xã Hòa Hiệp,10.7080104,107.4954911,63.0,Moderate,1,28.2,79,0.0,2.5,82,1002.0,79,10.133333333333333,12.866666666666667,177.0,7.000000000000001,73.33333333333333,1.9000000000000001
2026-04-18 09:00:00,2026,4,18,9,Hồ Chí Minh,Xã Hòa Hiệp,10.7080104,107.4954911,60.5,Moderate,1,29.9,69,0.0,4.0,117,1002.3,78,9.566666666666666,12.333333333333334,177.0,5.700000000000001,78.66666666666667,1.7
2026-04-18 09:00:00,2026,4,18,9,Hồ Chí Minh,Xã Hòa Hiệp,10.7080104,107.4954911,58.0,Moderate,1,29.8,68,0.0,4.3,90,1002.5,77,9.0,11.8,197.2,4.4,84.0,1.5
2026-04-18 10:00:00,2026,4,18,10,Hồ Chí Minh,Xã Hòa Hiệp,10.7080104,107.4954911,58.0,Moderate,1,31.4,61,0.0,5.5,101,1002.4,77,9.3,12.4,151.0,1.6,97.0,1.0
2026-04-18 10:00:00,2026,4,18,10,Hồ Chí Minh,Xã Hòa Hiệp,10.7080104,107.4954911,58.0,Moderate,1,31.4,60,0.0,6.1,130,1002.2,77,9.5,12.6,147.66666666666666,1.3,99.33333333333333,0.9333333333333333
2026-04-18 11:00:00,2026,4,18,11,Hồ Chí Minh,Xã Hòa Hiệp,10.7080104,107.4954911,58.0,Moderate,1,32.7,54,0.0,7.6,135,1001.5,78,9.700000000000001,12.8,144.33333333333334,1.0,101.66666666666667,0.8666666666666667
2026-04-18 11:00:00,2026,4,18,11,Hồ Chí Minh,Xã Hòa Hiệp,10.7080104,107.4954911,58.0,Moderate,1,32.6,56,0.0,6.6,112,1001.7,74,9.9,13.0,141.0,0.7,104.0,0.8
2026-04-18 12:00:00,2026,4,18,12,Hồ Chí Minh,Xã Hòa Hiệp,10.7080104,107.4954911,58.0,Moderate,1,34.0,49,0.0,8.4,137,1000.6,80,10.05,13.05,146.5,0.8,106.0,0.8
2026-04-18 12:00:00,2026,4,18,12,Hồ Chí Minh,Xã Hòa Hiệp,10.7080104,107.4954911,58.0,Moderate,1,33.6,51,0.0,7.6,121,1000.8,71,10.2,13.1,152.0,0.9,108.0,0.8
2026-04-18 13:00:00,2026,4,18,13,Hồ Chí Minh,Xã Hòa Hiệp,10.7080104,107.4954911,57.5,Moderate,1,34.5,48,0.0,9.7,141,999.7,81,10.3,13.149999999999999,157.0,1.05,108.5,0.8
2026-04-18 13:00:00,2026,4,18,13,Hồ Chí Minh,Xã Hòa Hiệp,10.7080104,107.4954911,57.0,Moderate,1,34.0,50,0.0,9.2,129,999.9,68,10.4,13.2,162.0,1.2,109.0,0.8
2026-04-18 14:00:00,2026,4,18,14,Hồ Chí Minh,Xã Hòa Hiệp,10.7080104,107.4954911,57.0,Moderate,1,33.3,53,0.0,11.7,133,999.4,67,10.3,13.0,160.0,1.1,108.0,0.7
2026-04-18 14:00:00,2026,4,18,14,Hồ Chí Minh,Xã Hòa Hiệp,10.7080104,107.4954911,57.0,Moderate,1,33.8,51,0.0,11.9,145,999.2,74,10.233333333333334,12.966666666666667,159.0,1.1333333333333333,107.0,0.6666666666666666
2026-04-18 15:00:00,2026,4,18,15,Hồ Chí Minh,Xã Hòa Hiệp,10.7080104,107.4954911,57.0,Moderate,1,32.4,57,0.0,14.6,147,998.9,67,10.166666666666666,12.933333333333334,158.0,1.1666666666666667,106.0,0.6333333333333333
2026-04-18 15:00:00,2026,4,18,15,Hồ Chí Minh,Xã Hòa Hiệp,10.7080104,107.4954911,57.0,Moderate,1,32.1,58,0.0,14.5,132,999.0,65,10.1,12.9,157.0,1.2,105.0,0.6
2026-04-18 16:00:00,2026,4,18,16,Hồ Chí Minh,Xã Hòa Hiệp,10.7080104,107.4954911,57.0,Moderate,1,31.0,63,0.0,15.9,147,998.7,60,10.1,13.0,156.5,1.35,103.0,0.6
2026-04-18 16:00:00,2026,4,18,16,Hồ Chí Minh,Xã Hòa Hiệp,10.7080104,107.4954911,57.0,Moderate,1,30.8,64,0.0,16.1,132,998.9,64,10.1,13.1,156.0,1.5,101.0,0.6
2026-04-18 17:00:00,2026,4,18,17,Hồ Chí Minh,Xã Hòa Hiệp,10.7080104,107.4954911,57.0,Moderate,1,29.9,69,0.0,14.9,143,999.0,56,9.899999999999999,13.0,158.5,2.0,97.5,0.6499999999999999
2026-04-18 17:00:00,2026,4,18,17,Hồ Chí Minh,Xã Hòa Hiệp,10.7080104,107.4954911,57.0,Moderate,1,29.6,69,0.0,15.1,130,999.2,63,9.7,12.9,161.0,2.5,94.0,0.7
2026-04-18 18:00:00,2026,4,18,18,Hồ Chí Minh,Xã Hòa Hiệp,10.7080104,107.4954911,57.5,Moderate,1,28.8,74,0.0,13.0,134,999.6,53,9.75,12.9,165.5,3.15,90.5,0.8
2026-04-18 18:00:00,2026,4,18,18,Hồ Chí Minh,Xã Hòa Hiệp,10.7080104,107.4954911,58.0,Moderate,1,28.5,75,0.0,13.2,125,999.8,63,9.8,12.9,170.0,3.8,87.0,0.9
2026-04-18 19:00:00,2026,4,18,19,Hồ Chí Minh,Xã Hòa Hiệp,10.7080104,107.4954911,58.0,Moderate,1,27.6,79,0.0,11.3,121,1000.4,62,10.6,13.5,176.0,4.8,81.0,1.1
2026-04-18 19:00:00,2026,4,18,19,Hồ Chí Minh,Xã Hòa Hiệp,10.7080104,107.4954911,57.5,Moderate,1,27.9,79,0.0,11.1,126,1000.2,49,10.6,13.5,176.0,4.8,81.0,1.1
2026-04-18 20:00:00,2026,4,18,20,Hồ Chí Minh,Xã Hòa Hiệp,10.7080104,107.4954911,57.0,Moderate,1,27.2,81,0.0,9.7,117,1001.1,65,10.6,13.5,176.0,4.8,81.0,1.1
2026-04-18 20:00:00,2026,4,18,20,Hồ Chí Minh,Xã Hòa Hiệp,10.7080104,107.4954911,57.0,Moderate,1,27.3,82,0.0,9.2,121,1000.8,59,10.6,13.5,176.0,4.8,81.0,1.1
2026-04-18 21:00:00,2026,4,18,21,Hồ Chí Minh,Xã Hòa Hiệp,10.7080104,107.4954911,57.0,Moderate,1,26.9,82,0.0,8.2,113,1001.8,69,10.6,13.5,176.0,4.8,81.0,1.1
2026-04-18 21:00:00,2026,4,18,21,Hồ Chí Minh,Xã Hòa Hiệp,10.7080104,107.4954911,57.0,Moderate,1,27.0,84,0.0,6.9,118,1001.4,70,10.6,13.5,176.0,4.8,81.0,1.1
2026-04-18 22:00:00,2026,4,18,22,Hồ Chí Minh,Xã Hòa Hiệp,10.7080104,107.4954911,57.0,Moderate,1,26.8,82,0.0,7.3,110,1002.2,72,10.6,13.5,176.0,4.8,81.0,1.1
2026-04-18 22:00:00,2026,4,18,22,Hồ Chí Minh,Xã Hòa Hiệp,10.7080104,107.4954911,57.0,Moderate,1,26.7,86,0.0,5.2,115,1001.8,80,10.6,13.5,176.0,4.8,81.0,1.1
2026-04-18 23:00:00,2026,4,18,23,Hồ Chí Minh,Xã Hòa Hiệp,10.7080104,107.4954911,57.0,Moderate,1,26.5,87,0.0,4.5,119,1001.7,80,10.6,13.5,176.0,4.8,81.0,1.1
2026-04-18 23:00:00,2026,4,18,23,Hồ Chí Minh,Xã Hòa Hiệp,10.7080104,107.4954911,57.0,Moderate,1,26.6,82,0.0,6.7,106,1002.0,74,10.6,13.5,176.0,4.8,81.0,1.1
2026-04-19 00:00:00,2026,4,19,0,Hồ Chí Minh,Xã Hòa Hiệp,10.7080104,107.4954911,57.0,Moderate,1,26.4,81,0.0,6.4,106,1001.5,76,10.6,13.5,176.0,4.8,81.0,1.1
2026-04-19 00:00:00,2026,4,19,0,Hồ Chí Minh,Xã Hòa Hiệp,10.7080104,107.4954911,57.0,Moderate,1,26.3,87,0.0,4.4,125,1001.4,80,10.6,13.5,176.0,4.8,81.0,1.1
2026-04-19 01:00:00,2026,4,19,1,Hồ Chí Minh,Xã Hòa Hiệp,10.7080104,107.4954911,57.0,Moderate,1,26.2,88,0.0,4.3,132,1001.0,80,10.6,13.5,176.0,4.8,81.0,1.1
2026-04-19 01:00:00,2026,4,19,1,Hồ Chí Minh,Xã Hòa Hiệp,10.7080104,107.4954911,57.0,Moderate,1,26.3,81,0.0,6.3,103,1001.1,78,10.6,13.5,176.0,4.8,81.0,1.1
2026-04-19 02:00:00,2026,4,19,2,Hồ Chí Minh,Xã Hòa Hiệp,10.7080104,107.4954911,57.0,Moderate,1,25.9,89,0.1,3.3,139,1000.6,85,10.6,13.5,176.0,4.8,81.0,1.1
2026-04-19 03:00:00,2026,4,19,3,Hồ Chí Minh,Xã Hòa Hiệp,10.7080104,107.4954911,57.0,Moderate,1,25.6,91,0.1,2.3,141,1000.2,89,10.6,13.5,176.0,4.8,81.0,1.1
2026-04-19 04:00:00,2026,4,19,4,Hồ Chí Minh,Xã Hòa Hiệp,10.7080104,107.4954911,57.0,Moderate,1,25.5,91,0.1,1.8,143,1000.1,94,10.6,13.5,176.0,4.8,81.0,1.1
2026-04-19 05:00:00,2026,4,19,5,Hồ Chí Minh,Xã Hòa Hiệp,10.7080104,107.4954911,57.0,Moderate,1,25.6,91,0.0,2.6,124,1000.5,91,10.6,13.5,176.0,4.8,81.0,1.1
2026-04-19 06:00:00,2026,4,19,6,Hồ Chí Minh,Xã Hòa Hiệp,10.7080104,107.4954911,57.0,Moderate,1,25.9,89,0.0,4.2,110,1001.1,88,10.6,13.5,176.0,4.8,81.0,1.1
2026-04-19 07:00:00,2026,4,19,7,Hồ Chí Minh,Xã Hòa Hiệp,10.7080104,107.4954911,57.0,Moderate,1,26.4,86,0.0,6.4,106,1001.7,85,10.6,13.5,176.0,4.8,81.0,1.1
2026-04-19 08:00:00,2026,4,19,8,Hồ Chí Minh,Xã Hòa Hiệp,10.7080104,107.4954911,57.0,Moderate,1,27.5,80,0.0,9.6,103,1002.0,83,10.6,13.5,176.0,4.8,81.0,1.1
2026-04-19 09:00:00,2026,4,19,9,Hồ Chí Minh,Xã Hòa Hiệp,10.7080104,107.4954911,57.0,Moderate,1,28.9,72,0.0,13.2,101,1002.1,80,10.6,13.5,176.0,4.8,81.0,1.1
2026-04-19 10:00:00,2026,4,19,10,Hồ Chí Minh,Xã Hòa Hiệp,10.7080104,107.4954911,57.0,Moderate,1,30.2,65,0.0,15.8,102,1002.0,78,10.6,13.5,176.0,4.8,81.0,1.1
2026-04-19 11:00:00,2026,4,19,11,Hồ Chí Minh,Xã Hòa Hiệp,10.7080104,107.4954911,57.0,Moderate,1,31.2,60,0.0,16.5,106,1001.4,85,10.6,13.5,176.0,4.8,81.0,1.1
2026-04-19 12:00:00,2026,4,19,12,Hồ Chí Minh,Xã Hòa Hiệp,10.7080104,107.4954911,57.0,Moderate,1,32.1,56,0.0,16.3,115,1000.5,93,10.6,13.5,176.0,4.8,81.0,1.1
2026-04-19 13:00:00,2026,4,19,13,Hồ Chí Minh,Xã Hòa Hiệp,10.7080104,107.4954911,57.0,Moderate,1,32.5,54,0.0,16.3,121,999.8,100,10.6,13.5,176.0,4.8,81.0,1.1
2026-04-19 14:00:00,2026,4,19,14,Hồ Chí Minh,Xã Hòa Hiệp,10.7080104,107.4954911,57.0,Moderate,1,32.2,53,0.0,16.9,124,999.1,80,10.6,13.5,176.0,4.8,81.0,1.1
2026-04-19 15:00:00,2026,4,19,15,Hồ Chí Minh,Xã Hòa Hiệp,10.7080104,107.4954911,57.0,Moderate,1,31.5,54,0.0,17.6,125,998.5,61,10.6,13.5,176.0,4.8,81.0,1.1
2026-04-19 16:00:00,2026,4,19,16,Hồ Chí Minh,Xã Hòa Hiệp,10.7080104,107.4954911,57.0,Moderate,1,30.6,56,0.0,17.3,126,998.3,41,10.6,13.5,176.0,4.8,81.0,1.1
2026-04-19 17:00:00,2026,4,19,17,Hồ Chí Minh,Xã Hòa Hiệp,10.7080104,107.4954911,57.0,Moderate,1,29.5,59,0.0,15.2,126,998.7,41,10.6,13.5,176.0,4.8,81.0,1.1
2026-04-19 18:00:00,2026,4,19,18,Hồ Chí Minh,Xã Hòa Hiệp,10.7080104,107.4954911,57.0,Moderate,1,28.2,63,0.0,12.2,124,999.3,40,10.6,13.5,176.0,4.8,81.0,1.1
2026-04-19 19:00:00,2026,4,19,19,Hồ Chí Minh,Xã Hòa Hiệp,10.7080104,107.4954911,57.0,Moderate,1,27.1,67,0.0,9.4,122,1000.1,40,10.6,13.5,176.0,4.8,81.0,1.1
2026-04-19 20:00:00,2026,4,19,20,Hồ Chí Minh,Xã Hòa Hiệp,10.7080104,107.4954911,57.0,Moderate,1,26.4,70,0.0,7.4,119,1000.9,56,10.6,13.5,176.0,4.8,81.0,1.1
2026-04-19 21:00:00,2026,4,19,21,Hồ Chí Minh,Xã Hòa Hiệp,10.7080104,107.4954911,57.0,Moderate,1,26.1,73,0.0,6.0,107,1001.5,72,10.6,13.5,176.0,4.8,81.0,1.1
2026-04-19 22:00:00,2026,4,19,22,Hồ Chí Minh,Xã Hòa Hiệp,10.7080104,107.4954911,57.0,Moderate,1,25.8,76,0.0,5.1,98,1002.0,88,10.6,13.5,176.0,4.8,81.0,1.1
2026-04-19 23:00:00,2026,4,19,23,Hồ Chí Minh,Xã Hòa Hiệp,10.7080104,107.4954911,57.0,Moderate,1,25.6,78,0.0,4.7,90,1001.9,92,10.6,13.5,176.0,4.8,81.0,1.1
2026-04-20 00:00:00,2026,4,20,0,Hồ Chí Minh,Xã Hòa Hiệp,10.7080104,107.4954911,57.0,Moderate,1,25.4,79,0.0,5.1,86,1001.5,96,10.6,13.5,176.0,4.8,81.0,1.1
2026-04-20 01:00:00,2026,4,20,1,Hồ Chí Minh,Xã Hòa Hiệp,10.7080104,107.4954911,57.0,Moderate,1,25.3,80,0.0,5.1,86,1001.1,100,10.6,13.5,176.0,4.8,81.0,1.1
2026-04-20 02:00:00,2026,4,20,2,Hồ Chí Minh,Xã Hòa Hiệp,10.7080104,107.4954911,57.0,Moderate,1,25.1,81,0.0,4.7,86,1000.8,98,10.6,13.5,176.0,4.8,81.0,1.1
2026-04-20 03:00:00,2026,4,20,3,Hồ Chí Minh,Xã Hòa Hiệp,10.7080104,107.4954911,57.0,Moderate,1,24.9,83,0.0,4.7,90,1000.5,97,10.6,13.5,176.0,4.8,81.0,1.1
2026-04-20 04:00:00,2026,4,20,4,Hồ Chí Minh,Xã Hòa Hiệp,10.7080104,107.4954911,57.0,Moderate,1,24.8,83,0.0,4.7,90,1000.4,95,10.6,13.5,176.0,4.8,81.0,1.1
2026-04-20 05:00:00,2026,4,20,5,Hồ Chí Minh,Xã Hòa Hiệp,10.7080104,107.4954911,57.0,Moderate,1,25.0,83,0.0,5.4,82,1000.8,94,10.6,13.5,176.0,4.8,81.0,1.1
2026-04-20 06:00:00,2026,4,20,6,Hồ Chí Minh,Xã Hòa Hiệp,10.7080104,107.4954911,57.0,Moderate,1,25.4,82,0.0,6.6,81,1001.4,94,10.6,13.5,176.0,4.8,81.0,1.1
2026-04-20 07:00:00,2026,4,20,7,Hồ Chí Minh,Xã Hòa Hiệp,10.7080104,107.4954911,57.0,Moderate,1,26.1,79,0.0,8.0,82,1001.9,93,10.6,13.5,176.0,4.8,81.0,1.1
2026-04-20 08:00:00,2026,4,20,8,Hồ Chí Minh,Xã Hòa Hiệp,10.7080104,107.4954911,57.0,Moderate,1,27.4,73,0.0,10.5,94,1002.4,86,10.6,13.5,176.0,4.8,81.0,1.1
2026-04-20 09:00:00,2026,4,20,9,Hồ Chí Minh,Xã Hòa Hiệp,10.7080104,107.4954911,57.0,Moderate,1,29.1,65,0.0,13.8,105,1002.6,78,10.6,13.5,176.0,4.8,81.0,1.1
2026-04-20 10:00:00,2026,4,20,10,Hồ Chí Minh,Xã Hòa Hiệp,10.7080104,107.4954911,57.0,Moderate,1,30.5,59,0.0,16.2,111,1002.7,71,10.6,13.5,176.0,4.8,81.0,1.1
2026-04-20 11:00:00,2026,4,20,11,Hồ Chí Minh,Xã Hòa Hiệp,10.7080104,107.4954911,57.0,Moderate,1,31.5,55,0.0,16.7,115,1002.2,69,10.6,13.5,176.0,4.8,81.0,1.1
2026-04-20 12:00:00,2026,4,20,12,Hồ Chí Minh,Xã Hòa Hiệp,10.7080104,107.4954911,57.0,Moderate,1,32.3,52,0.0,15.8,120,1001.5,68,10.6,13.5,176.0,4.8,81.0,1.1
2026-04-20 13:00:00,2026,4,20,13,Hồ Chí Minh,Xã Hòa Hiệp,10.7080104,107.4954911,57.0,Moderate,1,32.7,50,0.0,15.3,124,1000.7,66,10.6,13.5,176.0,4.8,81.0,1.1
2026-04-20 14:00:00,2026,4,20,14,Hồ Chí Minh,Xã Hòa Hiệp,10.7080104,107.4954911,57.0,Moderate,1,32.5,50,0.0,15.3,129,1000.0,59,10.6,13.5,176.0,4.8,81.0,1.1
2026-04-20 15:00:00,2026,4,20,15,Hồ Chí Minh,Xã Hòa Hiệp,10.7080104,107.4954911,57.0,Moderate,1,31.8,51,0.0,15.8,133,999.1,52,10.6,13.5,176.0,4.8,81.0,1.1
2026-04-20 16:00:00,2026,4,20,16,Hồ Chí Minh,Xã Hòa Hiệp,10.7080104,107.4954911,57.0,Moderate,1,30.9,54,0.0,15.3,135,998.7,45,10.6,13.5,176.0,4.8,81.0,1.1
2026-04-20 17:00:00,2026,4,20,17,Hồ Chí Minh,Xã Hòa Hiệp,10.7080104,107.4954911,57.0,Moderate,1,29.7,59,0.0,13.2,133,999.0,34,10.6,13.5,176.0,4.8,81.0,1.1
2026-04-20 18:00:00,2026,4,20,18,Hồ Chí Minh,Xã Hòa Hiệp,10.7080104,107.4954911,57.0,Moderate,1,28.2,65,0.0,10.8,127,999.5,23,10.6,13.5,176.0,4.8,81.0,1.1
2026-04-20 19:00:00,2026,4,20,19,Hồ Chí Minh,Xã Hòa Hiệp,10.7080104,107.4954911,57.0,Moderate,1,27.0,70,0.0,8.7,120,1000.2,12,10.6,13.5,176.0,4.8,81.0,1.1
2026-04-20 20:00:00,2026,4,20,20,Hồ Chí Minh,Xã Hòa Hiệp,10.7080104,107.4954911,57.0,Moderate,1,26.4,73,0.0,7.4,113,1000.8,30,10.6,13.5,176.0,4.8,81.0,1.1
2026-04-20 21:00:00,2026,4,20,21,Hồ Chí Minh,Xã Hòa Hiệp,10.7080104,107.4954911,57.0,Moderate,1,26.1,76,0.0,6.4,106,1001.4,47,10.6,13.5,176.0,4.8,81.0,1.1
2026-04-20 22:00:00,2026,4,20,22,Hồ Chí Minh,Xã Hòa Hiệp,10.7080104,107.4954911,57.0,Moderate,1,25.8,78,0.0,5.5,101,1001.6,65,10.6,13.5,176.0,4.8,81.0,1.1
2026-04-20 23:00:00,2026,4,20,23,Hồ Chí Minh,Xã Hòa Hiệp,10.7080104,107.4954911,57.0,Moderate,1,25.6,80,0.0,4.7,99,1001.5,69,10.6,13.5,176.0,4.8,81.0,1.1
